0.0
0.0
-0.0027366241537912367
-0.010919866120389194
0.0
0.0
0.0
0.0
-0.009274023926282668
0.0
-0.0027366241537912367
-0.008183241966597957
0.0
0.0
0.0
0.0
-0.009274023926282668
0.0
-0.0027366241537912367
-0.023582610981631884
-0.023582610981631884
-0.015399369015033925
0.0
-0.0003354969396093193
-0.009274023926282668
0.4787574519388989
0.4760208277851077
0.46130018604601825
0.47636405812144283
0.4784219549992896
0.4787574519388989
-0.015734865954643244
0.4664097197543087
0.4787574519388989
0.49682410322235115
0.4825221202887016
0.47433887832210364
-0.003073708258307466
0.9886271877933157
0.4784219549992896
0.41196605097460376
0.49520534941290106
0.4080968837590917
-0.03704371305641192
-0.012538619929839293
0.47139155261210425
0.4744652608704117
0.4784219549992896
0.3919609450056326
-0.059448089568005694
-0.09018217391211686
-0.027769689130129255
-0.012874116869448612
0.41629884100733994
0.41663433794694926
0.4784219549992896
0.3876055670423913
-0.06872211349428836
0.39961926907857465
0.41470362541695605
0.40612089781644917
0.9186197307563397
0.9107911589008821
0.4233292433945252
0.3876055670423913
0.42543470745964446
0.46834138257286295
-0.07985268117088568
0.4115248042386587
0.4913774854095444
0.9658838705056464
0.8998111565433891
0.8971617570113581
0.38655703858342305
-0.039844325904502695
0.4773485978861115
0.47137237944057325
-0.008183241966597957
-0.004754863597150193
0.8950562929462388
0.9893621703668338
-0.1119551603337511
0.4610575424220203
0.4821034614832617
-0.02181264385612196
-0.012538619929839293
-0.004355377963241336
-0.027918815773342237
0.9937175483300752
0.4821034614832617
0.46888611427747795
-0.019754746978275263
-0.02181264385612196
-0.017457265892880623
-0.009274023926282668
-0.023563437810100903
0.4856380820477255
0.47636405812144283
0.4818106759342496
0.4678375858185097
0.4705742099723009
0.48597357898733484
0.47669955506105216
0.4691479310730069
-0.008183241966597957
0.0
-0.009609520865891986
-0.011255363059998512
-0.015734865954643244
-0.0003354969396093193
-0.008518738906207276
-0.009609520865891986
-0.008183241966597957
0.0
-0.009274023926282668
-0.008183241966597957
-0.0027366241537912367
0.0
-0.008183241966597957
0.0
-0.008183241966597957
-0.008183241966597957
-0.008183241966597957
-0.008183241966597957
-0.0027366241537912367
-0.0027366241537912367
-0.008183241966597957
-0.008183241966597957
0.0
0.0
-0.0014580676294803912
-0.008776400224531354
0.0
0.0
0.0
0.0
-0.0025805346268969907
0.0
-0.0014580676294803912
-0.007318332595050963
0.0
0.0
0.0
0.0
-0.0025805346268969907
0.0
-0.0014580676294803912
-0.008004843127042754
-0.008004843127042754
-0.0006865105319917919
0.0
-0.004932407796076119
-0.0025805346268969907
-0.022692836690567122
-0.024150904320047514
-0.03259170391251508
-0.0368376011765994
-0.02762524448664324
-0.022692836690567122
-0.005618918328067911
-0.025928930729167392
-0.022692836690567122
-0.0017371073515664252
-0.009215833969858494
-0.016534166564909455
-0.0006555594117032808
-0.03131322185782861
-0.02762524448664324
-0.014175284446856846
-0.0010473321351821031
-0.01298358516829217
-0.010956253051417524
-0.008086625008147032
-0.011981913914601624
-0.011326354502898341
-0.02762524448664324
-0.01619474325050191
-0.006646484386183691
-0.01259181244481335
-0.008375718424520534
-0.013019032804223151
-0.017860105887689246
-0.012927698091613126
-0.02762524448664324
-0.016963035663597976
-0.009227019013080682
-0.03536643101648475
-0.030672269348404085
-0.041317757711450104
-0.03018301665739405
-0.034934024250188454
-0.03350343645973086
-0.016963035663597976
-0.03123334517165601
-0.026139412003404066
-0.01199309895782381
-0.01959047127496081
-0.007597372317136997
-0.029055832277100832
-0.03645749439716524
-0.03828285129018152
-0.0379220296869912
-0.010809068652816854
-0.014273355125125113
-0.00961683112078206
-0.007318332595050963
-0.004095448181091125
-0.04055294257825637
-0.023053658293757433
-0.016683995941511945
-0.015261250484499656
-0.010177906944033987
-0.010667159635044023
-0.008086625008147032
-0.0007682924130960691
-0.011138218333958387
-0.022285365880661365
-0.010177906944033987
-0.01051024289170525
-0.001454802945087861
-0.010667159635044023
-0.009898867221947954
-0.0025805346268969907
-0.010369925920862317
-0.03425706654970241
-0.0368376011765994
-0.03097733621102883
-0.031469236915098474
-0.030011169285618082
-0.029324658753626293
-0.031905193380523285
-0.03020577911354023
-0.007318332595050963
0.0
-0.0075129424229731095
-0.013708808020607473
-0.005618918328067911
-0.004932407796076119
-0.012250740391127082
-0.0075129424229731095
-0.007318332595050963
0.0
-0.0025805346268969907
-0.007318332595050963
-0.0014580676294803912
0.0
-0.007318332595050963
0.0
-0.007318332595050963
-0.007318332595050963
-0.007318332595050963
-0.007318332595050963
-0.0014580676294803912
-0.0014580676294803912
-0.007318332595050963
-0.007318332595050963
0.0
0.0
-0.0026482555924468164
-0.0027989000618061535
0.0
0.0
0.0
0.0
-0.0016408040056558662
0.0
-0.0026482555924468164
-0.00015064446935933725
0.0
0.0
0.0
0.0
-0.0016408040056558662
0.0
-0.0026482555924468164
-0.00996365311048384
-0.00996365311048384
-0.009813008641124502
0.0
-0.00278482979193809
-0.0016408040056558662
-0.015215240020294712
-0.017863495612741528
-0.017006688495309917
-0.009978509646123504
-0.018000069812232802
-0.015215240020294712
-0.012597838433062593
-0.030307171850989544
-0.015215240020294712
-0.003984155237816165
-0.02649823276150263
-0.026648877230861966
-0.013451127825038964
-0.01637510940884453
-0.018000069812232802
-0.03609715559034734
-0.00862147113886971
-0.020228570528901466
-0.029476206027270586
-0.007436215962859698
-0.02873787876585059
-0.015286750940811623
-0.018000069812232802
-0.04041102850148464
-0.010289738374292132
-0.02505822721507072
-0.02783540202161472
-0.010221045754797788
-0.031742045646642354
-0.028957215854704267
-0.018000069812232802
-0.047696599994985
-0.011930542379947997
-0.037746030087741286
-0.020005842664599642
-0.0197230642328255
-0.01405617081646863
-0.03435944723387448
-0.02100423669302457
-0.047696599994985
-0.01733277375911821
-0.025815487707793294
-0.014170188384295955
-0.01565673249902464
-0.0014865441147286858
-0.03135528035308271
-0.04010513707457019
-0.04328582273303071
-0.04447736023528549
-0.028906208926645832
-0.009979496712751433
-0.005800417025865988
-0.00015064446935933725
-0.006852148592366882
-0.04695728566693707
-0.014023702518039917
-0.04636070034961565
-0.04153665625920621
-0.003127348120384552
-0.009077019968515565
-0.007436215962859698
-0.007285571493500361
-0.040186686343968804
-0.0067381310245395575
-0.003127348120384552
-0.021233379841800366
-0.017098580134624862
-0.009077019968515565
-0.0017914484750152036
-0.0016408040056558662
-0.03290111485046844
-0.008337705640467636
-0.009978509646123504
-0.012476120769210983
-0.018014140082100866
-0.01536588448965405
-0.005552875848529547
-0.007193679854185413
-0.01964087381788867
-0.00015064446935933725
0.0
-0.004425633797593956
-0.005583729853744244
-0.012597838433062593
-0.00278482979193809
-0.0029354742612974273
-0.004425633797593956
-0.00015064446935933725
0.0
-0.0016408040056558662
-0.00015064446935933725
-0.0026482555924468164
0.0
-0.00015064446935933725
0.0
-0.00015064446935933725
-0.00015064446935933725
-0.00015064446935933725
-0.00015064446935933725
-0.0026482555924468164
-0.0026482555924468164
-0.00015064446935933725
-0.00015064446935933725
0.0
0.0
-0.014966326336944653
0.47638774766470304
0.0
0.0
0.0
0.0
-0.02844723265108867
0.0
-0.014966326336944653
0.4913540740016477
0.0
0.0
0.0
0.0
-0.02844723265108867
0.0
-0.014966326336944653
0.48958101218308
0.48958101218308
-0.0017730618185677267
0.0
-0.0010176977246897896
-0.02844723265108867
-0.002232057004020443
-0.017198383340965094
0.4606747843465386
0.4614301484404165
-0.0032497547287102324
-0.002232057004020443
-0.0027907595432575165
-0.1595186559897422
-0.002232057004020443
-0.07288176272733161
-0.30270863623793864
0.18864543776370904
-0.12883936633463308
-0.1648726100710866
-0.0032497547287102324
-0.40445748453375135
-0.14440433952752713
-0.3733607107373319
-0.34833410550080535
0.4048651708645076
-0.39679388687352063
-0.2679545205388875
-0.0032497547287102324
-0.507998390187005
-0.16849080970565794
-0.35779573754443783
-0.31988687284971673
0.4038474731398177
-0.47879579344203843
-0.47777809571734864
-0.0032497547287102324
-0.5944872933241452
-0.1969380423567466
-0.4447436358670307
-0.2724907105443643
0.19987178582386642
-0.24391724379761112
-0.47823709090280137
-0.08525166129722801
-0.5944872933241452
-0.19739703754219934
-0.24780559351028414
-0.29102329299232854
0.14241534461893215
0.4334386376112607
-0.39623518433428356
-0.37554736967550173
-0.5931732266910302
-0.4505419489820708
-0.3812743117464772
0.29951092418961495
0.3298977319580071
0.4913540740016477
-0.10548048077055713
-0.4810278504460589
-0.14486333471297985
-0.5365718569337582
0.09589049921341797
0.40499140496017205
0.37641793821341885
0.4048651708645076
-0.08648890313714017
-0.32359950978558794
-0.058374431575839686
0.40499140496017205
0.33021034631860813
-0.08826196495570789
0.37641793821341885
0.46290684135055904
-0.02844723265108867
-0.23711060664844774
0.4898773810915052
0.4614301484404165
-0.04489025189817583
0.4741556906606826
0.48912201699762725
0.490895078816195
0.4624478461651063
-0.031696987379798904
0.4913540740016477
0.0
-0.029464930375778457
0.47537004994001325
-0.0027907595432575165
-0.0010176977246897896
0.4903363762769579
-0.029464930375778457
0.4913540740016477
0.0
-0.02844723265108867
0.4913540740016477
-0.014966326336944653
0.0
0.4913540740016477
0.0
0.4913540740016477
0.4913540740016477
0.4913540740016477
0.4913540740016477
-0.014966326336944653
-0.014966326336944653
0.4913540740016477
0.4913540740016477
0.0
0.0
-0.026124206671126558
-0.04685777359844931
0.0
0.0
0.0
0.0
-0.0012917172663132952
0.0
-0.026124206671126558
-0.020733566927322748
0.0
0.0
0.0
0.0
-0.0012917172663132952
0.0
-0.026124206671126558
-0.023067029269139196
-0.023067029269139196
-0.0023334623418164477
0.0
-0.00036630766262918813
-0.0012917172663132952
-0.002868064186353018
-0.028992270857479577
-0.02489334837998906
-0.0229261937008018
-0.0032343718489822064
-0.002868064186353018
-0.002699770004445636
-0.006881200674639942
-0.002868064186353018
-0.03683984723894935
0.4783172380670216
0.45758367113969883
-0.002721419221973628
-0.024268095095004674
-0.0032343718489822064
-0.04057065665630543
0.48269668221793766
0.4398940994967722
0.4845030920894819
0.4726787558584377
-0.030984699017804224
-0.028263279795830595
-0.0032343718489822064
-0.045100443201667915
0.48255545054739735
-0.04552400194313912
0.48579480935579517
0.47231244819580853
-0.041841571256167366
-0.041475263593538175
-0.0032343718489822064
0.4483118795840926
0.48126373328108407
0.4473537189980848
0.47749106215749826
-0.049306372575601075
-0.026636901196084993
-0.042009865438074744
-0.014091244087345342
0.4483118795840926
0.4807291314365475
-0.033910014282999244
-0.02803820380374176
-0.059487411298887294
-0.03144920749514554
-0.03115299319971161
-0.03205809042250425
0.4501107400813724
-0.034919404478381696
-0.047318674724792106
-0.04539246978147496
-0.03597899404050803
-0.020733566927322748
-0.012651545020016126
-0.04470963544252038
0.4821620803734011
0.4590275201519154
0.4181324820356822
-0.03274092476145884
0.47138703859212444
0.4726787558584377
0.49341232278576047
0.47533958853932506
-0.01125024241235936
-0.03274092476145884
0.43350544627767196
0.491078860443944
0.47138703859212444
-0.022025284193636044
-0.0012917172663132952
-0.01807273424643539
-0.021634476434488507
-0.0229261937008018
-0.02831683344460561
-0.04972583778480232
-0.023601631113675768
-0.02126816877185932
-0.022559886038172612
-0.004526089115295501
-0.020733566927322748
0.0
-0.0016580249289424834
-0.0472240812610785
-0.002699770004445636
-0.00036630766262918813
-0.021099874589951936
-0.0016580249289424834
-0.020733566927322748
0.0
-0.0012917172663132952
-0.020733566927322748
-0.026124206671126558
0.0
-0.020733566927322748
0.0
-0.020733566927322748
-0.020733566927322748
-0.020733566927322748
-0.020733566927322748
-0.026124206671126558
-0.026124206671126558
-0.020733566927322748
-0.020733566927322748
0.0
0.0
-0.002583729434792367
-0.004169880387078901
0.0
0.0
0.0
0.0
-0.1338851633700443
0.0
-0.002583729434792367
-0.0015861509522865338
0.0
0.0
0.0
0.0
-0.1338851633700443
0.0
-0.002583729434792367
-0.02758894208023625
-0.02758894208023625
-0.026002791127949718
0.0
-0.0016469136422954484
-0.1338851633700443
-0.03637278707497747
-0.03895651650976984
-0.1718441013973083
-0.14748822391165403
-0.038019700717272925
-0.03637278707497747
-0.027649704770245167
-0.18251833938196954
-0.03637278707497747
-0.00462197278514763
-0.16333258586524907
-0.1649187368175356
-0.012260388936947775
-0.02754937005266913
-0.038019700717272925
-0.24333923735201196
-0.01554011991596153
-0.21865578111587128
-0.17228267745624265
-0.015088027517892802
-0.040428097983937976
-0.028167709046990206
-0.038019700717272925
-0.2543275722933608
-0.0691603100193305
-0.2153760501368575
-0.03839751408619833
-0.01673494116018825
-0.09608653143766223
-0.09443961779536678
-0.038019700717272925
-0.2678294488589671
-0.20304547338937481
-0.23924792264949155
-0.09051864090770709
-0.09209713240737802
-0.07905500769245609
-0.10480961374239453
-0.09367813417099716
-0.2678294488589671
-0.21341546933640257
-0.03620244926011673
-0.08014098550806373
-0.08376537981070553
-0.0036243943026417974
-0.049151180288670285
-0.11896510139964904
-0.2521966536780451
-0.2626593248900333
-0.17321183379612393
-0.15100377478567675
-0.01461272924399063
-0.0015861509522865338
-0.01349421711299066
-0.1324593185126397
-0.02591011586298929
-0.2657912055086118
-0.07146739748092859
-0.1375095576726861
-0.14897319088793712
-0.015088027517892802
-0.013501876565606268
-0.06690618738578986
-0.012408239297383019
-0.1375095576726861
-0.04571279143099015
-0.039504667693555984
-0.14897319088793712
-0.13547131432233084
-0.1338851633700443
-0.0534043108201836
-0.01360306054160974
-0.14748822391165403
-0.14848580239415987
-0.04054266746205637
-0.03795893802726401
-0.01195614689931429
-0.1458413102693586
-0.17190486408731723
-0.0015861509522865338
0.0
-0.13553207701233974
-0.0058167940293743494
-0.027649704770245167
-0.0016469136422954484
-0.0032330645945819825
-0.13553207701233974
-0.0015861509522865338
0.0
-0.1338851633700443
-0.0015861509522865338
-0.002583729434792367
0.0
-0.0015861509522865338
0.0
-0.0015861509522865338
-0.0015861509522865338
-0.0015861509522865338
-0.0015861509522865338
-0.002583729434792367
-0.002583729434792367
-0.0015861509522865338
-0.0015861509522865338
0.0
0.0
-0.008490750151846383
-0.03306247878257494
0.0
0.0
0.0
0.0
-0.0005150315825717677
0.0
-0.008490750151846383
-0.02457172863072856
0.0
0.0
0.0
0.0
-0.0005150315825717677
0.0
-0.008490750151846383
-0.025480256080489795
-0.025480256080489795
-0.000908527449761233
0.0
0.4917006765299944
-0.0005150315825717677
-0.0018335802843739161
-0.010324330436220299
-0.026920340497674246
0.4656888634820814
0.48986709624562047
-0.0018335802843739161
0.49079214908023316
-0.00483258780509622
-0.0018335802843739161
-0.011243907809701019
0.4519729478324834
0.42740121920175483
-0.0024839759381505354
0.4809794511605249
0.48986709624562047
-0.01648064052178411
-0.036728721176788694
-0.05007970210597998
0.45315783931200865
-0.058547292149662616
0.4778522618786576
0.4803362378168082
0.48986709624562047
-0.01804890670011351
-0.03675249653537779
-0.015834956867341828
0.4536728708945804
0.4331533843803318
0.4750753288622139
-0.016625347667780507
0.48986709624562047
-0.05202447021904756
-0.03726752811794956
-0.050735573220888563
-0.03924581554831988
-0.03688499553711658
-0.00802340968724046
-0.01755040050239319
0.4870901632291767
-0.05202447021904756
-0.03819258095256224
-0.013468045102939
-0.011388214071775336
-0.038713100360358535
-0.0273248862885832
-0.01477346748594945
0.48028476345484217
-0.05204099560389901
-0.016220801876871555
-0.020101038727900283
-0.03488293274815716
-0.028893152466912597
-0.02457172863072856
-0.007043014877002196
0.47324174857783996
-0.037653774011401374
-0.04927131256119292
-0.0802267182242776
-0.027839917871154966
-0.059062323732234384
-0.058547292149662616
-0.033975563518934056
0.4472895947461464
-0.0036782104924673194
-0.027839917871154966
-0.07069972740912486
-0.03488409096869529
-0.059062323732234384
-0.02508676021330033
-0.0005150315825717677
0.48126515826508043
0.46620389506465315
0.4656888634820814
0.48176984196096356
-0.034896059066948856
-0.02640530891510248
-0.025496781465341244
-0.026011813047913012
0.4893520646630487
-0.02457172863072856
0.0
0.4911856449474226
0.45863819774741943
0.49079214908023316
0.4917006765299944
0.46712894789926585
0.4911856449474226
-0.02457172863072856
0.0
-0.0005150315825717677
-0.02457172863072856
-0.008490750151846383
0.0
-0.02457172863072856
0.0
-0.02457172863072856
-0.02457172863072856
-0.02457172863072856
-0.02457172863072856
-0.008490750151846383
-0.008490750151846383
-0.02457172863072856
-0.02457172863072856
0.0
0.0
-0.008819009170350839
-0.16127720730396997
0.0
0.0
0.0
0.0
-0.0009940723153887374
0.0
-0.008819009170350839
-0.15245819813361913
0.0
0.0
0.0
0.0
-0.0009940723153887374
0.0
-0.008819009170350839
-0.16043092246692942
-0.16043092246692942
-0.007972724333310277
0.0
-0.04578884082013793
-0.0009940723153887374
-0.0084958607465183
-0.017314869916869136
-0.16194813119552617
-0.19976424768235382
-0.05428470156665623
-0.0084958607465183
-0.0537615651534482
-0.023476458214705176
-0.0084958607465183
-0.012525366246544902
-0.07457146090269037
-0.2270296590363095
-0.013986525152798138
-0.06060936559275619
-0.05428470156665623
-0.0386851199207504
-0.013802022614365566
-0.02628263095792769
-0.07209822092447585
-0.16255386367179064
-0.07530587143032584
-0.061319346277527706
-0.05428470156665623
-0.039918237018729937
-0.011530075298014515
-0.026467133496360266
-0.0711041486090871
-0.20834270449192857
-0.07674028119016885
-0.030951440370030926
-0.05428470156665623
-0.05001390255690144
-0.012524147613403253
-0.03708593544773979
-0.013286328809202073
-0.1662398926878659
-0.006897020347224633
-0.03147457678323895
-0.05571911132649924
-0.05001390255690144
-0.013047284026611273
-0.024561787834336535
-0.013258558141038726
-0.16942311335085192
-0.1561645552098132
-0.030040167023395934
-0.07464511065347097
-0.04256431463679919
-0.0367350163557439
-0.03562375501973342
-0.1677496588084181
-0.15739767230779272
-0.15245819813361913
-0.010591031283216177
-0.08523614193668715
-0.014325159027573586
-0.04630754548070738
-0.20762951068766014
-0.15715862752520193
-0.16354793598717937
-0.16255386367179064
-0.010095665538171502
-0.08843478712763402
-0.004229493489402084
-0.15715862752520193
-0.1830519542516458
-0.01806838987148178
-0.16354793598717937
-0.15345227044900786
-0.0009940723153887374
-0.07833912158946252
-0.1987701753669651
-0.19976424768235382
-0.056125058719085526
-0.16977306805048828
-0.16095405888013745
-0.15298133454682716
-0.1539754068622159
-0.05527877388204496
-0.15245819813361913
0.0
-0.04678291313552666
-0.2070660481241079
-0.0537615651534482
-0.04578884082013793
-0.19824703895375706
-0.04678291313552666
-0.15245819813361913
0.0
-0.0009940723153887374
-0.15245819813361913
-0.008819009170350839
0.0
-0.15245819813361913
0.0
-0.15245819813361913
-0.15245819813361913
-0.15245819813361913
-0.15245819813361913
-0.008819009170350839
-0.008819009170350839
-0.15245819813361913
-0.15245819813361913
0.0
0.0
0.49244610868150707
0.48769832701820004
0.0
0.0
0.0
0.0
-0.05703024025014359
0.0
0.49244610868150707
-0.004747781663307046
0.0
0.0
0.0
0.0
-0.05703024025014359
0.0
0.49244610868150707
-0.011576950105734313
-0.011576950105734313
-0.006829168442427266
0.0
-0.0005228383478623025
-0.05703024025014359
-0.03494214844463971
0.45750396023686735
-0.09672017035809034
-0.09041384026352538
-0.03546498679250201
-0.03494214844463971
-0.0073520067902895685
-0.10542956013102879
-0.03494214844463971
0.4914693594248621
-0.10803064060749147
-0.11277842227079851
-0.013457171436245493
-0.038686941388508894
-0.03546498679250201
-0.10321809147716936
-0.03702039057324009
0.38121682942330326
-0.10838215147574772
-0.040791422979902126
-0.025359392947443198
-0.011902221511197707
-0.03546498679250201
-0.10454635160207063
-0.051894029626513946
0.40478004856029787
-0.05135191122560413
-0.041314261327764425
-0.04120978125736206
-0.040686942909499764
-0.03546498679250201
-0.1405899929186657
-0.10892426987665753
0.3406234272414903
-0.08133526975362765
-0.05911378388212875
-0.04626837769367757
-0.0687999229117122
-0.051315375102420874
-0.1405899929186657
-0.13703724987886998
0.44954769711814785
-0.026253022216609263
-0.03197755313656132
-0.005724530919952052
-0.052949534601793344
-0.06707755592021263
-0.16187380447845087
-0.13168258234763805
0.4115560630884276
-0.07182914495188478
-0.007052791044853309
-0.004747781663307046
-0.00907437378178914
-0.07615192970200177
-0.06513337057545253
-0.1396132436620207
0.421317222784498
-0.06275477117009565
-0.09782166323004571
-0.040791422979902126
-0.03604364131659508
-0.06592719332491928
-0.02908972925885745
-0.06275477117009565
0.44384876800253265
-0.04287280975902234
-0.09782166323004571
-0.06177802191345064
-0.05703024025014359
-0.0298835520083242
-0.033383600013381795
-0.09041384026352538
0.4067800500812887
0.45275617857356026
-0.03968993010794676
-0.03286076166551949
-0.08989100191566307
-0.0924952270426456
-0.004747781663307046
0.0
-0.05755307859800589
0.4871754886703377
-0.0073520067902895685
-0.0005228383478623025
-0.005270620011169349
-0.05755307859800589
-0.004747781663307046
0.0
-0.05703024025014359
-0.004747781663307046
0.49244610868150707
0.0
-0.004747781663307046
0.0
-0.004747781663307046
-0.004747781663307046
-0.004747781663307046
-0.004747781663307046
0.49244610868150707
0.49244610868150707
-0.004747781663307046
-0.004747781663307046
0.0
0.0
-0.002485098056667319
-0.006528863625667956
0.0
0.0
0.0
0.0
-0.002008009193419675
0.0
-0.002485098056667319
-0.004043765569000637
0.0
0.0
0.0
0.0
-0.002008009193419675
0.0
-0.002485098056667319
-0.012990598572435858
-0.012990598572435858
-0.008946833003435222
0.0
-0.00019019615539259395
-0.002008009193419675
-0.01318791896628603
-0.01567301702295335
-0.01923969372870634
-0.010483056880663715
-0.013378115121678625
-0.01318791896628603
-0.009137029158827817
-0.028742006840942823
-0.01318791896628603
-0.0030109036752209327
-0.027782365190203037
-0.03182613075920368
-0.013546078681237115
-0.018532733177134213
-0.013378115121678625
-0.041969591047369456
-0.012038081160153655
-0.023650419619204596
-0.031008571670226737
-0.015556041110600678
-0.031589737994097825
-0.018043659312860717
-0.013378115121678625
-0.04572160314594677
-0.01487949465198668
-0.025158417140288058
-0.029000562476807063
-0.015746237265993272
-0.03495695710448446
-0.03476676094909187
-0.013378115121678625
-0.05723387868754681
-0.016887503845406354
-0.04091177864473891
-0.0228725927134148
-0.02897972818115259
-0.011886122790368372
-0.03900784691194268
-0.016745334232065263
-0.05723387868754681
-0.021128589808257162
-0.024024274799332553
-0.020694876649301145
-0.025264447836855393
-0.0045695711875542505
-0.035640627801556045
-0.03456923063043331
-0.05252813164696239
-0.049436883490243964
-0.035366843470238614
-0.02015322582131112
-0.008321583286131563
-0.004043765569000637
-0.013575645440337195
-0.0481448760707705
-0.016279167123004465
-0.0567080730689932
-0.054635501910831136
-0.0065775803809739256
-0.017564050304020352
-0.015556041110600678
-0.011512275541600041
-0.04777102882200217
-0.0047668915814044225
-0.0065775803809739256
-0.027513777789256833
-0.020459108545035264
-0.017564050304020352
-0.006051774762420312
-0.002008009193419675
-0.03625875328040212
-0.008475047687244039
-0.010483056880663715
-0.008924389368330397
-0.019716782591953984
-0.017231684535286666
-0.008284851531851446
-0.010292860725271122
-0.015386124315098301
-0.004043765569000637
0.0
-0.002198205348812269
-0.00671905978106055
-0.009137029158827817
-0.00019019615539259395
-0.004233961724393231
-0.002198205348812269
-0.004043765569000637
0.0
-0.002008009193419675
-0.004043765569000637
-0.002485098056667319
0.0
-0.004043765569000637
0.0
-0.004043765569000637
-0.004043765569000637
-0.004043765569000637
-0.004043765569000637
-0.002485098056667319
-0.002485098056667319
-0.004043765569000637
-0.004043765569000637
0.0
0.0
-0.012408529606596247
-0.012982157621763742
0.0
0.0
0.0
0.0
0.4840770035231362
0.0
-0.012408529606596247
-0.0005736280151674952
0.0
0.0
0.0
0.0
0.4840770035231362
0.0
-0.012408529606596247
-0.0013807306123226394
-0.0013807306123226394
-0.0008071025971551442
0.0
-0.0064869910068318035
0.4840770035231362
-0.0012466994978963006
-0.013655229104492546
0.48225667601007244
0.4765767876003958
-0.0077336905047281045
-0.0012466994978963006
-0.007294093603986948
0.48151109196944847
-0.0012466994978963006
-0.019338187365839046
0.46684075325786456
0.46626712524269703
-0.0013192120557914723
-0.015204135842102173
-0.0077336905047281045
0.47314419309232114
-0.00943004720264837
0.46124170025909983
0.47330263240565484
-0.003074017458573066
-0.016551529608604995
-0.015232317552813521
-0.0077336905047281045
0.47267641448086867
-0.0030293372867447976
0.4693525354059568
-0.01077437111748135
-0.00956100846540487
-0.017080477451944222
-0.010593486445112417
-0.0077336905047281045
0.4701760250374631
0.4810476662363914
0.46641254906181007
-0.003936712798938458
-0.003357841545986796
-0.008365981114775687
-0.011033083345853572
-0.00826263834806733
0.4701760250374631
0.48060806933565026
-0.014635117174581378
-0.002344616630078144
-0.00984790240448844
-0.007503285774410296
-0.010504135502514346
-0.016979286774554105
0.47054353073387706
0.4791664753393703
0.46853359307400955
0.4752258275734395
-0.007971064385862798
-0.0005736280151674952
-0.0013478901752864137
-0.01832717694984052
-0.009869644103389528
0.47710568279670584
-0.025886409652645145
0.4765737177487259
0.48100298606456315
-0.003074017458573066
-0.002500389443405571
-0.012461585278470405
-0.007369254659983957
0.4765737177487259
-0.02321930742156726
-0.003307492040560715
0.48100298606456315
0.48350337550796874
0.4840770035231362
-0.009961195835064834
-0.007500215922740455
0.4765767876003958
0.46474188600896704
-0.014228857119660042
-0.001820327513063796
-0.0010132249159086515
0.4830637786072276
0.4763433130184081
-0.0005736280151674952
0.0
0.4775900125163044
-0.019469148628595546
-0.007294093603986948
-0.0064869910068318035
-0.007060619021999299
0.4775900125163044
-0.0005736280151674952
0.0
0.4840770035231362
-0.0005736280151674952
-0.012408529606596247
0.0
-0.0005736280151674952
0.0
-0.0005736280151674952
-0.0005736280151674952
-0.0005736280151674952
-0.0005736280151674952
-0.012408529606596247
-0.012408529606596247
-0.0005736280151674952
-0.0005736280151674952
0.0
0.0
-0.04532263319655488
-0.04665585141552874
0.0
0.0
0.0
0.0
-0.0010405020202652402
0.0
-0.04532263319655488
-0.001333218218973864
0.0
0.0
0.0
0.0
-0.0010405020202652402
0.0
-0.04532263319655488
-0.008923354643104089
-0.008923354643104089
-0.007590136424130225
0.0
-0.005172574756801633
-0.0010405020202652402
-0.02621362590882488
-0.07153625910537975
-0.028587346148063984
-0.02616978448073539
-0.031386200665626515
-0.02621362590882488
-0.012762711180931858
-0.07448235349595735
-0.02621362590882488
-0.211733799224939
-0.25059179555866434
-0.2519250137776382
-0.047228225566867225
-0.21065951603196761
-0.031386200665626515
-0.2526504538284365
-0.19715049321473024
-0.2609293780157822
-0.09166824108780959
-0.03207254540531997
-0.24675186367166957
-0.19952363810480234
-0.031386200665626515
-0.26013806538596584
-0.040667465213048606
-0.11100711036791923
-0.09062773906754434
-0.03724512016212161
-0.256680001698372
-0.2515074269415704
-0.031386200665626515
-0.29087739257231193
-0.04170796723331385
-0.16036992703895997
-0.06677856625527265
-0.05782474304998758
-0.20245040509731066
-0.2701309164262651
-0.04131433869232902
-0.29087739257231193
-0.060331456718008505
-0.11866195980564613
-0.037868035346319065
-0.20561241959367704
-0.167744384247358
-0.2602027783995626
-0.26244134184510975
-0.3019107456328764
-0.11235038884227641
-0.12153125810330391
-0.1892371720297104
-0.17523199580488738
-0.001333218218973864
-0.02045228576208719
-0.2828936276071969
-0.21577398269942488
-0.12446622654392786
-0.3190769923833436
-0.16878488626762322
-0.03311304742558521
-0.03207254540531997
-0.03073932718634611
-0.1111825496962324
-0.1850346555130788
-0.16878488626762322
-0.2513964810543892
-0.03832946361047633
-0.03311304742558521
-0.0023737202392391044
-0.0010405020202652402
-0.08044322250988628
-0.02512928246047015
-0.02616978448073539
-0.0701591994583164
-0.07286947732435362
-0.027546844127798745
-0.01995670770366852
-0.02099720972393376
-0.032426702685891755
-0.001333218218973864
0.0
-0.006213076777066873
-0.051828426172330376
-0.012762711180931858
-0.005172574756801633
-0.006505792975775497
-0.006213076777066873
-0.001333218218973864
0.0
-0.0010405020202652402
-0.001333218218973864
-0.04532263319655488
0.0
-0.001333218218973864
0.0
-0.001333218218973864
-0.001333218218973864
-0.001333218218973864
-0.001333218218973864
-0.04532263319655488
-0.04532263319655488
-0.001333218218973864
-0.001333218218973864
0.0
0.0
-0.00724698294966498
-0.024291127878655706
0.0
0.0
0.0
0.0
-0.00729606573625559
0.0
-0.00724698294966498
-0.017044144928990725
0.0
0.0
0.0
0.0
-0.00729606573625559
0.0
-0.00724698294966498
-0.017920386095916348
-0.017920386095916348
-0.0008762411669256223
0.0
-0.00022759297363114677
-0.00729606573625559
-0.0013977492641421931
-0.008644732213807172
-0.02573795992938851
-0.025089311736094033
-0.0016253422377733398
-0.0013977492641421931
-0.001103834140556769
-0.010851480111043352
-0.0013977492641421931
-0.01959953599609544
-0.10399758094046743
-0.12104172586945816
-0.002157665110645569
-0.019876093633766412
-0.0016253422377733398
0.4649077371323548
-0.09431625711993513
0.8823466444818242
0.4051962206845426
-0.0990078490024954
0.47532899793138417
0.47748666304202975
-0.0016253422377733398
0.9617489857109344
0.41240099763559557
0.9745052364911138
0.41249228642079816
-0.09923544197612655
0.9696936996404845
0.9699212926141156
-0.0016253422377733398
0.8797852816374298
0.40510493189934
0.8920200243203925
0.9087207381169586
0.9668658577449843
0.9783318891440329
0.9693997845168991
0.49273935947132685
0.8797852816374298
0.4045834238021234
0.48691509242105246
0.9844315107711916
0.9550348127957704
-0.029396697975421184
0.47503508280779877
0.9750703898928306
0.8801400147071388
0.9735800306601483
0.47336609526552526
-0.04346720322816501
0.4674445506031584
-0.017044144928990725
-0.006774439516488233
0.9682959503763423
-0.0948377652171517
0.8921378346838602
-0.12841573079265026
-0.036692763711676776
-0.10630391473875099
-0.0990078490024954
-0.08196370407350467
-0.09199964284119524
-0.01287406114364703
-0.036692763711676776
-0.11948362616551646
-0.0828399452404303
-0.10630391473875099
-0.024340210665246317
-0.00729606573625559
-0.010035938767690572
-0.017793245999838444
-0.025089311736094033
-0.015292149756768288
-0.0256888771427979
-0.01844189419313292
-0.017565653026207297
-0.024861718762462886
-0.00892140797402893
-0.017044144928990725
0.0
-0.007523658709886737
-0.024518720852286853
-0.001103834140556769
-0.00022759297363114677
-0.017271737902621872
-0.007523658709886737
-0.017044144928990725
0.0
-0.00729606573625559
-0.017044144928990725
-0.00724698294966498
0.0
-0.017044144928990725
0.0
-0.017044144928990725
-0.017044144928990725
-0.017044144928990725
-0.017044144928990725
-0.00724698294966498
-0.00724698294966498
-0.017044144928990725
-0.017044144928990725
0.0
0.0
-0.10688093545566729
-0.10879202498458157
0.0
0.0
0.0
0.0
-0.04089481581820467
0.0
-0.10688093545566729
-0.0019110895289142767
0.0
0.0
0.0
0.0
-0.04089481581820467
0.0
-0.10688093545566729
-0.15818972899634368
-0.15818972899634368
-0.1562786394674294
0.0
-0.009626034327722209
-0.04089481581820467
-0.23940426762056968
-0.346285203076237
-0.28221017296768863
-0.13555756782798145
-0.2490303019482919
-0.23940426762056968
-0.1659046737951516
0.16890456096794362
-0.23940426762056968
-0.2637243485001419
0.2085051884766405
0.20659409894772623
0.44920364440671795
0.08026819160090803
-0.2490303019482919
0.2948110609111443
-0.19017760578415055
-0.555253780993896
0.2782871598769519
-0.03524528226859016
0.525536022516603
0.07633237810988508
-0.2490303019482919
0.20774961926698102
-0.16357317503138608
0.08412746919697253
0.3191819756951566
-0.04487131659631237
0.39529704022489287
0.40492307455261506
-0.2490303019482919
0.17441542652730513
-0.20446799084959075
-0.03233235169584364
-0.3337602448286896
0.027526125508317206
-0.45726946513348843
0.3217974463994748
-0.37926928424000206
0.17441542652730513
-0.28759361900273106
0.17213563915374708
0.11256284319037177
-0.0461916593830172
-0.15875450257338894
0.452036428691185
-0.17397049452192204
0.2475684378415942
0.2814674041583154
0.544229718614928
0.13021394873465159
-0.2458159442175522
-0.0019110895289142767
0.32986326712624525
0.1558927726043232
-0.27330323393729083
0.3312588395717798
0.32381864129680166
-0.1996493183915936
-0.07614009808679484
-0.03524528226859016
-0.03333419273967588
0.5798280449981358
-0.23996904119761495
-0.1996493183915936
-0.4552482702361615
-0.1896128322071053
-0.07614009808679484
-0.04280590534711895
-0.04089481581820467
0.6131622377378116
-0.09466275200977677
-0.13555756782798145
-0.24052741375473446
-0.3481962926051513
-0.24131535714948396
-0.08503671768205456
-0.12593153350025924
-0.28992511776649654
-0.0019110895289142767
0.0
-0.05052085014592688
-0.11841805931230379
-0.1659046737951516
-0.009626034327722209
-0.011537123856636486
-0.05052085014592688
-0.0019110895289142767
0.0
-0.04089481581820467
-0.0019110895289142767
-0.10688093545566729
0.0
-0.0019110895289142767
0.0
-0.0019110895289142767
-0.0019110895289142767
-0.0019110895289142767
-0.0019110895289142767
-0.10688093545566729
-0.10688093545566729
-0.0019110895289142767
-0.0019110895289142767
0.0
0.0
-0.007881018618491968
-0.011352045135619002
0.0
0.0
0.0
0.0
-0.0061968933602440475
0.0
-0.007881018618491968
-0.0034710265171270342
0.0
0.0
0.0
0.0
-0.0061968933602440475
0.0
-0.007881018618491968
0.49241080525646197
0.49241080525646197
0.495881831773589
0.0
-0.0009757652338025958
-0.0061968933602440475
0.4950590270854286
0.48717800846693665
0.4853911072080575
-0.01146648979933408
0.494083261851626
0.4950590270854286
0.4949060665397864
0.48092731386489035
0.4950590270854286
-0.011453564870595203
-0.02741578368455401
-0.030886810201681044
-0.007934819860294205
-0.014194075466127347
0.494083261851626
0.4569309732556069
-0.012308305230213163
-0.04106297178092441
-0.02609635225114647
-0.012206785495236962
-0.023559205456956844
-0.01562438559666264
0.494083261851626
0.45467785843691116
-0.02115939873138947
-0.03668948641100546
-0.019899458890902423
-0.013182550729039559
-0.03598284521023639
-0.03500707997643379
0.494083261851626
0.44594209945880126
-0.027356292091633518
-0.046248050077275796
-0.024235318238245568
-0.02779354506932379
-0.019072105512238872
-0.03582988466459419
0.48165962209834645
0.44594209945880126
-0.028179096779793918
-0.01889175798564227
-0.023499713864036355
-0.03054328663326662
-0.007043572769230269
-0.02340624491131465
0.4678991411672533
-0.050762537002948166
0.457427600000854
-0.03308880594978703
-0.022063425421535433
-0.009296687587925966
-0.0034710265171270342
-0.008822959292061115
0.45907618187519217
-0.013131109918373563
0.4495146457109045
0.45546370225540156
-0.013240466129474316
-0.01840367885548101
-0.012206785495236962
-0.008735758978109928
0.4694125284093212
-0.004395350940263636
-0.013240466129474316
0.4722214814077569
0.4871460727954791
-0.01840367885548101
-0.009667919877371083
-0.0061968933602440475
0.4781482873874311
-0.005269596439090032
-0.01146648979933408
-0.015876481900699013
0.4837069819498096
0.49158800056830154
-0.004293831205287436
-0.010490724565531483
0.48788636849138195
-0.0034710265171270342
0.0
-0.007172658594046644
-0.012327810369421597
0.4949060665397864
-0.0009757652338025958
-0.00444679175092963
-0.007172658594046644
-0.0034710265171270342
0.0
-0.0061968933602440475
-0.0034710265171270342
-0.007881018618491968
0.0
-0.0034710265171270342
0.0
-0.0034710265171270342
-0.0034710265171270342
-0.0034710265171270342
-0.0034710265171270342
-0.007881018618491968
-0.007881018618491968
-0.0034710265171270342
-0.0034710265171270342
0.0
0.0
-0.01059122002893468
-0.046184218031619574
0.0
0.0
0.0
0.0
-0.060884695325878646
0.0
-0.01059122002893468
-0.035592998002684895
0.0
0.0
0.0
0.0
-0.060884695325878646
0.0
-0.01059122002893468
-0.03788152635858467
-0.03788152635858467
-0.002288528355899776
0.0
-0.010199942598238334
-0.060884695325878646
-0.020178522431688863
-0.030769742460623542
-0.1166562157602524
-0.12456763000259097
-0.030378465029927196
-0.020178522431688863
-0.01248847095413811
-0.10271491773384833
-0.020178522431688863
-0.011788683769956369
-0.11024643735409237
-0.1458394353567773
-0.02165169997628082
-0.0335330632892399
-0.030378465029927196
-0.10684782350341554
-0.01751009945369457
-0.10997494910834205
-0.113458134682761
-0.05190563371535777
-0.041703930259421956
-0.02005223028314114
-0.030378465029927196
-0.11125698457310587
-0.0328924089428167
-0.1141165496309283
-0.05257343935688236
-0.06210557631359611
-0.05828370348956578
-0.048083760891327446
-0.030378465029927196
-0.12756962028577876
-0.09377710426869536
-0.14831917941939027
-0.055191564088296105
-0.07871758925249892
-0.040076392116644925
-0.06597375496711654
-0.04695823826007102
-0.12756962028577876
-0.11166709834448445
-0.05454207515069491
-0.025234597174024938
-0.062025058917731524
-0.036790461743706586
-0.04939398173697271
-0.07421656304706387
-0.14317108600566808
-0.12794951490787326
-0.10178243927497527
-0.10192081994377603
-0.04119962281339691
-0.035592998002684895
-0.004245662874190788
-0.07846222592125465
-0.03540009352948365
-0.12637215654475706
-0.09188020869168553
-0.09767515706958524
-0.11279032904123643
-0.05190563371535777
-0.016312635712672878
-0.0546984695172826
-0.019087457816810777
-0.09767515706958524
-0.06598284584121392
-0.018601164068572654
-0.11279032904123643
-0.09647769332856354
-0.060884695325878646
-0.03838583380460972
-0.06368293467671232
-0.12456763000259097
-0.09956585202884075
-0.06636274046330844
-0.05577152043437375
-0.053482992078473984
-0.11436768740435263
-0.09126316035580584
-0.035592998002684895
0.0
-0.07108463792411698
-0.056384160629857905
-0.01248847095413811
-0.010199942598238334
-0.04579294060092323
-0.07108463792411698
-0.035592998002684895
0.0
-0.060884695325878646
-0.035592998002684895
-0.01059122002893468
0.0
-0.035592998002684895
0.0
-0.035592998002684895
-0.035592998002684895
-0.035592998002684895
-0.035592998002684895
-0.01059122002893468
-0.01059122002893468
-0.035592998002684895
-0.035592998002684895
0.0
0.0
-0.03421768929250816
-0.0579918817031305
0.0
0.0
0.0
0.0
-0.043056941049718044
0.0
-0.03421768929250816
-0.02377419241062234
0.0
0.0
0.0
0.0
-0.043056941049718044
0.0
-0.03421768929250816
-0.03662488395909677
-0.03662488395909677
-0.012850691548474428
0.0
-0.07458241362477039
-0.043056941049718044
-0.19385880378460718
-0.22807649307711533
-0.2606899372449476
-0.32242165932124356
-0.26844121740937754
-0.19385880378460718
-0.08743310517324482
-0.2393888000332915
-0.19385880378460718
-0.035336622065492214
-0.1429577574044575
-0.16673194981507983
-0.002473055198966274
-0.25757658432274394
-0.26844121740937754
-0.06416818521477324
-0.02284534753100278
-0.10728403035445802
-0.1452014381569288
-0.04550060716864107
-0.08240414081103284
-0.07993108561206656
-0.26844121740937754
-0.0675307987402286
-0.025527853713792414
-0.08691173802242153
-0.10214449710721075
-0.12008302079341146
-0.08620557976680653
-0.011623166142036139
-0.26844121740937754
-0.08925721349824733
-0.06858479476351045
-0.28964626501657303
-0.20989857947538054
-0.2128134828168409
-0.18929109749034584
-0.1926312783781689
-0.27224265636515127
-0.08925721349824733
-0.24959290699964323
-0.22106147025306255
-0.008031178170085812
-0.0329243033536922
-0.024893125183606393
-0.1888298394223952
-0.27919725786255695
-0.25741463418590566
-0.2474199782033773
-0.0839774247555046
-0.06881719192218119
-0.028255738709061756
-0.02377419241062234
-0.0008671256888567634
-0.2800643835514137
-0.20385345976713554
-0.08813828072526328
-0.09702810167043076
-0.06795006623332443
-0.08855754821835911
-0.04550060716864107
-0.021726414758018727
-0.11249970081908658
-0.1821270450091168
-0.06795006623332443
-0.09368792078260771
-0.034577106306493154
-0.08855754821835911
-0.06683113346034039
-0.043056941049718044
-0.09077328606106785
-0.2793647182715255
-0.32242165932124356
-0.33286515620312934
-0.2518506854877377
-0.21763299619522952
-0.2047823046467551
-0.24783924569647314
-0.3114981584590956
-0.02377419241062234
0.0
-0.11763935467448844
-0.13257429532790088
-0.08743310517324482
-0.07458241362477039
-0.09835660603539273
-0.11763935467448844
-0.02377419241062234
0.0
-0.043056941049718044
-0.02377419241062234
-0.03421768929250816
0.0
-0.02377419241062234
0.0
-0.02377419241062234
-0.02377419241062234
-0.02377419241062234
-0.02377419241062234
-0.03421768929250816
-0.03421768929250816
-0.02377419241062234
-0.02377419241062234
0.0
0.0
-0.03458158900596233
-0.03830055663811782
0.0
0.0
0.0
0.0
-0.017265398308255245
0.0
-0.03458158900596233
-0.003718967632155494
0.0
0.0
0.0
0.0
-0.017265398308255245
0.0
-0.03458158900596233
-0.0060590665034476205
-0.0060590665034476205
-0.002340098871292127
0.0
-0.0009986522114050391
-0.017265398308255245
-0.013540916576111225
-0.04812250558207355
-0.03452528251652196
-0.033183835856634876
-0.014539568787516263
-0.013540916576111225
-0.003338751082697166
-0.03521452658079339
-0.013540916576111225
-0.045114304407443975
-0.04136846823000717
-0.04508743586216266
-0.0044082116964269166
-0.02646510398140854
-0.014539568787516263
-0.06508922461186901
-0.018696206013919966
-0.10559938074306906
-0.03908205857274672
-0.01188245824459382
-0.027918803717237557
-0.023510592020810638
-0.014539568787516263
-0.07333553035609021
-0.03497337228314864
-0.09131138642557599
-0.021816660264491472
-0.012881110455998858
-0.054728685387947874
-0.05373003317654283
-0.014539568787516263
-0.08149902096852854
-0.05223877059140389
-0.11067569474283341
-0.054420495732188934
-0.05370889141560886
-0.05678972052123224
-0.06493085088136193
-0.04134945045822658
-0.08149902096852854
-0.06343958829622298
-0.05843692415142954
-0.038789106078634276
-0.053040789112271405
-0.014251683033637136
-0.03812096921065161
-0.06453668330035633
-0.0903597398020555
-0.07400363265942766
-0.06823442341856846
-0.035250000005595146
-0.02249798877785833
-0.003718967632155494
-0.0037329186637027655
-0.06826960196405911
-0.029897023718739063
-0.07096630556704689
-0.0674779918834596
-0.03151708134189238
-0.029147856552849065
-0.01188245824459382
-0.008163490612438325
-0.019643372055265174
-0.02173353310630074
-0.03151708134189238
-0.05933686152332992
-0.010503589483730452
-0.029147856552849065
-0.02098436594041074
-0.017265398308255245
-0.011479881442826847
-0.01591843754837963
-0.033183835856634876
-0.06404645723044172
-0.05184147321422905
-0.01725988420826672
-0.014919785336974592
-0.032185183645229834
-0.031804967095771505
-0.003718967632155494
0.0
-0.018264050519660284
-0.039299208849522864
-0.003338751082697166
-0.0009986522114050391
-0.004717619843560533
-0.018264050519660284
-0.003718967632155494
0.0
-0.017265398308255245
-0.003718967632155494
-0.03458158900596233
0.0
-0.003718967632155494
0.0
-0.003718967632155494
-0.003718967632155494
-0.003718967632155494
-0.003718967632155494
-0.03458158900596233
-0.03458158900596233
-0.003718967632155494
-0.003718967632155494
0.0
0.0
-0.00792532943504745
-0.022281754065380743
0.0
0.0
0.0
0.0
-0.025909124285035768
0.0
-0.00792532943504745
-0.014356424630333294
0.0
0.0
0.0
0.0
-0.025909124285035768
0.0
-0.00792532943504745
-0.04077579934885789
-0.04077579934885789
-0.026419374718524596
0.0
-0.0004942170550583549
-0.025909124285035768
-0.03595097408992811
-0.04387630352497556
-0.07621652300529716
-0.05029136534183093
-0.03644519114498646
-0.03595097408992811
-0.026913591773582952
-0.0684572327680765
-0.03595097408992811
-0.01573847211117338
-0.06805732048921306
-0.08241374511954636
-0.006597134393112627
-0.02638164916541188
-0.03644519114498646
-0.08772507808055764
-0.03505684475600631
-0.08305194820640344
-0.061961215598466395
-0.041600126710213674
-0.025164221972500254
-0.018567087579387628
-0.03644519114498646
-0.08944211586593691
-0.03968731402481503
-0.05459223784350976
-0.03605209131343062
-0.04209434376527203
-0.0376078339174349
-0.03711361686237655
-0.03644519114498646
-0.1166858179458173
-0.0655964383098508
-0.09136753929479365
-0.050935951181597806
-0.046591363794874795
-0.03150539177784335
-0.04664521623378006
-0.048888803089921114
-0.1166858179458173
-0.07512803768125431
-0.025771100984942848
-0.02270333979313799
-0.04487290709959721
-0.022169567306459224
-0.03420160428884541
-0.06501611794453892
-0.09979804259869621
-0.09116057256121449
-0.05069131596139918
-0.05662138165431907
-0.023886605091838486
-0.014356424630333294
-0.00854269006282408
-0.073558808007363
-0.044588444127409824
-0.10887267526969137
-0.09889779799584836
-0.04807869159149499
-0.06750925099524945
-0.041600126710213674
-0.02724370207988038
-0.06929711830940002
-0.017344742047529442
-0.04807869159149499
-0.08375797353991166
-0.05366307679840498
-0.06750925099524945
-0.040265548915369063
-0.025909124285035768
-0.04205341622951965
-0.02438224105679516
-0.05029136534183093
-0.04386027014654508
-0.058232728155308854
-0.0503073987202614
-0.023888024001736806
-0.04979714828677257
-0.062354315430022234
-0.014356424630333294
0.0
-0.026403341340094123
-0.0227759711204391
-0.026913591773582952
-0.0004942170550583549
-0.01485064168539165
-0.026403341340094123
-0.014356424630333294
0.0
-0.025909124285035768
-0.014356424630333294
-0.00792532943504745
0.0
-0.014356424630333294
0.0
-0.014356424630333294
-0.014356424630333294
-0.014356424630333294
-0.014356424630333294
-0.00792532943504745
-0.00792532943504745
-0.014356424630333294
-0.014356424630333294
0.0
0.0
-0.027082622980809178
-0.03346457323807032
0.0
0.0
0.0
0.0
-0.006969613875626862
0.0
-0.027082622980809178
-0.006381950257261142
0.0
0.0
0.0
0.0
-0.006969613875626862
0.0
-0.027082622980809178
-0.013906693631637147
-0.013906693631637147
-0.0075247433743760046
0.0
-0.015987742587796894
-0.006969613875626862
-0.012281738842431727
-0.039364361823240906
-0.02563330297531973
-0.034096302188740615
-0.02826948143022862
-0.012281738842431727
-0.023512485962172897
-0.0337124076089001
-0.012281738842431727
-0.028687906045496897
-0.04083202668327952
-0.04721397694054066
-0.014461054890841513
-0.04782045097061377
-0.02826948143022862
-0.06055940238532498
-0.0034136153290142465
-0.049127602893501675
-0.04636021699692375
-0.008190282521587669
-0.06465798377173151
-0.05019692888089
-0.02826948143022862
-0.06769287576365693
-0.00633660959404597
-0.06017504245532894
-0.039390603121296885
-0.024178025109384563
-0.06918626110145096
-0.053198518513654064
-0.02826948143022862
-0.06950120802798346
-0.01330622346967283
-0.06674037018771119
-0.018227078440433638
-0.0482711262834417
-0.018024029240794832
-0.05795551398170978
-0.03279775875994806
-0.06950120802798346
-0.018063218937728553
-0.05343414671803835
-0.03713218055812483
-0.04511941388007369
-0.007987233321948862
-0.05342723665199034
-0.055997570093809235
-0.06673346012166317
-0.07084458816702494
-0.08111719497568294
-0.04042727704764917
-0.015120706700280807
-0.006381950257261142
-0.02547042985007344
-0.08146799994388268
-0.008170610797069969
-0.06789592496329573
-0.08433441668237553
-0.014956847197575724
-0.015159896397214531
-0.008190282521587669
-0.0018083322643265274
-0.06525230296741438
-0.006362278532743442
-0.014956847197575724
-0.04440293194146057
-0.009333075638702532
-0.015159896397214531
-0.013351564132888004
-0.006969613875626862
-0.06344397070308785
-0.027126688313113757
-0.034096302188740615
-0.05479697491228866
-0.04574631208050205
-0.01866368909969287
-0.011138945725316865
-0.01810855960094373
-0.03523909530585548
-0.006381950257261142
0.0
-0.022957356463423756
-0.04945231582586721
-0.023512485962172897
-0.015987742587796894
-0.022369692845058034
-0.022957356463423756
-0.006381950257261142
0.0
-0.006969613875626862
-0.006381950257261142
-0.027082622980809178
0.0
-0.006381950257261142
0.0
-0.006381950257261142
-0.006381950257261142
-0.006381950257261142
-0.006381950257261142
-0.027082622980809178
-0.027082622980809178
-0.006381950257261142
-0.006381950257261142
0.0
0.0
-0.03125607453970581
-0.06700090547934967
0.0
0.0
0.0
0.0
-0.014241018168126182
0.0
-0.03125607453970581
-0.03574483093964387
0.0
0.0
0.0
0.0
-0.014241018168126182
0.0
-0.03125607453970581
-0.15682049912234763
-0.15682049912234763
-0.12107566818270377
0.0
-0.00202779030915734
-0.014241018168126182
-0.12295724492712723
-0.15421331946683303
-0.17294309403489727
-0.053895216161350845
-0.12498503523628457
-0.12295724492712723
-0.1231034584918611
-0.14502436783516057
-0.12295724492712723
-0.03833990325262577
-0.044078965764451444
-0.07982379670409531
-0.007826104739907157
-0.019100586144586103
-0.12498503523628457
-0.16178833801543666
-0.01998405254726076
-0.07102826643890091
-0.03908793040164538
-0.04864505477398466
-0.027137907490183695
-0.019311802750276538
-0.12498503523628457
-0.16388113136555055
-0.01635455166803506
-0.058870318631547305
-0.02484691223351919
-0.050672845083142
-0.03059223532387796
-0.02856444501472062
-0.12498503523628457
-0.17678135519989135
-0.030595569836161244
-0.07365211921031156
-0.020328921762572415
-0.05128091924596082
-0.01451252664115158
-0.03044602175914408
-0.12843936306997883
-0.17678135519989135
-0.032477146580584704
-0.043056549374150314
-0.0136545115618935
-0.05648317121445733
-0.04282865965256383
-0.026991693925449815
-0.14544208987291984
-0.05758726376161106
-0.15867887939705405
-0.06352338117593838
-0.06517706819877536
-0.044921453002677726
-0.03574483093964387
-0.008107390378085342
-0.15354948025100518
-0.021865629291684216
-0.1696975264869714
-0.2239941213273067
-0.05706967782069001
-0.06288607294211085
-0.04864505477398466
-0.012900223834340797
-0.1519371774441944
-0.008965405457343421
-0.05706967782069001
-0.2080606262093142
-0.13397589201704457
-0.06288607294211085
-0.04998584910777005
-0.014241018168126182
-0.1390369536098536
-0.039654197993224664
-0.053895216161350845
-0.049406459761412794
-0.1899581504064769
-0.1587020758667711
-0.037626407684067324
-0.051867425852193505
-0.13922605340441074
-0.03574483093964387
0.0
-0.01626880847728352
-0.06902869578850701
-0.1231034584918611
-0.00202779030915734
-0.03777262124880121
-0.01626880847728352
-0.03574483093964387
0.0
-0.014241018168126182
-0.03574483093964387
-0.03125607453970581
0.0
-0.03574483093964387
0.0
-0.03574483093964387
-0.03574483093964387
-0.03574483093964387
-0.03574483093964387
-0.03125607453970581
-0.03125607453970581
-0.03574483093964387
-0.03574483093964387
0.0
0.0
-0.01660637305737819
-0.09614912232893875
0.0
0.0
0.0
0.0
-0.00047224544098993255
0.0
-0.01660637305737819
-0.07954274927156056
0.0
0.0
0.0
0.0
-0.00047224544098993255
0.0
-0.01660637305737819
-0.14181235402289316
-0.14181235402289316
-0.062269604751332586
0.0
-0.0014465751473471682
-0.00047224544098993255
-0.06871611984067443
-0.08532249289805262
-0.14873111455322494
-0.0879080849492395
-0.07016269498802159
-0.06871611984067443
-0.06371617989867975
-0.10402501037398645
-0.06871611984067443
-0.024294147561001553
-0.055845089250307026
-0.1353878385218676
-0.034836645092322094
-0.02233605201403686
-0.07016269498802159
-0.11710599426846015
-0.01908962356964783
-0.04316221395488452
-0.05006674942708454
-0.09094459833758503
-0.052635616697418
-0.017798971605095908
-0.07016269498802159
-0.11901542894886104
-0.016486386272492153
-0.05890923547755879
-0.04959450398609461
-0.0923911734849322
-0.057720153903885685
-0.05627357875653852
-0.07016269498802159
-0.1304172780148855
-0.016958631713482084
-0.07675759963292508
-0.02484233604223487
-0.09973842352149546
-0.021128261479833772
-0.06272009384588036
-0.07524723219448928
-0.1304172780148855
-0.023405146802823924
-0.059798967919443
-0.01374915916059306
-0.10097968293577698
-0.08723052377518392
-0.05763555663941267
-0.11968108647083563
-0.07459418835289475
-0.11777416953457953
-0.060579885544815595
-0.09445795648989835
-0.08913995845558481
-0.07954274927156056
-0.00675518727372449
-0.12643627374456012
-0.025536138658989665
-0.12272950351126216
-0.21910018301596573
-0.08770276921617386
-0.09141684377857495
-0.09094459833758503
-0.011401849066024464
-0.1167098613307508
-0.014134289592965203
-0.08770276921617386
-0.17750835064991916
-0.07367145381735705
-0.09141684377857495
-0.0800149947125505
-0.00047224544098993255
-0.10530801226472633
-0.08743583950824957
-0.0879080849492395
-0.02497170873505713
-0.16486524216961318
-0.14825886911223501
-0.0859892643609024
-0.08646150980189234
-0.07063494042901153
-0.07954274927156056
0.0
-0.0019188205883371007
-0.09759569747628592
-0.06371617989867975
-0.0014465751473471682
-0.08098932441890773
-0.0019188205883371007
-0.07954274927156056
0.0
-0.00047224544098993255
-0.07954274927156056
-0.01660637305737819
0.0
-0.07954274927156056
0.0
-0.07954274927156056
-0.07954274927156056
-0.07954274927156056
-0.07954274927156056
-0.01660637305737819
-0.01660637305737819
-0.07954274927156056
-0.07954274927156056
0.0
0.0
-0.004385195553311594
-0.02557920340525545
0.0
0.0
0.0
0.0
-0.007687899888968281
0.0
-0.004385195553311594
-0.021194007851943853
0.0
0.0
0.0
0.0
-0.007687899888968281
0.0
-0.004385195553311594
-0.02659725624705996
-0.02659725624705996
-0.005403248395116105
0.0
-0.0011939458994704084
-0.007687899888968281
-0.011220330244730516
-0.01560552579804211
-0.04010223798564265
-0.035892935489996954
-0.012414276144200924
-0.011220330244730516
-0.006597194294586514
-0.023694778898517226
-0.011220330244730516
-0.006791447784695688
-0.020696477698666255
-0.041890485550610104
-0.004786548764818428
-0.011799185518465389
-0.012414276144200924
-0.023306066680926628
-0.007028083145409135
-0.020252559691166523
-0.018801394708116426
-0.025815838765968893
-0.011279821674503672
-0.006493272909685245
-0.012414276144200924
-0.023817235921760896
-0.005262042776668286
-0.018011025310575815
-0.011113494819148147
-0.027009784665439303
-0.011920033537146919
-0.010726087637676511
-0.012414276144200924
-0.02843906683578594
-0.012949942665636567
-0.028449938074215267
-0.011590293867116965
-0.030544376343032253
-0.009374715184476018
-0.016543169487290923
-0.01305448800684417
-0.02843906683578594
-0.018767024515250978
-0.015499995408578701
-0.003533286641473988
-0.027133546724801935
-0.023600260083327947
-0.015902957624647676
-0.020758458243880958
-0.028852900290284242
-0.02722806553999121
-0.019752718985929046
-0.0336700655102927
-0.024111429324162215
-0.021194007851943853
-0.0023819055379964748
-0.02314036378187744
-0.012845164995023545
-0.026032814604401842
-0.04517898924859559
-0.031288159972296226
-0.03350373865493718
-0.025815838765968893
-0.004621830914025041
-0.01838747951142646
-0.008223334080998505
-0.031288159972296226
-0.03801053494578069
-0.010025079309141146
-0.03350373865493718
-0.028881907740912136
-0.007687899888968281
-0.013765648597401417
-0.028205035601028675
-0.035892935489996954
-0.019084123191364693
-0.03679953364998596
-0.03241433809667437
-0.027011089701558265
-0.034698989590526544
-0.020102176033169203
-0.021194007851943853
0.0
-0.008881845788438689
-0.02677314930472586
-0.006597194294586514
-0.0011939458994704084
-0.022387953751414263
-0.008881845788438689
-0.021194007851943853
0.0
-0.007687899888968281
-0.021194007851943853
-0.004385195553311594
0.0
-0.021194007851943853
0.0
-0.021194007851943853
-0.021194007851943853
-0.021194007851943853
-0.021194007851943853
-0.004385195553311594
-0.004385195553311594
-0.021194007851943853
-0.021194007851943853
0.0
0.0
-0.03347477785582978
-0.03630305297480239
0.0
0.0
0.0
0.0
-0.0013002585160296802
0.0
-0.03347477785582978
-0.0028282751189726107
0.0
0.0
0.0
0.0
-0.0013002585160296802
0.0
-0.03347477785582978
-0.004048117524573628
-0.004048117524573628
-0.001219842405601017
0.0
-0.0026611157653149186
-0.0013002585160296802
-0.004991614765339255
-0.038466392621169035
-0.009120148400341546
-0.010561421760055447
-0.007652730530654173
-0.004991614765339255
-0.0038809581709159354
-0.046814448643627465
-0.004991614765339255
-0.05131255760339096
-0.06314474614401985
-0.06597302126299247
-0.04052257536225853
-0.04332099370077852
-0.007652730530654173
-0.08210384871394248
-0.01866079650041673
-0.05994902306925249
-0.04964708973910708
-0.0036512918718281653
-0.08441192004594719
-0.04388934468368867
-0.007652730530654173
-0.08644397205659086
-0.002996083607183459
-0.08181080193109429
-0.0483468312230774
-0.006312407637143084
-0.08658498690027511
-0.08392387113496019
-0.007652730530654173
-0.08726698880944643
-0.004296342123213139
-0.08640559104368808
-0.011107979309570092
-0.03216356350385133
-0.02812274230427571
-0.08769564349469842
-0.009825797384982078
-0.08726698880944643
-0.008068114482951378
-0.08210924892047493
-0.02556351602514048
-0.04622957089167427
-0.020666054866533785
-0.08552257664037051
-0.07252627583745017
-0.08981891876358367
-0.07237796466876795
-0.09868806090493056
-0.04101663921072765
-0.02500617820918218
-0.0028282751189726107
-0.019050325828164183
-0.09157660166561434
-0.022432568860154968
-0.06942920906188527
-0.11575659307124285
-0.021966313382563465
-0.0049515503878578455
-0.0036512918718281653
-0.0008230167528555548
-0.06427687611419419
-0.021609552107299413
-0.021966313382563465
-0.05618369188082013
-0.002042859158456572
-0.0049515503878578455
-0.0041285336350022905
-0.0013002585160296802
-0.06345385936133864
-0.009261163244025768
-0.010561421760055447
-0.041207924496912615
-0.04129466774014164
-0.007819889884311867
-0.006600047478710848
-0.00790030599474053
-0.008952989046683853
-0.0028282751189726107
0.0
-0.003961374281344599
-0.03896416874011731
-0.0038809581709159354
-0.0026611157653149186
-0.005489390884287529
-0.003961374281344599
-0.0028282751189726107
0.0
-0.0013002585160296802
-0.0028282751189726107
-0.03347477785582978
0.0
-0.0028282751189726107
0.0
-0.0028282751189726107
-0.0028282751189726107
-0.0028282751189726107
-0.0028282751189726107
-0.03347477785582978
-0.03347477785582978
-0.0028282751189726107
-0.0028282751189726107
0.0
0.0
-0.027239980688548673
-0.02781608458837444
0.0
0.0
0.0
0.0
-0.0037712040043265983
0.0
-0.027239980688548673
-0.0005761038998257658
0.0
0.0
0.0
0.0
-0.0037712040043265983
0.0
-0.027239980688548673
-0.002864644559019282
-0.002864644559019282
-0.0022885406591935165
0.0
-0.0014022776085734598
-0.0037712040043265983
-0.008014297757859489
-0.03525427844640816
-0.012361605662011853
-0.011475342611391796
-0.00941657536643295
-0.008014297757859489
-0.0036908182677669764
-0.016260077440852894
-0.008014297757859489
-0.028521423155789326
-0.013376334382534806
-0.013952438282360572
-0.004474575678666806
-0.01084809231466012
-0.00941657536643295
-0.029980219742304193
-0.003728277090967942
-0.05483989834231964
-0.016469486681074
-0.0030229385235530527
-0.013971505660440805
-0.009496929981773998
-0.00941657536643295
-0.034354814508084044
-0.018172676416423873
-0.05558619693001851
-0.012698282676747405
-0.004425216132126512
-0.029697347453137388
-0.02829506984456393
-0.00941657536643295
-0.03680164913181133
-0.02194388042075047
-0.06375878865241177
-0.028273028280869698
-0.02884091269714821
-0.027107636124383064
-0.0340208269432299
-0.025142417159129536
-0.03680164913181133
-0.027669637519416444
-0.0418149082316613
-0.02253905169865647
-0.02439659806572289
-0.0018575463670664205
-0.018294985150533318
-0.03527303007081685
-0.04023886557128378
-0.038799129139509364
-0.04229897027750196
-0.008067365511573051
-0.006232141132846273
-0.0005761038998257658
-0.0024386151401800315
-0.037711645210996875
-0.009454034189633915
-0.035520206664570675
-0.040746093157382736
-0.005628750371393019
-0.006794142527879651
-0.0030229385235530527
-0.002446834623727287
-0.013050843710341101
-0.0070071995659066275
-0.005628750371393019
-0.0338329023385359
-0.004735375282920803
-0.006794142527879651
-0.004347307904152364
-0.0037712040043265983
-0.010604009086613814
-0.007704138607065198
-0.011475342611391796
-0.03813921940011471
-0.035830382346233924
-0.008590401657685254
-0.006301860998491738
-0.010073065002818337
-0.013187779370759548
-0.0005761038998257658
0.0
-0.005173481612900058
-0.0292183621969479
-0.0036908182677669764
-0.0014022776085734598
-0.0019783815083992255
-0.005173481612900058
-0.0005761038998257658
0.0
-0.0037712040043265983
-0.0005761038998257658
-0.027239980688548673
0.0
-0.0005761038998257658
0.0
-0.0005761038998257658
-0.0005761038998257658
-0.0005761038998257658
-0.0005761038998257658
-0.027239980688548673
-0.027239980688548673
-0.0005761038998257658
-0.0005761038998257658
0.0
0.0
-0.015033089219049136
-0.034550145089246656
0.0
0.0
0.0
0.0
-0.009423498537405532
0.0
-0.015033089219049136
-0.019517055870197517
0.0
0.0
0.0
0.0
-0.009423498537405532
0.0
-0.015033089219049136
-0.025500970020213783
-0.025500970020213783
-0.0059839141500162675
0.0
-0.30063151654344195
-0.009423498537405532
-0.07600308005436512
-0.09103616927341426
-0.10494363446196817
-0.3995912368553939
-0.37663459659780707
-0.07600308005436512
-0.3066154306934582
-0.12947737341425264
-0.07600308005436512
-0.02967353586025896
-0.39340970880306275
-0.4129267646732602
-0.044050794822481976
-0.40855180151500686
-0.37663459659780707
-0.11144211877423577
-0.039303898899733285
-0.28603875359368236
-0.5869647369022315
-0.04418050812872098
-0.5907789051735186
-0.5467281103510365
-0.37663459659780707
-0.3196375935146143
-0.03874624445563938
-0.2907856495164311
-0.577541238364826
-0.34481202467216293
-0.6048616973706344
-0.30423018082719244
-0.37663459659780707
-0.34430104577313775
-0.04816974299304491
-0.3854682676793034
-0.3169608851003668
-0.3350751611380471
-0.3069378794830531
-0.3742493467315413
-0.390717388794923
-0.34430104577313775
-0.11818890889739375
-0.33729852468625854
-0.24553893936350069
-0.279696441874908
-0.03415750251140734
-0.3601665545344255
-0.6576041049989932
-0.40833629752747025
-0.37501631277775327
-0.2999635297453214
-0.06684167347481912
-0.2423529772517859
-0.019517055870197517
-0.02326067242600624
-0.6808647774249995
-0.10932306480408215
-0.3296605991319279
-0.14714942538748443
-0.04358100104881287
-0.05360400666612651
-0.04418050812872098
-0.024663452258523462
-0.3985903502004699
-0.08465961254555868
-0.04358100104881287
-0.07983795813899622
-0.03064736640853973
-0.05360400666612651
-0.02894055440760305
-0.009423498537405532
-0.37392689794194645
-0.39016773831798834
-0.3995912368553939
-0.3951072702042454
-0.11055322514361177
-0.09552013592456264
-0.08953622177454637
-0.0989597203119519
-0.3860580951352126
-0.019517055870197517
0.0
-0.3100550150808475
-0.3351816616326886
-0.3066154306934582
-0.30063151654344195
-0.3201485724136395
-0.3100550150808475
-0.019517055870197517
0.0
-0.009423498537405532
-0.019517055870197517
-0.015033089219049136
0.0
-0.019517055870197517
0.0
-0.019517055870197517
-0.019517055870197517
-0.019517055870197517
-0.019517055870197517
-0.015033089219049136
-0.015033089219049136
-0.019517055870197517
-0.019517055870197517
-0.0031799449630149712
-0.0008120176750756868
-0.001021608193761961
-0.010342954044150879
-0.0014141399787396783
-0.00476158662363268
-0.00036101263510695825
-0.0013145218831115168
-0.0015722777873169078
-0.0009951268773601932
-0.00048559554766836353
-0.004070010905455406
0.4993847498899093
-0.023053696974448853
-0.0007081762175816811
-0.0019035130125339525
-0.00451250913411947
-0.0026218116579107015
-0.002161620157933933
-0.0025319321145089923
-0.004000069577661544
-0.00504901098861468
-0.0006034845014577218
-0.001144133130475169
-0.0008647143851099008
-0.028149707925730863
-0.0004762959059647168
-0.00021277124259316027
-0.0002545944704889306
-0.0033494634000596555
-0.0007464045070087318
-0.0009678281052907043
-0.000304926367012414
-0.0008744591427561767
-0.000612872909273155
-0.0005041536439784086
-0.00014043269429046452
-0.00284282796044825
-0.00032796601496764774
-0.007174006759395043
-0.0003723260686858265
-0.0007392028241443441
-0.0016941374903747756
-0.00031673386397698574
-0.0003510638219362814
-0.0008295409983871743
-0.0006589439832532589
-0.0009090659232392284
-0.00016925291691668282
-0.0013992307279171632
-0.00017371320871007188
-0.003583118201144444
-0.0007626617348449173
-0.00016479704493267526
-0.00038386368405850805
-0.0021206517438194924
-0.001364179033037642
-0.0018434348918033336
-0.00043172753729311454
-0.0012250072331009309
-0.0016121114146896126
-0.00021346343189247662
-0.000600622809138975
-0.0038323838595679936
-0.0005178516219263254
-0.008456653335995473
-0.0004119629247978192
-0.0019006472993349332
-0.00196294774948865
-0.001173792174885962
-0.0010516785320930796
-0.0018518019202515864
-0.0032800109781992775
-0.0019436721094514002
-0.00033064848477102243
-0.001244967817629612
-0.0008999205575913856
-0.0038858612830085515
-0.009180828538274517
-0.003952382310849682
-0.0033094974183784983
-0.03425071283830387
-0.00866605026364575
-0.040519525897020056
-0.006479605495694196
-0.011374179249365941
-0.010053416063816425
-0.006383396386811065
-0.005096129222471077
-0.0343466535555495
-0.006909777967893071
0.3079606113736526
-0.0098057124282405
-0.025095968823906967
-0.03422055818412112
-0.018784178284715042
-0.0169386307921938
-0.009287897520562987
-0.026173102741758367
-0.02592766805000155
-0.0041971367095427
-0.018667901102576455
-0.009448488494496086
-0.04623539459902855
-0.00166114952693545
-0.000930258205353122
-0.00076098464136609
-0.009033841203572087
-0.003469006235083742
-0.005825686149830452
-0.0021143844200697385
-0.008845299337133428
-0.0027714593263544183
-0.0011952054140543591
0.49927825560042244
-0.005320688150077825
-0.0010165673865921345
-0.013756873968609282
-0.0008615120850201565
-0.0046237252680634165
-0.0037186671110851516
-0.0015717279813751497
-0.0017301603386279526
-0.0014039765950013853
-0.0047302447783441354
-0.004601223358627411
-0.0009559416724099964
-0.0026820109153822477
-0.0006795332829675388
-0.011596867583655445
-0.005084061365298214
-0.007080616368125427
-0.0019730803862511173
-0.01634548806035832
-0.002607419776988042
-0.008570464192828973
-0.0013354160374657008
-0.0017800015272600531
-0.008244678471434747
-0.0020385412908794733
-0.0008726519319021696
-0.012432755813321341
-0.0011990047210764737
-0.052429763068650104
-0.000825719556705965
-0.007750378629335517
-0.04473057307146176
-0.005192880028109286
-0.005061579095295773
-0.00470356577197
-0.0038260568956649888
-0.004079438484582424
-0.0016069787167775536
-0.0036242469485344487
-0.0047409523558972905
-0.03950713919421671
-0.0012479812596439762
-0.0005896576319952886
-0.0007483272700636478
-0.007393066151435401
-0.001002340566575371
-0.013038572030168552
-0.0013937846442001864
-0.002609226905033434
-0.003238681386246359
-0.0011823622047368535
-0.001176170138561214
-0.002844826451564554
-0.0009666330099429117
0.4781079731916436
-0.0009725151267024848
-0.0034163444726113368
-0.004365133542310991
-0.0015546388541653811
-0.0030868098424493453
-0.00226123174020565
-0.003754261129058682
-0.001856950589479936
-0.0016810530753763888
-0.003633077653396172
-0.000925748686210703
-0.005646323851375662
-0.0036525482618914606
-0.001880077931268839
-0.0028231470885569754
-0.04149829822767572
-0.004523990483105167
-0.010129021690738876
-0.0028126227412151677
-0.005656342645955932
-0.004411876312792067
-0.006462192097729705
-0.0008040470611291806
-0.02052618713669298
-0.004030312515381001
-0.06088377175328002
-0.004167298333834099
-0.006335499758177106
-0.0022230444523566456
-0.004035886397397651
-0.003560761278843646
-0.014262913759261647
-0.004206962051637808
-0.008795753842504216
-0.0024698406564971132
-0.009155071791171967
-0.002757436911524101
-0.017042321167079915
-0.0016772411062061432
-0.0016165006601291292
-0.0009271726473706099
0.4864510641238824
-0.0017058727946320192
-0.008677032597088895
-0.001231984723516048
-0.0021444636347070587
-0.009966480730765332
-0.0014195648913381065
-0.00155486289595098
-0.008786116166996254
-0.0016364965662118128
-0.01510831436846841
-0.0007227638236488019
-0.005559954981213935
-0.032844227217021245
-0.004168267419521149
-0.005327607960931751
-0.0015727914533957335
-0.003435550984132708
-0.0025784784995205447
-0.0026175567125259753
-0.0022789192381645618
-0.0015722640405164635
-0.013905913815809523
-0.0006543929352403462
-0.0002927577343786196
-0.0007010337045407441
-0.005802264467348746
-0.0012498264207158626
-0.0028487116134140746
-0.0006476439670558032
-0.0013281747366548592
-0.0015294176634002856
-0.00029106395669086063
-0.0010036110042322126
-0.005442093101520159
-0.0010413179450849653
-0.00861307212540131
-0.000877908910416465
-0.0031318744070804147
-0.003116377759798205
-0.0016327114948811877
-0.0013352305735227163
-0.0025334551244870105
-0.002289845916463025
-0.0012641252322086597
-0.0007385168538688764
-0.001675401019244218
-0.001230568293819302
-0.003734708503703078
0.499105762495325
-0.0006901983242896478
-0.0006084159857425522
-0.003183676949479815
-0.0010100442904567486
-0.0018348349098045347
-0.0005603269481274368
-0.003898538361293428
-0.0010758747317501792
-0.0003209229705592771
-0.00022380267393870275
-0.0016553462965118613
-0.00041638202612839824
-0.005971397582738019
-0.0006704689695421165
-0.0025232420583776363
-0.006807397589942743
-0.001374788088936119
-0.0007074245375618389
-0.0006650689212788615
-0.0016918111840694672
-0.002867659344751447
-0.0011430370481145713
-0.0009139511356664712
-0.0008342020699890596
-0.005942970490251407
-0.029967261876840685
-0.0029354410869393654
-0.002675353235980216
-0.0354974149805834
-0.012886523727591692
-0.03602631489394874
-0.003946211307948243
-0.012299371207182327
-0.010633094670279182
-0.0017952181783941407
-0.0031674400293203193
-0.01802451873210873
-0.0043475751572734575
-0.04655133545368633
-0.004613301853194186
-0.014244736592498874
-0.007750036453508174
-0.01988476922126405
-0.00815077385839019
-0.005677134347704044
-0.01112945380490915
-0.01716713759038262
-0.00214891282021237
-0.004054329554460427
-0.006583125363457928
-0.012958896322453835
-0.0052106820566035685
-0.0017435327703243988
-0.0009271335929296161
-0.011175708768301242
-0.0017149594586503563
-0.02528608009603148
-0.0010438618810674556
-0.0025790638767227486
-0.013305520576505409
-0.000795098729610284
-0.003710337971633703
-0.005584923654152353
0.49729471115593193
-0.020367550847650302
0.49707509075167927
-0.00784002853176866
-0.00754928047380223
-0.0037723673496438035
-0.007963427753303984
-0.001896895260246465
-0.003174347705902307
-0.002078731401880792
-0.0014115937886952947
-0.0015473692102328726
-0.0018404564672550167
-0.005708047732628291
0.47698933375058933
-0.004273517549487824
-0.004008247541498145
-0.09978540077575289
-0.016207213452731125
-0.02351323834834329
-0.007484079964014121
-0.045155003574956276
0.4813107900822088
-0.003489451945307632
-0.005842681370014333
-0.07256530947666029
-0.012898553174657035
-0.15225093337402165
-0.01006259591298722
-0.021435459640416762
-0.039244548346219786
-0.021377997685674173
-0.01095784378267869
-0.010827834722883916
-0.03761137904185894
-0.03702560011541812
-0.006282192890031202
-0.01218851313589099
-0.009000498948608144
-0.08253602238025484
-0.0009085364590065832
-0.0004096087212473043
-0.00024858313361305565
-0.005811861198124458
-0.0009059215321197125
-0.0035089574360642247
-0.0010700448484060588
-0.0020070241206374116
-0.002268757436656973
-0.00036954177119397243
-0.00040328568587759146
-0.005872120114165494
-0.0008017473049993669
-0.012226592440452788
-0.0005762251723284553
-0.0013830407072746068
-0.0035454198010105315
-0.001188926754918418
-0.00181021997190283
-0.0010427522367577962
-0.001212811073992712
-0.0027704629339033115
-0.0005935925485896456
-0.0015709422232285134
-0.001155394433431301
-0.008605172624306295
-0.004107585995738196
-0.0034044445371319886
-0.00302351020454368
-0.015161816432252765
-0.003328683290060688
-0.0045616305528181685
-0.00130995103107421
-0.0035650145377338943
-0.009102305690513735
-0.0024624200852405996
-0.0009256495019631789
-0.007068615327830223
-0.0009763185244633884
-0.03333834750667502
-0.0016010128934349846
-0.00854742614272997
-0.02978048043073612
-0.005601747485445166
-0.0037017136171222194
-0.005185053595686146
-0.004306909810657943
-0.005793665616207404
-0.001612080080464933
-0.0033388220270235062
-0.0023891847123539605
-0.017470862929834758
-0.003323172910025699
-0.0029103418068438867
-0.0030552124740057564
-0.02604026059867654
-0.0021841380607797055
-0.010768038133173086
-0.002416865853468004
-0.012802917222825831
-0.0062402390862533255
-0.0023167323306707882
-0.0008952270024454004
-0.006026139566867254
-0.0017557880986167067
-0.0362264090758177
-0.0015803633804360945
-0.008886626444727612
-0.020484609950168146
-0.0023387332151585814
-0.004522003256847398
-0.00261908524583699
-0.005538917995113206
-0.014156880744661586
-0.004218434757495734
-0.01222728321945903
-0.0015632983018178854
-0.01388309854548218
-0.004530471793477584
-0.002578190680351801
-0.0011176972717395325
-0.008505110930900837
-0.0019489599747832267
-0.007239642816887841
-0.002415645608962559
-0.009127382820971206
-0.0032449841657081523
-0.000886964394372196
-0.0003367144055968058
-0.005468638737866408
-0.002254267589023023
-0.012036465691877102
-0.0007006966657310807
-0.00374361617752911
-0.006320250385783703
-0.0019398860682648211
-0.0038323618261142307
-0.0016884230972399703
-0.005953792315793112
-0.008110346131991266
-0.0019203615766005381
-0.0013007172465885333
-0.0021115111690375578
-0.01914503140356693
-0.0036721523800579544
-0.0014400985708512295
-0.0008367109902485592
-0.008414857635298964
-0.001853616179207408
-0.006408887623919373
-0.0005618487308978572
-0.00367870616774258
-0.006447263591462378
-0.001082243158239602
-0.00150563780330896
-0.00601276388493705
-0.0015055434206859022
-0.020406472645900585
-0.000983058620641839
-0.005119126335176419
-0.01055830869780495
-0.00219971502041003
-0.0032596822869571914
-0.00151152654051618
-0.00402265453414565
-0.0024575821207170404
-0.0015077902874944932
-0.001986231962642776
-0.0011419404708695171
-0.014467994687597463
-0.0011617692434982712
-0.0007776486898583874
-0.0005164601740900084
-0.012178717395741154
-0.002009009102957684
-0.002763199490051162
-0.0016699940480886433
-0.010724637968308694
-0.000920110920890009
-0.0010135322219588106
-0.0009779817060739649
-0.01164649977473616
-0.0020787798018175826
-0.018381142088339703
-0.0007775535144579061
-0.002842665925206991
-0.003370656324535778
-0.0016671540969379357
-0.0018588471431715897
-0.0023106452485331594
-0.006375580959767006
-0.009212270861208852
-0.0019774341593440403
-0.004055135929330689
-0.000811036378336812
-0.009350317312233705
-0.0016917016167514397
-0.002389533040761063
-0.0010279121671938104
-0.010222362619916997
-0.0037115787907842017
-0.005979051426364516
-0.002333771052467606
-0.008846825727011698
-0.002674483082442716
-0.002438907272309884
-0.001505362568738272
-0.0071151803171686
-0.0023367061476370805
-0.02267655505775896
-0.0015881231133633876
-0.006163238684800466
-0.007888595617038606
-0.0023939707154623977
-0.0023683523943560823
-0.0026094833926820545
-0.004224952705414356
-0.007934648911528001
-0.0028680311449606126
-0.004116178653238125
-0.0009535594476293474
-0.006675317137914327
-0.002809612573481165
-0.001207563086198683
-0.0012316291805638316
-0.026283239286273387
-0.0029957215265018185
-0.00467547199415989
-0.0028785399719310763
-0.005984614181106823
-0.0022194372798674702
-0.003231965479090897
-0.0022790889894281556
-0.008745478278337562
-0.0032714460703915193
-0.05063033404247398
-0.0015374089076030859
-0.004556410758974716
-0.003192086427972106
-0.0025929923257663047
-0.0035089951300821924
-0.004084840344261619
-0.005121029354049384
-0.004647317559992224
-0.0022817254121063456
-0.004047645683177275
-0.0038675027670465804
-0.007861274129001025
-0.0009093139232139727
-0.0010150189335702765
-0.0004443706146199309
-0.009142388478665081
-0.0017131657234860315
-0.002768622134958185
-0.0009200326219143584
-0.002066901113575193
-0.0019814365671417906
-0.0005322151896898614
-0.000396122418926898
-0.0019418505358168542
-0.000934709190627626
-0.007369150227569097
-0.0010237254935493213
-0.0023602901472141247
-0.002616146116780186
-0.0017748220083995043
-0.0010080263366263422
-0.0011388487119779337
-0.0010595907908279292
-0.0010145980463874054
-0.0006013729641591931
-0.001098255273055695
-0.0008696912450082805
-0.0031083029376347887
-0.0032231036006142837
-0.0011569547227496839
-0.000442171853968918
-0.0068443046889518355
-0.005397819985474672
-0.0022713224266839435
-0.002038827928296622
-0.013549601876926208
-0.0024943731116950627
-0.0011397829345846005
-0.0014366421498758165
-0.010313980292916131
-0.003116664882458629
-0.025585337196473056
-0.0010636680192536592
-0.005392808833802093
-0.0034450045985557503
-0.004001455136771053
-0.0029144814984726265
-0.002272096796969688
-0.007953744708128917
-0.004862477735036603
-0.0015684696437687122
-0.0042097202523734166
-0.00485113153861191
-0.003465368730548691
-0.002384157744317088
-0.0009989486401112333
-0.0003519871641232889
-0.0040819073557745375
-0.0014525541581212442
-0.0014692227488558702
-0.001645827782533902
-0.009562186191833928
-0.0010492990670846745
-0.0007882336344539261
-0.00040303336291231664
-0.002667094676763437
-0.0012623254006017951
-0.005628096345580167
-0.0005279400433512337
-0.002275863022314967
-0.0032112844771567625
-0.0009314364762934526
-0.002060592627276843
-0.000785855840627302
-0.003251237555875583
-0.0033720978719856253
-0.0017657274817875213
-0.0008340294394280868
-0.0006630393570428922
-0.010307492203358061
-0.009420568635797143
-0.001514591668190244
-0.015193454852763078
-0.1060549336002204
-0.006423679331415521
-0.03261106980358662
-0.002627500169473668
-0.018719115492000244
-0.01860134262395159
-0.013143252243317407
-0.004280464696659728
-0.05426440351815676
-0.004140376772321202
-0.11111434650477346
-0.007540044103039214
-0.017559507201299618
-0.01737851127633868
-0.008743514892742606
-0.022025580888028824
-0.020359793168548718
-0.07378035101264467
-0.041134202302859336
-0.007942354272661665
-0.02352471210084299
-0.005967743307785359
-0.02943337881639011
