-0.0049722130689675015
0.11675168308229877
0.05196020761746262
-0.2585293761200284
-0.16806584953627657
-0.19775552271035438
-0.13016585028164385
-0.10246651310428193
-0.2319612685668569
0.393092282145074
0.3205442934445811
0.2806852265011085
0.10759131115629755
-0.006072299752400034
-0.11032621039350288
-0.09920879901320478
0.05759202611083701
0.3152129815354747
-0.12189402569653346
-0.3161373181335124
-0.3113045659673429
0.1384034056788016
-0.36318399343915136
-0.24809003999679224
-0.12019230507514415
0.18314980917409654
0.007221884859340277
0.2991515563511956
0.09560138169720725
0.23737266253219047
-0.16981783954587748
-0.8845096996201631
0.07285149439280117
0.011313354489249722
0.2615286721471972
0.05863814246082588
-0.18174734474286913
-0.1173226023463182
0.030725549895109505
-0.4879272640601424
-0.25380393231145926
0.07306252752416803
0.6402859266742291
0.6216426216649773
0.8790622629165079
0.16605055620816772
0.23181121214673783
-0.04536156063465635
-0.04933310642065475
-0.16899226511100404
-0.31963194248173377
-0.22616706921329022
-0.5581222963072516
-0.12190471537522254
-0.4873839670885479
0.011513382073089773
-0.01032295242858422
-0.6995964337607551
0.26850873686199583
0.49039693209621654
-0.2208945668364416
1.0320547105260929
0.2746195078014818
0.278467775735623
-0.24097473280746853
0.05904881201271622
0.10286022501112498
-0.5016630195572171
-0.010086921075458166
1.0566184551908402
1.1160217665438363
0.38709512875014584
0.734195085318039
0.46710137956571524
-0.20304801050913523
1.0147554847936195
0.9025699791782631
0.05531349408824321
0.5662211102581594
-0.13705322578639706
0.34061933501039177
-0.4882369884463874
0.31263702932176246
0.4683735082272871
-0.12122685095993926
-0.483159677893559
0.16744071923541576
-0.1950259768258342
0.5130561075309771
0.34143173756863143
-0.1628280867042695
0.0440697945874895
0.055450617931277084
-0.4840002027077879
-0.15785166549731933
0.4424338666792831
0.5802946769097317
0.41142609953890563
-0.24121771167368844
-0.03527676071942393
0.1141762293880241
0.19863170895576504
0.5481696395514571
0.4512094709876049
-0.11053916350620097
-0.2270324657421331
-0.2311363140537023
-0.19570636093333377
-0.4181949394452545
-0.3584539725775101
0.06093095234344367
-0.001992774474351533
-0.24878426791120864
-0.11466594626790305
-0.2319768943353579
-0.20345738295214388
-0.2320059333644467
-0.1279290360308044
0.22614439185153437
0.4072687046975731
-0.12199176787639701
-0.1385684000039505
-0.25624254533470703
-0.2296026007391748
-0.2810533717659748
-0.19010292605798795
-0.0669850490135
0.1620755574980772
0.17521475972051756
0.33134447499676045
0.10578453891489203
-0.34200003152501257
-0.23407461920801778
-0.3248931667426772
-0.19186973971707832
-0.10424690005085327
0.07627073713934687
0.277704958414825
0.06784093378799254
-0.21350780634899894
-0.18195586601031555
-0.2212300198842615
-0.12151814229298186
-0.07302099073716331
0.04494138748241436
0.39174213947175096
0.06160482934450978
-0.12938712319435458
-0.16418399896897085
-0.12515570027667716
-0.10756351272116164
-0.12816638768704586
-0.20201101792364023
0.3948832582754138
0.029719898660883315
-0.2614126372196771
-0.24239802097098384
-0.08120262561816169
-0.14481018715347257
-0.16697274989514765
-0.25775848841504745
0.25898110762340254
-0.04368558171525372
-0.09990047108424013
-0.0435337130476586
0.053811003848314554
-0.05492455060216889
-0.20334596184090448
-0.25623839878672494
0.24624712180268366
0.1829839884246105
-0.09887681007783362
0.015393510399342517
0.06804159059209056
-0.04298990081208323
-0.14566721752775297
-0.27495589401017784
0.09137368031663934
0.10562431516113507
-0.136242020081238
-0.13699972619235606
-0.07006255123506255
0.32199093706634474
0.08027970227875081
-0.28429321755828985
0.3532920321301754
-0.3089431489383347
-0.14050794767686953
-0.2637777066328706
-0.14611113792512623
0.10869803087606822
0.05910651752168361
-0.39101313235528834
0.3279155578051068
-0.5103876856048419
0.061691443026336557
-0.14326467648988583
-0.046319936150081564
0.20034382647178872
0.12280609850074009
-0.34852996152399535
0.427650003774016
-0.04541818015205801
-0.051841454850506064
-0.1127595079585309
-0.11613053455242003
0.16560486458300183
0.1232659289057033
-0.27070572040978913
0.09264240456199596
0.017633536320966536
0.3138246204450012
-0.18832909105860418
-0.1474632946063022
0.16450084884133528
0.10440765618560105
-0.29331218104281687
0.1558819923874157
-0.06578228148904552
0.2726591699104324
0.12967288506433033
0.406059322504267
0.07827495445836191
0.10243662906313467
-0.19311505959675657
0.2502816716531068
0.3262384185288406
0.1726679382021885
-0.3996072696233752
0.3364201885814455
0.45829624706879907
-0.04091463125289649
-0.24678191522169524
0.2136074875478916
0.2745888986133291
-0.2519183336690437
0.05480439212670887
0.16340723853456357
0.4794749801183096
-0.1756142462292859
-0.10815465038104721
0.316608070932662
0.23957013873372301
0.13023734603915615
0.6763790352693653
0.490351019854385
0.1785611169447872
-0.02523490721184441
0.028922896253553237
0.41630304834249465
0.4868215899235343
0.25174057928220583
0.5688504689676941
0.328277039980879
-0.07423196774265978
-0.003299449913108512
-0.0023735805833999257
-0.04395599915048776
-0.08925573640221551
-0.15419054846631686
-0.0667773091051001
-0.060777384655187006
-0.047132355494166944
-0.048238891774442766
-0.10755462172912533
0.167712697667245
0.10950314138155101
0.13246589065616263
0.11392494327572483
0.14358954090267156
0.21437111015197466
0.21339083842576484
0.061752828194150275
0.10859935506391338
-0.15544580730291374
-0.11435557236251562
-0.1540537936216913
-0.12420712448219565
-0.08718427465762041
-0.021261504882343824
-0.030190401684142942
-0.19392934920617405
0.23014643101944066
-0.2513491764268877
-0.16738498136616825
-0.1800313366010176
-0.4325623760382149
-0.5833744889670789
-0.3646087456324476
0.03180572401681186
0.353551110599842
-0.11597473825736154
0.3642985460466467
0.08215024314480501
-0.045216034544343454
-0.48595543348545156
0.19079206731811255
1.123738982892593
0.6195952484701197
-0.24127828646913207
-0.41235360280333516
-0.27374204911397193
-0.1502306029060142
-0.4054506657038358
0.9274378310962159
0.1930963494666199
-0.6199641939402953
-0.573526604087452
-0.3873146055591088
-0.396724289573004
-0.5307948257830275
-0.5659840673098903
0.8381768232364577
-0.5558094309477943
-0.4830969665415238
-0.4052694504293316
-0.2357432168445135
-0.28493609679329773
-0.2690220114933215
-0.45218499021297676
0.8154548462323225
-0.4798294228827894
-0.3815162395989118
-0.3776405087719733
-0.2617113022935508
-0.18303750908340502
-0.1828038113539912
-0.4763601480207889
0.31592737851737046
0.3167335461997114
0.282808600621554
-0.4621900334054863
-0.3260358623718439
-0.2132154448401693
-0.29783922984283095
-0.26188059510608824
0.1520623193008218
-0.26327446971921376
0.2944053158843456
0.13698760917697525
0.12763844828954443
0.4712370470785757
0.2126595854699642
0.32109466691078786
-0.27073627777534065
-0.04806492922718117
0.45297089662814216
-0.18051427874295056
0.4106193435166574
0.7918824642688425
0.01578216788706205
0.2594365297995042
-0.28751826721928675
-0.1496864238038822
0.667248314759513
0.7186300502574294
0.46728201541700154
0.5183655615328056
0.3959607420679031
0.2724725919933655
-0.16714011157132733
-0.1557703378599067
-0.27656959140566595
-0.013647164046696858
0.029641012784782143
-0.12855749516372056
-0.08738201416532998
-0.13426702990242628
-0.03833418788264503
-0.0939387390195392
-0.16870041048017786
-0.08693548958027994
0.0966905934031621
0.1786635302647753
-0.08800078792732452
-0.04343784320085947
-0.05010253212367416
-0.09159367857375877
-0.06706194910726773
-0.0822723719447429
-0.15119058727722468
-0.11602166925223106
-0.042788053211915256
-0.021532357291585258
-0.0017528636910052464
-0.02890287417731846
-0.06848599519812948
0.04571476327255189
-0.23315264297036598
-0.113088297953858
-0.08562493545264198
-0.07729061108392396
-0.018011838755673
-0.04634476349524433
-0.07533861037554213
0.17746237215750021
-0.1730267228071212
-0.05774754097679288
-0.07054992843630167
0.32683620197333635
-0.07127294882054827
-0.11660442716214964
-0.14259212794215356
0.19393592129689935
0.09993003422788906
-0.13352229708451774
0.1467010017737359
0.19468128460448975
-0.11452602591110672
-0.16157539597385334
-0.24142734604939892
0.10928734250982797
0.04542984752971485
-0.21691708566521534
0.04280647316017561
0.15849129630873926
-0.21738097684095486
-0.20371124221718856
-0.22629975901251226
-0.16563420938945927
0.05332368877227575
-0.21395439177168296
0.09389077573708667
0.04639271649108895
-0.23463822287469205
-0.25932859554069165
-0.11997110290330504
-0.2483980635417375
-0.05218539235506975
0.07143661031028943
0.042460063931157636
0.1136173499192853
-0.23288968797311227
-0.2707572795904061
-0.15752331368801187
-0.2557618803642361
-0.07270041861858212
0.02026265263763971
0.02924759551321196
0.2752244552189831
-0.2646010086486181
-0.20442053405161764
-0.17498912382335496
-0.16770155208820237
-0.06343011805784693
0.0017642528607471342
0.14505290196938606
-0.11294725067210487
-0.29382269484243995
-0.24511321004389375
-0.2137488355839317
0.07780082847095865
0.37204268465651036
0.39627354801981235
0.18860764420313836
-0.10008143944805992
-0.2871596284017085
-0.2343270986037892
0.11516452200730443
0.38586115416909683
-0.1196734351287203
0.40898471031336375
0.2287688672499062
-0.09641022827385415
-0.29092164302467594
0.09560803062614615
0.3954241172463778
0.05285100794589492
0.3206263470741068
0.5382517046170867
-0.21402864200189667
-0.15508577822128683
0.15681129881145411
0.4441780365624931
0.08652269871837535
-0.3500676704208815
0.3012201462200524
0.058773635179193234
-0.20104586062651641
-0.14391494900334303
0.48847710802491673
0.12725332878345
0.16929236080664517
0.3437376593941885
0.33845201053102897
0.054279092764219106
0.21444971287112746
-0.11002976392626984
0.4298268942706432
0.11176112695562822
0.09517236302895642
-0.021803180030754044
0.08938130971083924
-0.2573485409173952
0.2326163487164794
-0.05326043607280084
0.24547386147665246
-0.08210670383492424
-0.11114582337715073
0.1430050315858658
0.20222176181547397
-0.12083704311828986
0.25548404547971587
-0.028677768571694587
0.3208907451064878
0.26813377769564584
0.22033302015882905
0.18077261786796767
-0.19477049081206999
-0.13108712284529653
0.26802600709335644
0.34079797737238093
-0.0009929490673730723
-0.1244869558628528
-0.17122237323800554
-0.25218666278810387
-0.10966094913717259
-0.3337864204534468
-0.2697433806899328
-0.3102935298751263
-0.07625056327638215
-0.207078199990464
-0.2529680749097316
-0.25636515021010975
-0.10963877202059452
-0.11969985278600218
0.005546827168138813
0.008723413307765382
-0.21364555256041773
-0.337124849792652
0.09304528269158324
0.38036215327727163
0.5520061657715594
0.23863553872525128
0.20984885667778255
-0.02469962476047033
-0.3404564079632354
-0.1880289767710542
0.6112988211013172
-0.20474494388048475
-0.23347097493891314
0.035773949109157266
0.4661856864442291
0.41082720017194735
0.12381402181543055
0.3297628700303094
0.23559813490456577
0.17678890798909908
-0.7219238451937052
-0.46557905642249797
-0.6916086302172756
0.36047949441812344
0.3532314241589028
-0.21278235107199966
0.018280806997906685
0.5015221484173344
0.18637918335825626
-0.3594956423327749
-0.11318458081297922
0.5443910376223238
-0.20704009262300915
0.4478769712029444
0.4827465943118778
0.7916410260532062
0.6727703135529175
-0.09280667616909294
0.7487903521335755
0.23473951381101044
0.6237641405369769
0.7564674323520574
0.23702180249608268
-0.15238132836942828
0.5637269773800289
0.4459799968994517
0.2759112709750796
-1.003902248299629
0.9117646753087743
0.016092712571922352
0.19248855116525398
-0.173238168303931
0.4173118737021855
-0.6712641035398829
-0.6405279464863738
-0.8873703665105872
0.6299845435237129
0.1791592803846122
-0.660003702703083
-0.313858481945519
-0.7192509684958406
-0.5559172992885674
-0.23120707262998666
-0.44539146343692176
0.8244382708091661
0.10439397370320952
0.19865922294645336
-0.4661889210672123
0.2968195512646521
0.5529203517703225
0.36410339483030446
-0.07551607658604537
0.13620517534932347
-0.1062515638996501
0.4948732287991079
-0.054782235298642123
0.11669457178684409
-0.3041563104557814
0.2717175401689319
-0.3911731199192438
-0.008115820850595645
0.1362519554577742
0.14568719287430182
-0.11508422104510607
-0.16447532794735537
-0.27929895238439173
-0.02185936871796737
-0.3190505128377461
-0.41888768319187386
0.0784325957133842
0.052028807346308
0.03792663060521023
0.2421657944672858
0.24715055487443566
0.6583696175124658
0.32193526669912886
-0.3068788115181099
-0.15298331373566354
-0.0626914216241515
-0.047664451425137366
-0.08118253018818902
0.03565122521734765
-0.16029624578659046
-0.10943715578647642
-0.2057927861426724
-0.23541751779489684
-0.1186385656024449
-0.13251534781774732
-0.17150390448227593
-0.19925835011057302
-0.12963352396976657
-0.016102490653793128
-0.047646677096918444
-0.1406551588511345
0.5942818764816247
0.3342014323796215
0.34652501074937214
0.7016032846947358
0.7996879013745015
0.4235969710122791
-0.07789973008165635
0.003312762596066575
0.4209848029522022
-0.2677678395056531
0.1946707268300817
0.2474364482514294
0.30421405326763656
0.32064185288416674
-0.1200291578108918
0.30833690083688475
0.07669084064021736
-0.13901662252904573
0.23519512996510356
-0.0911951368311581
0.060856025832324745
0.2993850803933278
-0.11857289967725124
0.3204743523067737
-0.3997268379846627
0.21612173602225027
-0.17999128944101228
-0.08953342085919413
0.01708628681625557
0.23406482260717562
-0.1669337166931424
0.18075151212435225
0.08606830911476125
0.20572474042133967
-0.173312972335057
-0.11837155328349064
-0.018783127818211343
-0.00716466455023429
-0.19075332713480578
0.15779622542238725
0.1282821905762354
-0.2998642837285469
-0.18899831152269558
-0.27248360909587865
0.002307205954742264
0.0518093567858173
-0.22420562311462455
0.48288777360660573
-0.04331227553404665
-0.3656567354595362
-0.37808019100543605
-0.39809494246604593
0.08796974148163045
0.06032214413719611
-0.20312539215210063
0.42094328080328414
-0.21585244326863845
-0.33197913583226946
-0.3273478512049025
0.1522567049219371
0.12273406628760475
0.06481679494884118
-0.30893185622157204
0.09772223584666959
-0.09986814550721884
-0.21876116029835224
-0.2100647011012966
0.07012748347620296
0.03341632508643755
0.05930480806286803
-0.18544106408714034
0.1850472997933762
0.45139851783145774
-0.09731393687023197
0.02555393372360833
0.2608527518646885
0.05850874798190954
-0.14465606882720794
-0.3731682721713352
0.1088028604418722
0.14110411878404985
-0.3225880592907346
-0.21097029529249323
-0.15154577724412463
-0.10607174475059662
-0.1437358985661436
0.02733081602724865
0.11456671774530686
0.40840724503558407
0.4439071038458209
0.0444377495590714
0.077607061875965
-0.13447978501932728
-0.13494795282625788
-0.12873890622264164
0.3858134306808238
-0.21865707194147901
0.04305987563870507
-0.06559206992719901
-0.1317845304399235
-0.09608808933350033
-0.23492278418441637
0.1927160142546171
0.4087877698418693
0.07815922866090896
0.08045623141222596
-0.0005415440175393638
0.06338980827070453
0.08997340580069843
0.2142007232687583
0.3537911669289947
-0.01853762938123535
0.2556195847430638
-0.04765356721575667
0.031026148854837843
-0.11037642421731936
-0.16579210590614013
-0.025753471382789273
-0.17016863513153513
-0.3714361989256721
0.24318353933460163
0.5158296654752667
0.027727469576226405
-0.22445735111001713
-0.13488685291902933
-0.011341128424377067
-0.020053635073580017
-0.03005473566236258
-0.05438237182881256
-0.20658343684333644
0.12227922568900051
0.1282610054347172
0.10558631033362187
-0.09222853180540114
-0.05570393635432212
-0.05811695816505302
-0.08050036519611226
0.07519204644321872
0.08823315182997096
-0.16169234435527785
0.08450815322455729
-0.1706622092265777
-0.10533457546010705
-0.09117361047654599
0.11725840187951492
0.08314723514065835
-0.2189027058339591
-0.19424623817298142
0.2987871150757273
0.29528985146091896
-0.13061576309491796
-0.11883817994013046
0.01744678932444771
-0.27578022111130596
-0.18089262523690897
0.42716599002283373
0.12344169618581269
-0.18479134508862247
-0.32637569911850317
-0.21521524821405602
-0.12157476124613159
-0.21342456264271747
0.3358177492884499
0.2894955859700977
0.4344303974595243
0.5450852620205342
-0.4115651464822887
-0.26831118173716173
-0.026516240889397025
0.37289191338762995
0.12593157120969906
0.5961462875060921
0.7603539675638181
0.5853369342276746
-0.41618295459694327
-0.27155710008213596
-0.2920978147560477
0.22013422945032945
0.20045462566428776
0.5506014953629147
0.49386537188643664
0.17362303289082348
-0.42431919239016114
-0.20719003085929255
-0.23647516335901184
-0.2580709554556717
-0.2861386123695593
-0.018218422309036787
-0.0971904062008116
0.45644117746336926
-0.49292934071728345
-0.3334576863418111
-0.245092701203174
-0.26712770585718054
-0.30791888081116414
0.09080379039405281
-0.2140530057706419
0.49431064257970964
0.04711365496334938
-0.30870778786695385
-0.2598532358172238
-0.30478871727278994
-0.031390336265423535
0.12963048641208913
-0.2068815018032958
0.5002375247492032
0.01477166631481941
0.017557510624174988
0.10482788045744962
-0.3140625452010994
-0.016825642570755472
-0.12573908612858137
-0.1839719360554633
0.42324168252630523
-0.3961330742593587
-0.4365179224067186
0.11728557573732873
0.05806673626525399
0.4183784002633431
0.23367802518080064
0.19383407567650485
0.48866344922993415
-0.13016951065927218
-0.01867742262517208
-0.06642375528770927
-0.05829215206128047
0.002548746431235871
-0.21394417327885606
-0.16288133382265346
0.15367012331384333
-0.012564794166032955
0.15526399406230584
0.317735806838201
0.29520285710789174
-0.10225493742981406
0.021953364846206247
0.07577654350104168
0.34071672653530166
0.014267644407662872
-0.09488170648893698
-0.11216239118990107
-0.2061755088076624
-0.24497678524805966
-0.06866222002469537
0.17475023984201984
0.1178036877021793
0.12211148418209294
0.05087116023224886
0.0023086787248851326
0.0286516884295544
0.00340467889508847
0.1145584810289996
0.13903856642806606
-0.08411366405740928
-0.0080321681697956
-0.015902175078667202
-0.1168912527001677
0.19824100200525477
0.3235626609557371
-0.08318750742069761
-0.07641741985080824
-0.060390244897457424
-0.018213331272666555
-0.019601346540242648
-0.09992027126157893
0.30350584208005826
-0.0883588547440941
-0.048230172246266495
-0.04329448743550757
-0.034348690947113694
-0.03324626175632528
-0.04156516562525747
0.29784043914331143
0.33655222054881984
-0.08934935612689403
-0.03484819717540638
-0.07473384378602232
-0.041446847562733646
-0.061029139734081306
-0.048836498123680905
0.27276768118966377
-0.15030833730898982
-0.08712380464560261
-0.03730092421769697
-0.09561501908047657
-0.07242845348477235
-0.0872322685052927
-0.1013716994449706
0.2544992340557386
-0.14976849680963888
-0.09111378513081969
-0.07750682360199802
-0.13822027712415752
-0.09139435356063103
-0.12527553016643023
-0.1157044670503991
0.2721574128749541
-0.14666045517917126
-0.1388920294065903
-0.11639615415933802
-0.11431500664203993
-0.07746683195789285
-0.1526450460268634
0.2467619382863055
0.2449129275729032
-0.14485986145946714
-0.2075152444428741
-0.1495556071728673
-0.13139064645181958
-0.06091151935490369
-0.1544556294208846
0.24151652646418592
-0.16200613104342287
-0.1329015665376278
0.18182343976697127
0.28991407620491705
0.2665972204044964
-0.07318165999785384
-0.18592150778145933
0.21836686596355553
-0.1760472857904748
0.2186602890547179
0.20303736449449455
0.31735065032556653
0.31031398266522164
-0.0716899778412105
-0.18876145562004495
0.22341997707000916
0.21330023224169337
0.2156984867136921
-0.20684890153392277
0.29799182553692644
-0.12386562740024948
-0.1056026417749123
-0.12727176171751614
0.2369065276797132
-0.17793539744889109
-0.15545946861548485
-0.1914660471927257
0.3138224701748599
-0.08119201926848058
-0.09776953473058814
-0.12974113352669298
-0.16548962645412152
-0.16664522487308564
-0.20809610081607044
0.15356796713174503
0.2717962159948635
-0.07430648585132371
-0.0799648619454855
-0.0924069839384084
-0.08157570796377618
-0.14845272099848075
-0.18238527507264832
0.21906521667003054
-0.13577871831599142
-0.08743609198804095
-0.08871593036991787
-0.0886272837941052
-0.09439554040791659
-0.1016353430429259
-0.15057435827148896
0.22711055038418515
-0.09780912617202597
-0.04183196629496577
-0.03532997264140281
-0.04138415150072298
-0.06675461206306088
-0.0872913539624954
-0.09255432468560565
0.23107866080210931
-0.08149330312392439
-0.04532459124144628
-0.016460337428908928
-0.031927192000334115
-0.055669647633071806
-0.07007153311808095
-0.08981236193836671
0.22906995363370533
0.289894718561334
-0.02914073718217769
-0.007366345821247233
-0.05088436997581133
-0.058401551777457233
-0.3796702554734569
1.7785516410127153
1.2389169222997136
0.5236018638179877
0.303716456908211
0.4410456272834909
-0.05662453256756794
-0.1557006867358145
-0.3731632872528266
-0.13782964083260213
0.2207995477035752
-0.37065345034142716
-0.2941840752488948
-0.15779074243650137
-0.09439295429105782
-0.2713504627446952
-0.336546421492955
0.29274076303475044
-0.3260658088930542
-0.20895308847995936
-0.3262637024025624
-0.19535262371782897
-0.12374103946633513
-0.24516719436740053
-0.2397022314242658
-0.46002565741917745
-0.34213423741771215
-0.18782922660917525
-0.3355539421844798
-0.15256563703958959
-0.17372000539932467
-0.36696157874690716
0.30654508230477534
-0.619617724979933
-0.5121369959951481
0.08504806137485219
-0.34686637397483383
-0.2311641594851495
-0.21970937746199345
-0.43766008845667914
0.1236353184205237
0.00942411704030863
-0.08951026764436329
0.16176588095595623
-0.18955795605072567
-0.19123164575136345
-0.14839784547324142
-0.9441935998622473
0.6497787082293993
0.8420114104352313
-0.5506026941204056
-0.2732346691068284
-0.36008016764823236
-0.23028786824936076
-0.17840049119477408
-0.02285860912460147
0.7903964369158147
0.24483401858908954
-0.47181130837375873
-0.23250931381116596
-0.4750034393669593
-0.25213526939051245
-0.5572368272203998
0.03638252260447017
-0.15297937854930163
0.15010210187460954
-0.3543556383837509
-0.5352512207843223
-0.37165344515811455
-0.1681886964528437
0.22825302172115608
0.16242200581560712
0.0808682924784615
0.313864894483612
0.40967711990889605
-0.17974162457236126
-0.3114306154041545
-0.2957080690043335
0.39607736214022715
-0.2863923626714902
-0.03782982026320714
0.4898821258627452
0.5306403530721211
-0.5443118640020435
-0.3097150713047936
-0.08013837270714505
0.3894507727135219
-0.4973679221198829
-0.26258136174898206
0.725379132587317
1.3639479230555211
-0.4149403721931134
-0.12642427053818417
-0.06072068811896936
0.4495809495305096
-0.35763056758559697
0.6894074410932929
0.8268707842805594
0.3178265093957467
-0.32750823435532106
-0.3705007658756293
-0.10186663100817633
0.3140882212536404
-0.2725358820780462
0.0864307009427761
1.2019890741119084
0.44415034564535827
-0.15141903486008845
-0.2760589882770193
-0.16818097702935128
0.3954625855405922
-0.10359726548764174
0.04960710224755151
0.7061462052295038
0.9807490605191577
-0.052017911408521744
-0.2204694294857809
-0.03272037600395962
0.6213352061236694
-0.1873944179709886
0.16839523141596022
0.9449625882746575
0.13098372525347346
-0.2582936063480831
-0.20211409734752078
-0.14467180587390407
-0.0015450991844008777
-0.005992176763113366
-0.01898185374690503
-0.050211561367580815
-0.03722573721400518
-0.03654338593528267
-0.0184069723327885
-0.016683165046023518
-0.007143682389197048
-0.010773950509093078
-0.021848721237918922
-0.0237854135403871
-0.03449979838105022
-0.026053062500617848
-0.013309378138355865
-0.011925762585919264
-0.016145881813386664
-0.021480560750888167
-0.026886744654529227
-0.018706110334931678
-0.03326888342811907
-0.027471009457562756
-0.021548359088492813
-0.013644938713108956
-0.02596625759251875
-0.023121342275136902
-0.03648378904478711
-0.040347596809172326
-0.05595666041323616
-0.028261031044651413
-0.037995064144517754
-0.02951290611672258
-0.04361526198797738
-0.047872442367314916
-0.048083929197517694
-0.05148206006901329
-0.0573985024518987
-0.031154300506435695
-0.044542978705374825
-0.03873082598525264
-0.059166198872961207
-0.05380022206322392
-0.03972342783596744
-0.062361177416558444
-0.06391603443739866
-0.03786979995104475
-0.03857815888389525
-0.02914146979205265
-0.07158666781695225
-0.0705594908724761
-0.05370772207208427
-0.07434176953078786
-0.06439019783578247
-0.04927126413728383
-0.04328489749857162
-0.030727729522222302
-0.07779898810059982
-0.061596264289039526
-0.0587584607831332
-0.05990123601349301
-0.06228147113230886
-0.0358992737396297
-0.03746123154376696
-0.03404320902623968
-0.08527745004301146
-0.06274257736055666
-0.06044145479838309
-0.05959198051661241
-0.05446769090872863
-0.028309537247810157
-0.026598527828232132
-0.030758074403315447
-0.08810204327409862
-0.06717255219982277
-0.06457521425550766
-0.06298564404365187
-0.06362780405793611
-0.031198771688212362
-0.0341374777255434
-0.0432395989164608
-0.07224188087296796
-0.059858505818481095
-0.06524827516798204
-0.06638781469266114
-0.061502072093910246
-0.025182796064447732
-0.031665439903886
-0.04094194442628918
-0.0563723089428132
-0.05132055737073116
-0.06010080816871644
-0.08191056293961943
-0.06956449708409015
-0.043926162321972495
-0.03191874811131934
-0.0358114023062302
-0.04549283097875359
-0.03169287624294498
-0.052536295439440606
-0.07310485386933827
-0.052192759862672085
-0.04137038755173067
-0.031195895126817696
-0.03476414729577376
-0.03788759707712791
-0.031166136901729424
-0.04098767442569265
-0.06144009485670064
-0.05018726781722527
-0.03136722292131405
-0.012407046698529739
-0.011567397996292084
-0.016943404297838437
-0.016113736136490003
-0.031112158709913962
-0.04128152246216084
-0.03671880460935367
-0.016165711054312693
-0.009995383006140057
-0.006173940544353607
-0.011127691697066372
-0.012129311121042374
-0.03188632755447879
-0.03948764837759981
-0.034997226885868704
-0.022815525755594118
-0.009107939620357164
-0.0024610280353703495
-0.042597576419867667
0.43225886039188605
-0.11959175286132534
-0.1454360551094418
-0.12902104100780748
-0.18791909173845275
-0.1157153604256671
-0.1223634564787619
0.3720245904813864
0.3342765458442194
-0.2185145193796787
-0.1516506755192923
-0.1484454960489347
-0.15709042861649802
-0.20611859218514347
-0.15324019571673708
0.3267098041646468
0.22791075243277492
-0.19460939802481572
-0.05952672659039
-0.16489555733818637
-0.1962039582270704
-0.1929708848581687
-0.08580982939616344
0.24831643438532186
0.16796854547837914
-0.25353311512102683
0.26899898088242546
0.12595962640921102
-0.1957628950169335
-0.19166351717596114
-0.1573611891864074
0.13177641003112006
0.04828028874524054
-0.2933685805334404
0.14951881797991856
0.09671829859693834
-0.23180393662842488
-0.3605504242629477
-0.2541907640098205
0.07494281581198198
0.03992685045876576
0.12714517897428304
0.03653975501496154
-0.46214515094404784
-0.3072706564103305
-0.24724542051439774
-0.1104332765673208
0.030556425746418966
-0.12692876708468892
-0.022982330815496416
0.08150188263336687
0.21883258558012675
0.29571896237126144
-0.2405337660864656
-0.1139843293648982
0.02071126060080758
0.34293975638196217
0.5722644789119682
0.11113342308859868
-0.2810358219639068
-0.14433641426864344
-0.20301133792371778
-0.14694697771103976
0.018894442920169174
0.3678217452866288
0.08057207985301876
-0.2989370864726358
-0.1346055246822435
-0.1147284951655794
-0.15384945577579348
-0.14121026308897955
0.028074194703069863
0.3774527932702814
0.05203935296798302
0.2105674060350965
-0.17472129527404495
-0.10987632212286041
-0.18744344347882735
-0.22451790112728587
-0.4594830285407457
0.3568203247852719
0.06021530820033905
0.11313274982618611
0.19829558748499604
-0.1614309693912062
-0.19736026329457917
-0.2408258946562825
-0.3088745466442222
0.4046391524795233
0.08422119313299878
0.04016020523656421
0.04087169266535268
0.026914219726582228
0.3156190487794307
-0.22374244067288626
-0.21058435435563913
0.5603123223049644
0.08930104803116184
0.2511871750841684
0.43840406879257837
0.04938237137538537
-0.03334817320838296
0.12609562370010033
-0.18534603491602686
0.04481527112372394
0.11311039811059626
-0.19489218209315057
-0.22456436146963443
0.3759469583812412
0.3621292906624959
0.38712602268857305
-0.047601298190013186
0.19460001693866918
0.18954485730913828
-0.13888285732676864
-0.22587411649858968
-0.1727881769619526
0.40551884334954974
-0.046041170401876774
-0.04710820771860763
0.27294629626470324
-0.3898907960542147
-0.26100957690789917
-0.27752833674024335
-0.23387150039412424
0.4764063163159428
-0.012628279333632225
-0.059283911730241945
-0.05708029879942411
1.048239914645761
-0.024538922240158606
0.07847900505080435
0.5247940396136592
-0.4883753354172222
-0.13925080359988995
-0.07731847520618326
-0.46450046609853235
0.4984519081509498
0.2958761186768877
0.51163111970842
0.6825815533323023
-0.18337706964102557
-0.12359702802796738
-0.36327128408109677
0.32287384419356063
0.19443254670345667
-0.3752084953378343
0.5969289427439837
0.057509787117549005
-0.30138343380712856
-0.09789205359708236
-0.3690156978303757
0.4228455687773494
0.3797029963869425
0.4949796673875441
0.829542658199738
-0.562583346595052
-0.2912020939944151
-0.2101115569174966
-0.2999473947794195
0.27572089065510197
-0.6198071734663778
0.5518372674009989
0.7485175034465776
-0.751273928064042
-0.245575053711593
-0.20939226383304543
-0.4112938178133274
0.06899216022442603
-0.36956202222123324
1.216262483935271
0.4908088475294949
-0.6926240194760769
-0.18876351507656303
-0.122863837994593
-0.33426770980714215
-0.033121089409629156
-0.7850404130700877
0.31244700556691496
0.4658625166272005
-0.6192569416031558
-0.5589811148995583
-0.24250472087458974
-0.6330023543783149
0.02980531992646565
-0.30663518751367247
0.6210255012521374
-0.0031857060768395937
-0.6164577658491354
-0.5685496424000278
-0.4812884312463248
0.43922475474136913
0.4405410532617953
0.051403444327288106
0.07948134648522817
0.6542656201642039
-0.24517676645863484
-0.15431118413365635
-0.11214859222899975
0.2877769255078075
-0.6289418323045323
-0.038458757192206205
0.32838679280297955
0.7532488206533852
-0.5645582140469481
-0.2159149432640486
-0.12501003471857086
0.06924872393151951
-0.6761005592774637
0.027106898996243523
0.45318773458568234
-0.21778273828866362
-0.22748779032492
-0.32708084788149316
-0.2544351986710069
0.25528467041166936
-0.6157704028376364
0.10244539149557487
-0.157649138932243
-1.0166169328588657
-0.38161308000095706
-0.48306234574395335
-0.13933013391979754
0.188636140090596
-0.3568872711412524
-0.01262628556270129
0.1562518256726116
0.29197826569079544
0.2361485863322231
0.1874159228707555
0.29394313298901653
0.15495066206641495
0.21479698772222572
0.5325823669812071
0.6035774485112078
0.7775272822462557
0.5275978986626748
-0.2796994190637302
-0.1581772121028383
-0.2333736052611176
-0.12280656995276429
0.5175491999838107
0.29126307568883053
0.014790140170408833
0.1998205073834933
-0.24795267990655295
-0.008503204264711517
-0.16101188036231887
-0.16585141154118938
0.4634974462913237
0.019045781279943205
0.7867483778002183
0.8928080818771738
-0.1265401304925844
-0.07176313865889355
-0.003393086988243421
-0.008586808582271732
-0.02572144170856279
-0.09399456388695304
-0.08562750773905436
-0.13037418653717298
-0.2577465177898305
-0.25430971509374656
-0.16891854454653632
-0.014617227824443389
-0.028088406508398
-0.09198178614821725
-0.08324678315154696
-0.11799417425315178
-0.20007355274876382
-0.041739650857697375
-0.2050809878298667
-0.03016588836105724
-0.13274478407820683
-0.12053404865130432
-0.22797791686319757
-0.23571145899025758
-0.37174102216837823
-0.11936171944886785
-0.46549142673000876
-0.141141033192697
-0.21957367134328187
-0.29698422387798085
-0.37970402899026057
-0.20326190152390908
0.12762673158616986
-0.2897729199608175
-0.08729439155201346
-0.2558560114295816
0.08066615260239979
-0.15639319869641954
-0.05779112136011423
-0.5212355073491097
0.07825055371375678
-0.1161929332601749
-0.304619457426119
-0.5340554093047392
0.38496530540122875
0.0213801840106512
-0.07227515090093958
-0.13686423784388244
0.26575777482813717
-0.316523818785489
0.6851615965957069
-0.3369203382799988
0.7766845489094931
0.03224350666640116
0.1355286715389903
0.6039975845056815
0.16263912931146793
0.21380026132828717
0.4944402738967425
0.4484178238710127
0.728994437659066
-0.06509715413165247
0.8172472997916151
0.6332215244564505
0.32065950754501776
0.35025547962820813
0.406386469996218
0.6867030336247952
0.1559962018595411
0.12534725865743612
0.8122964497959304
-0.49256324062551976
0.569529109134533
0.5191045901495803
-0.13509041333454208
-0.013653226327726253
-0.2457596259847522
-0.28274699434566275
0.344915809551954
-0.021711863787911567
-0.1392345590080868
0.6274295519202651
0.06416318068756521
-0.11597708316379224
-0.9245413775127045
-0.19597156445777095
-0.0993267446361547
-0.17909947283947625
-0.33550277497644077
0.34552397678157093
0.34750601250429186
-0.5625237521335685
-0.4726845086979182
-0.4541945283320187
-0.49120395036359565
-0.19345629202768788
0.16287731665244298
0.3509447408151564
0.27804301696177147
-0.1928137640633554
-0.3552464128733162
-0.3636846188295198
-0.40583116877934167
-0.22732469058436633
-0.20251984019382835
-0.45545079150058887
-0.2600864494925713
-0.11532690377864446
-0.07129918257898593
-0.2520250403061225
-0.2506641430090474
-0.06696741398750958
-0.06251418140269588
-0.22434908150110122
-0.16414091135496828
-0.04691871437260294
-0.05222354539488974
-0.24790765193138597
-0.08731882679461142
-0.057205575528782526
-0.009343667015110857
-0.18241621437826752
-0.0952684399824259
-0.01435320167142129
-0.020446937607778104
-0.20974201457267375
-0.21401819554609353
-0.059424789169028214
-0.008087013213542299
-0.029759883090902575
-0.010050630605485777
-0.15510022623606406
-0.16075644605584938
0.20482981968226502
0.13180265028891175
-0.11873441265359241
-0.1385602419131002
-0.12469902066488117
0.06735914586021782
-0.2080576296633663
-0.32738646558881035
-0.0874265261286212
-0.014036405584368583
0.002036017287623093
0.12726970780513097
0.009879184151849407
-0.6015894237780448
-0.3875709810864617
0.15164963770038908
0.2233860070802598
0.3281704737963504
0.2131589435303053
0.25239632997337147
0.42946505039405924
0.6695881379236628
-0.3054055792076419
-0.0010507008821687147
-0.10346184625712743
-0.2553461997480114
-0.3991491621159189
-0.5376890617304807
0.7407666192225408
0.09995319563858324
-0.44561681225005567
-0.14611109826723734
-0.12070023893116086
0.1134365765114489
0.8846888140943064
0.43869023819607667
-0.2953789742845744
0.21575842300389814
0.33274707425984307
-0.40773593530823393
-0.7560995875289482
-0.34376618438500195
0.07002681535096739
-0.04746992311271525
1.1053925529142385
-0.38621411112444604
0.1259090068033339
-0.13929262246080829
-0.28798999008403137
-0.19521689401357267
-0.08454701897001593
0.08051477123502299
-0.10420053299459026
0.11292660766928808
0.41983296067867726
0.1053095137111359
-0.324447623601939
-0.3028582448748102
-0.37830530721757305
1.2793397538206073
0.5765300680129739
0.3722579981620678
0.4904175527385462
0.7377637618443766
0.5378564590736981
-0.0761527111958547
-0.2621454248818519
0.13899508979951486
0.8264472200283074
0.30392959147461823
0.5089038859144458
0.6554348858918565
0.554098939079827
-0.2528782750839783
-0.33134699212411267
0.3181159411229193
0.8857530197790056
0.7738390641894032
0.8176621479262944
0.5341779147634964
0.4138490498521914
-0.34606499563542903
-0.5879394783148598
0.21509799535178975
0.5680125367681322
-0.10381848601134536
-0.5565087764893841
-0.7739727003013218
-0.30238153852904354
0.12717196347407567
-0.40175230093998665
-0.4713485891541474
0.043126444780467676
-0.4746045702907362
-0.8044493922590401
-0.021237208219190715
-0.06549629098042056
-0.19247549160074817
-0.15188582984372412
-0.2892799297391593
0.524614698737395
0.3971088950739101
-0.5276157491515747
-0.5938253671674013
-0.3986437460237282
-0.5446425192042736
-0.33665420792523404
-0.21790444543847742
0.4268090109684305
-0.04681545735959325
-0.1858248282004219
-0.25350540320594145
-0.27450875105981254
-0.3902180906871953
-0.1668991997964424
-0.18373495197186912
0.6012245767227701
-0.19777735411998393
-0.24220097753961717
-0.2855021326494927
-0.2856293470117942
-0.23749239789698584
-0.21303317665650345
-0.0921547439522512
0.2759328356934596
-0.09751355513534443
0.2282881070348899
0.20845502187531714
-0.26668563930007927
-0.2681218894651004
-0.11624276970749303
-0.0754345401676968
-0.03135393294240113
0.09392654162455369
0.21384234046733547
0.42523171717415037
0.3613333594341517
0.14020710564070427
0.1823304306075494
-0.1314909611526009
-0.25432201615553296
0.1547228372823352
-0.0906376162833728
-0.14561853161489824
0.15342088435171825
0.4401447587402884
0.5810707857684212
0.2845019797414819
-0.4420810616850865
0.013612436424664476
0.041293132014466716
-0.0956411026822011
0.11672491311273955
0.2618157645363918
0.3701568684540051
0.5782345487522379
0.04963756742929418
-0.21636376540260338
0.5912964507431487
0.2704989943889941
0.4665065278359465
0.38641211676904436
0.025061292714336048
-0.3847827907024822
0.4562674752807807
0.36788452178433106
-0.10464385580790175
-0.3393201068266113
-0.0291832541429178
-0.0294256693689815
0.3077618393900483
-0.5441284014653736
0.4247218110385534
0.1568412625534545
-0.24903463046391858
-0.17142056282482698
-0.5702566384677272
-0.4064154174500907
-0.2594963716813319
-0.3346079178728878
0.8625940086996702
0.07906556831338984
-0.16485001987602466
-0.4955218654307707
-0.3263057988269521
-0.3443600016816535
-0.5932127721034063
-0.6306451169619247
1.0528340425319211
0.40514799179936006
-0.3891636751533311
-0.47535616833368727
-0.21300554208212275
-0.2619694362103847
-0.3043944207214277
-0.4439985026909623
0.9262920460872317
0.07288999217901726
-0.5787706922413859
-0.35489284684175126
-0.20464772148505067
-0.31549846784176083
-0.2770080572134826
-0.05409556115450362
1.0276531893591687
0.14969438014636938
0.06857008301375939
-0.3892946070782961
-0.3935397651101695
-0.3005735871998759
0.0434404143030484
0.40625456409823735
0.5051377934520714
0.06158284503654571
0.5360046098636917
0.15582905244536827
0.25576905468813416
-0.04674447929143888
-0.07923177361394648
-0.03552593688044642
-0.02986258595500285
-0.3648662206859232
0.03742916540914454
-0.13966739052819854
0.28024379759814594
0.3619287440097113
-0.04450770897021458
0.3987334089434949
0.04654936309939983
-0.1836506233672203
-0.07350221549355157
0.16812193334447706
0.22539811594397058
0.15563427007031772
-0.0768823478841349
0.035076606024637164
-0.3429567220619163
-0.16640778593668376
-0.06931709152688337
-0.00013683901065027204
0.21729360714720491
-0.046912420561768864
0.17748394675905171
0.1371209060053067
-0.292173455813633
0.2008143855425763
0.08576677531665336
0.04628323752121288
0.03491043983174371
0.03592405011801725
0.17161687590717822
-0.04942948219724266
-0.16233604765675452
-0.006926793966586645
-0.06261592706993258
-0.09732405549389472
0.22818380285494033
0.2504830812037819
0.20438660033779343
0.24563235055891397
-0.05126876741814021
-0.025883603711680817
0.2541457873767897
0.24232764656200811
0.30095677659195574
-0.0839433483245047
-0.10567886498124868
0.2580038962052387
-0.06972153355790722
-0.04581447264472238
0.21011576075439664
0.24988705467903716
-0.04959615317410215
-0.08013040102295003
-0.08789916259956554
0.2679779184629207
-0.06627043651363895
-0.06618889716596893
0.19252762241728397
0.2462204853076439
-0.09415215128656251
-0.11493249132485145
-0.07360571524982412
0.23317458212381292
-0.09475207806328328
-0.10332577898611181
0.1549038647904025
-0.1290635027644237
-0.10429476853770692
-0.10715656796938883
-0.08733366478785265
0.19270718448709656
-0.10832967517209102
-0.12741088270029022
0.14257094639041296
-0.10966841063172
-0.13865763469049724
-0.15913079701536242
0.23051491510696798
0.23375440616329987
-0.06978186056172864
-0.13737987378971678
0.09984944088263187
-0.140469695345472
-0.19884615457264543
0.1566554895579105
0.18863642987369977
-0.1205688160284053
-0.060027584105920406
-0.13898188682653576
0.07996892770100922
0.14465716297645642
0.17102666705024627
0.21695686859786809
-0.09666609399410656
-0.11312427967036925
-0.07012567624471637
-0.13886052599682347
0.09325910643166307
0.14118644169769404
-0.1410599683605812
-0.10177896977529738
-0.054295281143701746
-0.07575693445814179
-0.06749293368646103
-0.18701244395246375
0.10617502062747224
-0.20688432306747026
-0.16481970829815026
-0.13409000499774543
-0.07889052774559935
-0.09012067026762727
-0.07413610643032922
-0.1300538438125923
0.10686963228626385
-0.21836812819789775
-0.10734738469031141
-0.11689066500020917
-0.05136485588524092
-0.06269593260331613
-0.07363793516410683
-0.12821920314830532
0.134069715926931
0.14297692610617324
-0.21898538623080466
-0.12405375223110071
-0.10579371403876392
-0.06081353959751579
-0.07427157186485159
-0.09819765208696524
0.17842823169035216
0.21201099980473945
-0.21174984959615328
-0.13527663138290524
-0.14864858916052426
-0.09031989863663198
-0.09570925617890808
-0.10996447355256489
0.16306596284599068
0.18261169691226156
-0.13097653799541253
-0.11414472877866227
-0.13188837832830536
-0.11359155957945062
-0.0675843794137688
-0.0723484937780062
0.247706029607929
0.21821882209117296
-0.0713661693885399
-0.10653701618848654
-0.04014723832662759
-0.07541135686671985
-0.024697851035415885
-0.027896986677465208
0.26902413210100934
0.21796986587797362
-0.12522395192355545
-0.10848817564623014
-0.06276286194064992
-0.0667538423364448
-0.012022531579007456
-0.002382077919945075
-0.014740430434158514
-0.035791606166367396
-0.0896153506333287
-0.08555694924644872
-0.1794084392138634
0.1823482857178936
0.21896689694573102
-0.03027170457713041
-0.02702270162456888
-0.04393271934119197
-0.08782037938877513
-0.12050332748391682
0.23784169734191551
0.20553321993686774
0.25914452324930404
-0.044157889445846754
-0.03191786765423904
-0.08948455546165696
-0.08085620614493866
0.2088707841976175
0.2279286198159451
0.16839931401091057
0.27803306135094596
-0.05789733813678416
-0.0476232957691651
-0.1520164081590158
0.21072231156686472
0.14939151085137725
0.17164425500215205
0.1476097823869686
-0.0750685068112071
-0.09581421290768849
-0.09333063689787485
0.13955887848165854
0.14652153875798807
0.10361151111705985
0.15558731235019052
0.16210395219512025
-0.113931350100653
-0.1176589527733282
-0.1068194814594397
0.1694081348675788
0.03716205866563771
0.07191298910761648
0.18359827744950402
-0.14034516366723349
-0.07921857577152508
-0.13563176372756972
-0.1608513446702035
0.11431443814014525
0.0445819273519996
0.12629971427693687
0.17020212444073113
-0.1504048720295454
-0.06767585154260089
-0.15508150546223648
-0.19438017522365297
0.10159570371810367
0.1232847719176236
-0.13240868108651205
-0.07649819705833222
-0.12527193143382687
-0.10649153132783877
-0.15997935689201964
0.12334712907530965
0.14409380226318236
-0.15642578919790162
-0.09090708489222377
-0.06740336856451329
-0.07312839117792676
-0.09304074473288099
-0.22553342062651932
0.12236809629997494
-0.16256590915310465
-0.10978322627435777
-0.13256074547729446
-0.06174976630790269
-0.07431643980623431
-0.11816656198134337
0.12660791644931663
0.13936031707310925
-0.16590305029078917
-0.11342603271461726
-0.1387914823022001
-0.0492929291530943
-0.06053721071935968
-0.11604398289331697
0.1472148200662881
-0.17157082138499036
-0.130609547966679
-0.15064396705801192
-0.14332597890401355
-0.08871123926491051
-0.049732096421467364
-0.11173732269225656
0.15667667650721254
-0.13009091211419854
-0.11770722588050997
-0.14135303845273506
-0.12318521194263246
-0.09260141227783397
-0.06541623474929947
-0.12197643437188976
0.1627559288732358
-0.10151576357699726
-0.10900285734658205
-0.12046476246361093
-0.08743267863450033
-0.0548764324686119
-0.03916303348253414
-0.08396688688943121
0.1699810032086377
-0.06641093734924652
-0.09721380804447588
-0.0852473218089625
-0.06908547413921018
-0.033581825712694
-0.06390091173023288
0.26091450534015453
0.21535299389515322
0.24245528543000983
0.19060897423667383
0.19380308147546912
0.21569527267778832
0.24700744204822422
0.26656235121722593
0.31726580362809925
-0.003963568250994476
-0.03965151883976897
-0.03096796905803284
-0.07350217046240481
-0.0769960992185344
-0.1720603548490956
-0.21227840037302667
0.2494873144656749
0.11621652121729731
0.15556244084302334
0.16363099004717283
0.17291122107718593
0.05163633452880095
-0.0612054261377466
0.30382986762530484
0.3312408912036762
0.06880431070694432
-0.23487640404106624
-0.137852539246074
-0.07040602370445148
-0.34161252937204745
0.13926842907322126
0.10061110393123501
-0.0006678939084813762
-0.08566827495992663
-0.2839298572463465
-0.3969828608898228
0.17152710166334798
0.5687434275238883
0.6956992439303882
0.1257000811294089
0.512254557595959
-0.42776296985415146
0.3877905241465427
-0.06808248991339977
0.2347959093477395
0.10361062526474352
0.16143778633814576
0.5342700860390908
0.6706287954553384
0.33735167928556525
0.2108520955884371
-0.3308872800051055
0.3065558003419182
0.024226263346351397
0.3215127381795188
0.023242627857455456
-0.4728572270558009
1.2186086037531005
0.44468705977954975
-0.09438930744015844
-0.11212004768381839
-0.21340936015678053
-0.11708730281526075
-0.5259187848866225
-0.3363497706315383
0.7571720247668431
0.3686329198973465
-0.42628765752761
0.2397995262463251
0.03745552720202994
-0.3158581038960423
-0.3225510278264232
-0.2746055824162769
0.1619490153328263
0.40413058921701367
-0.03267121237167403
-0.005496596860111891
-0.2852629778786877
-0.18649319880494075
-0.23504851975036392
-0.2820812620577857
0.17281008214253382
0.15374502503423193
0.18777136678714829
0.2980541577705993
-0.36368913317355656
-0.17563151699011337
-0.35866097104643396
-0.4701966153835264
0.3962580273249454
0.44699407294726423
0.3317943642575798
-0.3402377702886054
-0.12061900540762271
-0.26030764615108093
-0.4103731982078251
-0.4937670100000424
0.30844329512670565
0.5634238220693686
0.006802122887143436
-0.5501412093794638
-0.5514641559933885
-0.21169738511100644
-0.446263091298884
-0.5979565059094498
0.11274345790233886
-0.0667351311343905
-0.538583134672847
-0.4528397733004852
-0.3915348772523969
-0.20680568564889912
-0.25405558403155953
-0.37699263733592403
-0.3739787852928781
0.2543031338759105
-0.339548378677187
-0.21345851485119827
-0.21847475623949508
-0.22939688435438294
-0.20374225781780442
-0.05016178571862939
-0.20012236216841883
0.4276207066118698
-0.3289303306770613
-0.1256134604403341
-0.13824039535074684
-0.12799396921488176
-0.04366543095796371
-0.1616822927641688
-0.0983634117879123
0.2701765944619344
-0.20585662369653607
-0.16772736354249995
-0.0787166208753437
-0.07445292323199537
-0.10300120404175017
-0.06643010499617356
0.2349472189265323
0.19735974570907266
0.0881058644875205
-0.02799998496110051
0.0441415184301836
0.2757558623449185
0.11180761012815221
0.19584248151899675
0.16472836095415755
-0.136946660837228
-0.19459919199620124
-0.16682373540175588
0.106148329795142
0.10911629472608925
-0.1336394915113357
-0.08404425955348296
0.32151777152467886
0.03832255069886292
0.02060879245944086
0.31712768177364287
0.5465964017235799
0.3315004615653724
0.34095800574095253
-0.10770432353885234
0.27916751438620013
0.05698418218310536
0.2810442192380158
0.3020423291523858
0.0003701847756413523
-0.1625868698083685
0.04625465311567711
0.12030149281519148
0.4960045540966812
0.4461917395527514
0.006895486436625575
-0.1728939025204807
-0.2281962951409489
-0.17141450759665774
-0.26263933084178576
0.11528059648745245
0.13942362586255647
0.6253329797933928
-0.15509159453412186
-0.23570418177645952
-0.31230850848180525
-0.22831915740586883
-0.23719773893969207
-0.15290957951731704
-0.11265245255003992
0.5527906034047723
0.5144033877701883
-0.055814783911057375
-0.031343579857139925
-0.003193331741785932
-0.045037292115134686
-0.1494140914424401
-0.30944074340114847
-0.38358581888792304
0.48991552416568956
-0.22922908128770275
-0.301418395098596
-0.22777091006236228
0.01862410361167921
-0.1369051890768096
-0.3200110557836243
-0.3068969737562413
0.21195480500413355
0.4502724817516239
-0.03833518830054705
0.09138416721471213
0.09770919609681272
-0.10299195699761138
-0.3414479266541366
-0.3369308391874233
-0.33086170634435264
0.190415883468443
0.25622539464701194
0.3148922092719912
0.3228586176305267
-0.13962698742088014
-0.2775383712835796
-0.3105842955922166
-0.29718126431332215
-0.25037299919752265
0.23595490774909644
0.3601028569049894
0.06518831286295487
0.0558370603482779
-0.29806992523086395
-0.28805349053203233
-0.2653990190397641
-0.2992134785969878
-0.061866752197415525
0.5399686957476819
0.06645202510709408
0.0459675759989302
-0.2810785089104021
-0.2633565429913981
0.058008957440390974
-0.06695242258956943
0.2692470930875136
0.03764845897942165
0.2202012089552309
0.21321173766489465
0.2650680709112466
0.23000848743613428
0.47471988177613583
0.13331278870667973
0.1440869993991895
-0.02354431748867164
0.05836749305160238
0.06994205617777952
-0.1331534934467732
0.14346703908577213
0.32760023387624876
-0.1778458168566443
-0.21185347617310768
-0.06708921670602569
0.16671933794775468
-0.07064665634707046
0.19584208311777557
0.17346345242019207
0.04079122119457276
0.0781231924579632
0.037984271449241325
0.11008268237141167
0.18527709222808214
-0.022259659422596098
-0.009830933995286117
-0.08844864546702216
-0.1621131354096325
-0.1789364910453641
-0.48447521506137886
-0.003071618053904379
0.3671500402123438
0.30851815293505563
-0.029657072060145173
-0.10350787344173706
-0.09205888712901542
0.11772565860218143
0.45112412903718585
-0.020834677346685065
0.33237136450794436
-0.16982404243941923
-0.061335159654889615
-0.16257428788781078
-0.1796743496987327
-0.3522965048644272
0.3249866530083991
0.17458314774875508
0.2333778410711031
-0.16237465241438162
-0.17319186639292167
-0.27413475074438587
-0.28351112965268144
-0.5698316548004156
0.15558796888356904
-0.004707928034202363
0.12881615652807787
-0.2758445320240005
0.13255406482766535
0.05032585828281978
0.01345581337550944
-0.044213237348002005
0.9687332359347232
1.046879717817918
0.5057865464565646
0.03177470870546234
0.43043147778617036
0.08196152235292159
0.14395765187678172
-0.20088692013392742
0.2367812907213862
-0.05512762482743483
-0.4904621196437424
-0.35955869261584933
-0.6175912966039176
0.3064327946608362
0.8954413072831215
0.4479593542705348
0.1851631832816114
0.5848891965400634
0.3312731158634696
0.3806277863927218
-0.5596890233324368
-0.21012482248136233
-0.17758326955251988
0.11197163222525675
0.8515939094088139
0.2947615660988844
0.34947806413380156
0.24432867267286873
-0.17901622266521625
-0.14247789267840244
0.2253909422590842
0.26909306589640725
0.2525184205016978
0.3498446849358399
0.17160776698497815
-0.25926541156511324
-0.16478831074268308
-0.5908716659135547
-0.14700202923298433
-0.3994152674549831
-0.20876015369434553
0.2688520460492373
-0.21577951842994458
-0.3046846815131296
-0.31464371871032865
-0.4083095834090805
0.14738815279127088
0.5167162480741285
0.17561167771209613
0.23686133234053247
0.03013602043168162
-0.13004892794124487
-0.381980195842287
-0.0043543428737010115
-0.07391535934442657
0.5393255616285424
0.08301162314119032
0.2934717036593898
0.24862206881294738
-0.310221068726249
-0.2904795398946062
-0.33425602275720245
-0.35402543077027104
-0.39985640636409736
-0.12290337916264302
0.26173620763867067
-0.28515272609452713
-0.3185338830144937
-0.3226549225217624
-0.32448927684045564
-0.3635772997315522
0.2700171117691706
0.16278202999773092
0.4814976402398141
-0.1430464746064809
-0.05563769994561135
-0.1665838197630632
-0.21685539943935395
-0.42177094380606817
0.4903555626495625
-0.19486896360452377
0.6331858995904588
0.17620045833091813
-0.09018759641283983
-0.20597518192208064
-0.339039698906816
-0.5057699005352141
0.07586999710191
0.2454844163208843
0.18301969438166185
0.12038047471583198
-0.12447422453351742
-0.011648891504018766
-0.22519680610718473
-0.2005990876481494
-0.17428374386401074
-0.0778555323374574
-0.08783261588691361
-0.0497495786933389
-0.04883559409305538
-0.10334242193729154
-0.33988974891661783
-0.33302050651919113
-0.4110220047684253
-0.36635305150502073
0.060450901911920873
-0.23736088713960685
0.10839913031105394
0.5079322385926929
-0.10564988303294337
0.1407472095401743
-0.31011477583939984
-0.3938092870241866
-0.16636609529762264
-0.26698957429115155
-0.13959968264366146
0.12191143182180258
0.29353754060601833
-0.32287840185887606
-0.36086177770370975
-0.3792477443320609
-0.12218860719051833
-0.585009356775006
0.08462539619814627
1.0739081194906541
-0.1031888131520422
-0.5138213669017925
-0.46158259639407917
-0.5640926976702836
0.015204681185402802
-0.5730815995060973
0.4035821216764111
0.6394020998065655
-0.4024766348189995
-0.3205646142743275
-0.7673025145385766
-0.27328507716726835
-0.1979164658928126
0.5921767804406618
0.10886935762765199
0.8462027871705282
0.19461463685637365
-0.7271788654604601
0.21393006965862554
0.36509986520076854
-0.951379219953132
1.0208761413693812
0.32032204208032466
0.6832258016835482
-0.25379754162650214
-0.26258833520470276
0.8792244426298281
0.32177563795979774
-0.49077748478724303
0.12426952455583624
-0.009595229214308165
0.7001311756468945
0.0008803440781012806
0.1454279221567523
0.5367264388186075
-0.17135647474418841
0.5979160392213003
0.39238453175411864
-0.019486974651541533
0.3116891961811051
0.3681550196451793
-0.04509429174636556
-0.5610513692401531
-0.21434621398610954
1.3627998968839026
1.1596791365224268
0.39810526373683863
-0.757060600185925
-0.6681245958936189
-0.35615311554271445
-0.29164540495343316
0.15423498733325713
0.39817082664253256
0.263674072750761
0.029253771350206223
-0.1100467101786348
-0.2922902627271435
0.5917345964861291
0.47845446208012576
0.17399569440212875
0.3164585478810451
0.3117059198394163
0.17371148129413394
-0.29382111227073743
-0.14444453640095312
-0.3083026063132563
-0.4175652276446751
-0.017933740052225672
0.33919501807853814
-0.13040904047370871
0.5096144112701552
-0.20119688145802547
-0.30897123294558154
-0.34476213278872236
-0.3518276872034726
-0.061348208349482375
0.08627199488250614
-0.23343066343059757
0.23174047864462244
0.2623098334444016
0.2597938701745316
0.19754630169876994
0.20552406494622064
0.15242871720560147
-0.1250423167993444
-0.10316668225419762
0.10324701351435811
-0.05071991047788754
-0.07300614396502744
-0.12083084912959002
-0.07629913998000343
-0.1007069258566724
-0.07865562796714565
-0.02399040539277328
-0.16698452884485016
-0.0011569189442313665
-0.03629777117936456
-0.04437579313338548
-0.06123093325245191
-0.05823998261234614
-0.0448152912290907
-0.0329322698267176
-0.033029839054106475
-0.028566866586052342
-0.10090447922447571
-0.11366377237307959
-0.11936742821678867
-0.0943735766765562
-0.084855447953702
-0.05070254652614069
-0.0792144010584594
-0.13620746405522327
-0.13473001217184083
-0.09480129102531776
-0.08717598699502715
-0.11684151656164765
-0.19426736541347928
0.1552462354230346
0.25725118594104945
0.5471460967655724
-0.10883050022220925
-0.12553539348579934
-0.15103039758290876
-0.17809581356618748
-0.21371537923973047
0.40877333216478173
0.19127957070467977
0.37822823818673107
-0.22045560391395486
-0.19237242644401564
-0.19461998716792311
-0.1443406369427009
-0.15215650005799763
0.43293990956910106
-0.2571117069476869
0.3159796378409375
-0.21572367980320406
-0.11234600635996309
-0.14706751815318198
-0.1256291502961131
-0.22536424122983137
0.3949955511004386
-0.22809942996050303
0.23003091422768196
-0.22481427934913406
-0.12235042366942356
-0.1329708437570898
-0.14156195703637114
0.3697318849512945
0.36375005025212853
-0.19331101403342332
0.24031413054002254
-0.16936290496865858
-0.11649394321374118
-0.08452315187105414
-0.22809980815191055
0.3523917531268894
-0.2815206108655559
-0.14574341372810817
0.23395433061758653
-0.1699132053204563
-0.1652364071255987
-0.21871130340373326
0.015950540872213648
0.4725371237875342
-0.17732175708495412
-0.15270939526587846
0.24260920710606387
-0.17345605657249552
-0.2101667246874021
-0.2770588898622721
0.4379884895087292
-0.21110189146120828
-0.20779717138178852
-0.18618221638247834
0.30006148478601347
0.11025548578381683
-0.2901227670341576
0.10377140990128722
0.12422012719824033
-0.10670594840731412
-0.17444051311444564
-0.22820526841991257
-0.04797577416641715
0.08576326773286996
0.10566701723646607
0.43523086301273817
-0.29485431630310754
-0.12681409584199174
-0.2065761887065683
-0.21670926093573128
0.06342508830707855
0.21473750310183962
0.4632532029567515
0.05702752417965451
-0.16605664529598213
-0.08918984773322519
-0.16984162335498412
-0.20277743434614348
0.14438055962841323
0.1397351648120286
0.13003404383232967
-0.21534807488866126
-0.18244755195334464
-0.10486290267043652
-0.11895488757932476
-0.0814652929558457
-0.034920310938807764
-0.031902143862296145
-0.04519131621497244
-0.08355573275711498
-0.09781831329595014
-0.031972099576703716
-0.055335198003992454
-0.09085746043444427
-0.013713760457415347
-0.020622607025500506
-0.03452411875123629
-0.06555535574472365
-0.03995111274341681
-0.015937036307706876
-0.008419668032076458
-0.03499690603798694
-0.003964339726478028
-0.016655730642842037
-0.033305223309934795
-0.0491448856660871
-0.04072062512628183
-0.06904159657366993
-0.041387082354409244
-0.056428850279365395
0.37569386843502695
-0.04121586260406278
-0.06045311485960103
-0.06856775672022022
-0.06878476029256697
-0.0770127221975924
-0.0665629287240615
-0.11960608236749892
0.2799927896553827
-0.10782201046920145
-0.11180881699136647
-0.06051351763518062
-0.1001554425168652
-0.12674826366520986
-0.11610101785672489
0.2869572150390731
0.23636342283480627
-0.04869597054642481
-0.10538254146475418
0.2783576347446718
0.1902340928210854
-0.17803439891306694
-0.19143622981432606
0.20067882915246954
0.1314110192466465
-0.154899962392507
-0.17129872694598558
0.20315511399380745
0.16765407183258646
-0.1317627037828139
-0.18408805234048412
0.15319022855379388
0.07113625274739177
-0.16222838270592754
-0.13633347903275156
0.1260958611807544
0.17225012224963943
-0.18721388238478293
-0.180279007725309
0.17596170704659803
0.03936755476060155
-0.20907919891812787
0.2136942518260403
0.1262990589918089
0.2028324033024438
0.2112756244181216
-0.19858335331577692
0.16333634413877973
-0.01696193035714795
-0.23999614436551658
0.15608543052081036
-0.20797307770208753
-0.1782255480507949
0.25221863204776196
-0.1505335048187521
0.15785339348378033
-0.008598325022947384
-0.22085663019159563
0.16279517992933001
-0.15949154409915872
-0.1531062809490522
0.2833069235471601
-0.14971576583784213
0.16580669780174262
-0.03821409990370657
-0.2833913050402229
0.15919712857920437
-0.1608543257019962
-0.16044001063286306
0.3056140259280784
0.21968883689880792
0.16616609651527992
0.0020282558775915893
0.11414375997415153
0.1758493875902321
-0.18948699938550861
-0.18418103143513087
-0.09085338295296205
0.2144228286255383
0.16989403511527418
0.11910688115408688
0.1846749666335154
-0.1806222229841674
-0.21885637648480355
-0.20163515816070474
-0.20252161402837254
0.21880617406036593
0.20372418775512613
0.15945879886540706
0.26436910408191017
-0.1775063665149177
-0.16525277662879234
-0.10842134504958362
-0.15657048372681093
-0.1345700628451414
-0.20092996578383912
0.20673943134869432
0.31617841160975413
-0.14497971264731654
-0.11933494127125671
-0.13530028651823328
-0.1338843089633635
-0.06530439862978493
-0.077486097212264
0.31181096001101277
-0.0972145729968582
-0.11932008318382556
-0.1012833047784012
-0.10479142500979197
-0.04846500481817609
-0.03996393550159105
-0.04733903258031669
-0.044510119366374834
-0.04986045736976821
-0.06587653698543045
-0.050768886888468034
-0.04242885833861736
-0.040145422249734386
-0.02378605356456684
-0.010326431500586819
-0.011160417529261502
-0.024625414653335342
-0.03708682226514409
-0.08400537559770122
-0.06259207179250231
-0.06311511819522475
-0.037229649561835054
-0.025603360870479888
-0.031884861933788755
-0.034128426353093544
-0.04020819315684776
-0.04607937645086074
-0.05194121460949662
-0.04415446189638392
-0.04384211193253726
-0.05604275495411426
-0.05745174311555151
-0.051652573408249164
-0.05534541176184675
-0.033605621754173
-0.0744917796747764
-0.07053076548137774
-0.10034364588099914
-0.05571740145552689
-0.0996327712099003
-0.07664174322068817
-0.09512439310564055
-0.11185468386869402
-0.13301987210942381
-0.08829730845912531
0.3020045589831371
0.34096545729638095
0.2937406075172512
-0.15773767994352916
-0.11906027105477213
-0.1318002857891953
-0.10251225989257617
-0.10378401405366827
0.23046196061990476
-0.1710802632629454
0.260799276465
0.2867299856838065
-0.0820846702682177
-0.14158617534924334
-0.18398931148154957
0.2624004339011313
-0.20705380332984746
-0.10263342493916863
-0.23413880378665186
0.21390522172143644
-0.16105864771112294
-0.17715499465283074
0.22687448652045333
0.2203094731722714
-0.1718476674466669
-0.10056315817810507
-0.2523235685732126
0.2474507955216812
0.27230479244444694
-0.17044508330273822
0.22305329404615226
-0.15571394006236222
-0.15720863901249282
-0.10369772585242448
-0.24151426677767027
-0.22012009073704572
0.24659938260290756
0.20541318201625575
-0.18350161044142765
-0.10115679439176906
-0.1252285564465068
-0.0865407492060978
-0.2298604512886367
-0.21798578696320425
0.22502337087343754
0.21636557541790388
0.3049085312082116
-0.08642652659168054
-0.1440211466693503
-0.1057559778632199
-0.2153344154659732
0.18302219003332715
0.21050042563267107
-0.15658125914481108
0.24144821721748078
0.35077907813585274
0.3245461612758411
-0.14679457094645826
0.285237962938673
0.22283205024426966
-0.16917506659388046
-0.1753365462561871
-0.17467454872505855
-0.1285215601920153
0.35810539674172026
0.32037645107605933
0.3339630946062233
-0.09853607240015988
-0.15004997107826662
-0.17862891143014226
-0.12367435954848044
-0.09299932855445098
-0.07294317435955455
-0.09988512159541357
-0.11949717463621168
-0.11089359377106167
-0.10948947744530046
-0.09573416930871481
-0.10276517414964514
-0.0634069761082095
-0.03365827502771476
-0.04372449330734429
-0.03868019280320184
-0.035482648642377074
-0.055806742895242824
-0.05795042896304653
-0.07203578473585551
-0.022281376179330015
-0.030313950741731988
-0.020846492542405143
-0.014820797207298675
-0.02531094815972107
-0.0556477047222661
-0.05920478565820955
-0.059299712227328605
-0.04135831560817427
-0.029201048663395984
-0.005338038145889068
-0.001482164165246172
-0.03426619482353083
-0.13362085410927604
0.015849369089849442
-0.15318025202608454
0.15857792437392454
0.21902752870722653
-0.09907972713003482
-0.014155887068279749
0.311502861467187
0.24243188738812202
0.07108697858523047
-0.16383978067905158
0.17606052778825448
0.20991195117927725
0.2479580863509646
-0.068421727166585
-0.10632455102510725
0.15401191431959543
0.12519369990908424
-0.178505039979316
0.18681233307585354
0.14393846104157698
0.09214576500851368
-0.090667630643331
-0.11435671232553907
0.7569783671777244
-0.03901846318483121
-0.2909921737633802
0.47224420539337814
0.07632234490140177
0.11795020534176298
-0.16813867042453187
-0.22809683442406437
0.7055227704245467
0.668962568215016
-0.34083286844791716
0.4345298604277239
-0.046471390278122
0.03712090245085334
-0.20520496789028642
-0.1751357234640194
-0.20059811343769374
0.5318891258162977
0.4431853340865897
0.6367870548070285
-0.0014363154568842185
0.0887975966664521
-0.21931070774179537
-0.24225163902647168
-0.2564695089126846
-0.11291027101720091
0.2659330038720278
0.03320857717225903
-0.01906106901283633
-0.10933495000775706
-0.24002921231678717
-0.22522412084848625
-0.24700092325913692
-0.006790668037485459
0.07755467539156308
-0.18050342441821665
0.06033430754943592
-0.11132494026230197
-0.2429623115235022
-0.23968198472597213
-0.2790025221058418
0.07510720738745885
0.08794326029496838
-0.132982899913931
0.11157317300440783
-0.1116451256096721
-0.23633106555232875
-0.24858542257466273
0.10433483332163174
-0.27066762171267955
0.09473430492255858
-0.11913370871935763
0.1090600235288891
-0.10203708299002817
-0.27326194631151257
0.05023012392795989
0.07700187577221473
0.12910193192995945
0.08832457380439071
-0.1085026037633592
0.10972077472810202
-0.15172528726559242
-0.2257219645849593
0.09697374568695394
-0.28929112481770625
0.050387901782483785
-0.28483969259087066
0.048413296862352906
0.1068276231388452
-0.2017201631709486
0.1490340002960583
0.20418684157845357
0.06278416867147472
0.027239828784663078
-0.2315105701493415
0.05748151766290893
-0.09222890795461158
-0.13100170480076362
0.40448470925588065
-0.1704073465490063
0.06993608825663652
-0.2216709716246002
0.06714593972525715
0.07007120282876866
-0.06787603757225279
-0.07853239244802043
0.48537810076102794
0.15335946123874777
0.38016545841893695
0.1111486304414985
0.10987507069985358
-0.10481541370598957
-0.05997590711711066
-0.11223683890833619
-0.11392259172714422
0.10594066694998139
0.322709681626225
-0.26979557444937374
-0.18070201507167172
-0.2282286046993443
-0.11544100721421152
-0.06252089169677205
-0.005410261546466899
-0.09215384406467825
-0.11271349753902754
-0.2680522108757
-0.16321841625109645
-0.19294415566967993
-0.07029961900644864
-0.03780355151350456
-0.10639448817057878
-0.14297513151660207
-0.1336921414273887
-0.16156312504308296
-0.202148806651877
-0.1616678978860675
-0.13886017539340334
-0.12762992159927872
0.41200316823082417
0.4007785788975022
0.3680910741695276
0.2111507938275377
-0.3624580769345723
-0.2719164336595148
-0.33002715460619747
-0.18139014709984003
0.5580137556891727
0.3112165665326808
0.13385707360618593
0.9017226657316473
0.7936288490956587
0.617294698572538
0.1853262413100471
0.013476227854398226
0.09336766404431426
-0.1718647616552197
-0.02338221759643916
-0.05492220575532919
-0.11933211644857017
-0.05536400842960024
0.263702396687002
0.25740849675779187
-0.47254655726088424
-0.3413041453701076
-0.0590674668310614
-0.26751940186932555
0.2574961249200521
0.01496194252501315
0.39069462201641963
-0.28083863117402685
-0.17305566887159077
-0.09212667039863581
0.10826739235620675
0.30933077966133526
0.1194080243842609
0.34147602868279087
0.27904255762755087
-0.4120895751011703
0.04690951920210565
-0.11965718443174028
-0.19758807477564938
0.07481839943375103
0.40870718261520667
0.5488020547438516
0.08302567335994282
0.2756018642156774
-0.6275011537157018
-0.5624797442554739
0.2001984474329404
0.009842343584715418
0.022774502641944527
-0.29623282160982284
-0.309141788131555
-0.33393065137621764
-0.7165867580472605
0.08432203372340852
0.4467043837272223
0.0014799959934803653
0.00859375513873667
-0.2742147714772608
-0.25482898266771703
-0.35225163070639887
-0.043767314400548596
0.22347562465419657
-0.1039475997419973
0.17520598002403553
-0.18062068949545002
0.03584818428959502
-0.04493199582175299
0.09022576066266169
-0.0014486221972739577
0.5140399011239392
0.3259847027605076
0.063464315552479
0.04448868716983545
0.10523648138181979
0.12984016679012067
0.31257857404438427
-0.06759000781201324
0.25979319838841836
0.020928588917189316
0.05348145559241595
-0.1221787221818974
0.25154943998747015
0.16716258599470635
0.3437982732230018
0.1662128311094961
0.18314612897231422
0.15278405525236882
0.16864083089981766
0.09543405905047316
0.21085642199149693
-0.056639471769768024
-0.14970719957211615
-0.17481426130606167
-0.13033343048254115
-0.19605929236788094
-0.19979537633449135
-0.15312429350441828
-0.13830015249390448
-0.1178066724228567
-0.04887408004419071
-0.038945566036369894
-0.13146021612182937
-0.17790610907702453
-0.19151921278876505
-0.10632395746418555
-0.1462453002702676
-0.11888367504934194
-0.025586102501426122
-0.7677002888055773
-0.0975387041752479
1.554989331522332
-0.11593786791430769
-0.5652057142901558
-0.08463462910189878
-0.09003922321977714
-0.040456120443966806
-0.560965629683332
-0.012296578662360561
-0.07849075422162011
0.5335797366297693
0.8854010842055462
-0.9664698111314529
-0.6457993476718427
-0.03546388916294388
-0.05100858370964528
-0.2724667842333287
-0.07083205850889351
0.5706899673288554
-0.3349611105315222
-0.16550368572723628
0.6660765801232642
-0.03594258413321513
-0.06584864835865631
0.3819260954263688
1.0298704079343304
0.45505447123383264
-0.061996533876781945
-0.05419283740084241
-0.19916574572443557
-0.06947521205632759
-0.06187216167172603
-0.02149015910130432
-0.11076051015129904
-0.003963667274023502
-0.089810860881253
-0.08613140151962595
-0.11508374193638199
-0.20660536553782521
0.44829530198108036
-0.015453474556163561
-0.007233944833499595
-0.02615588753510223
-0.07338705551871594
-0.0271225408439128
-0.3412795301984595
-0.08654128612481882
-0.032284500301208385
-0.04935478052190956
-0.03094305385919849
-0.06084217469366243
-0.34396790377967257
-0.11921456118558624
-0.11440820207255423
-0.16954137292628585
1.0903601451834144
-0.1508022608048021
-0.0969221387517461
-0.07785409903248638
1.3816022208608199
-0.03117395853377075
-0.18962634460123384
0.6990443232673007
-0.25739041205149327
0.6052289743361772
-0.10250678972104252
-0.03676819491481839
-0.0517366099312114
-0.13908402160714378
-0.11090001637601743
-0.3182914743982137
-0.18794519089137496
-0.09949659578231379
-0.05509011868783287
-0.061956326774329606
-0.09203917867933774
-0.18102163724310238
-0.11545382593182685
-0.01724514573432301
-0.015370139780147118
-0.015128661604759897
0.3693107717305745
-0.03667263742998275
-0.004591080639756995
-0.0035754629588427567
-0.05935959741073893
-0.0008366158088533027
-0.021379276442133555
-0.06659701679649699
-0.17155266685033255
0.5095920409435057
-0.04321469518583254
-0.014194248481014748
-0.008007607769117742
-0.0761028318706915
-0.08853439360303805
-0.029940012494258594
-0.22082955333391818
-0.05177746799791849
-0.015778154491177893
-0.00535015022069707
-0.0022641892059651336
-0.030693199080091153
-0.5448061713933259
-0.13887071685292335
-0.2880401444600011
-0.09698240406326708
-0.7843675355319734
-0.26408696760242756
-0.05594636499792424
-0.01866009479922434
-0.4626222177554732
-0.009186768368779769
0.7896936450677955
0.5261722042611202
0.233358197284106
-0.08691251116853976
-0.3331121659119882
0.6546527826753032
-0.06895561470748734
-0.21170269517905566
-0.11788672760643798
0.1537436555231938
-0.2294697971830263
-0.09171841586301127
-0.04096447075502957
-0.03068311687562042
-0.08057037988529347
-0.24831842442664065
-0.2493567390922521
-0.08357749357856989
-0.019899751373760266
-0.09385995544939003
-0.15677419903235357
0.4485094027024347
-0.016242081470415726
-0.049448595980221166
0.26025589795125215
-0.009291706189788652
-0.05630187778578563
-0.20404186764771698
0.5910501634311679
-0.2941037869323748
-0.08738656297818787
-0.03865180068419152
-0.00919172479275629
-0.028206966202132755
-0.08542367235836265
-0.08294432547383757
0.4800748749109165
-0.03853223429952586
-0.02843760490101438
-0.1489226191645877
-0.01254690770409106
-0.04566898781867043
-0.2325855352218246
-0.014435154541914796
-0.057309977495885484
-0.00680750857490775
-0.18477853804574074
-0.020514805288326277
-0.02117741154748709
-0.003041856795243686
-0.11030129723120284
-0.0025587045522315888
-0.01522355860281395
-0.10308964066649323
-0.10516417595197271
1.661257390071773
-0.1700555476580218
-0.011429350552236706
-0.011675241537476011
-0.0494969830195853
-0.024920112376161624
-0.025433281728159993
-0.10275431892209808
-0.024676452887821387
-0.02103168438459646
-0.018053746719936536
-0.0032773442323517643
-0.032591638448755844
-0.04758673922033385
-0.009656648716643734
-0.04567456681148474
-0.05283944636568014
-0.07971941929604565
-0.04556923405499491
-0.003014709067650889
-0.01196495642408818
-0.04411582006598036
-0.0015073561688451198
-0.010051392386755953
-0.022312314514324694
-0.02282578573939681
-0.0705475010950318
-0.04794199999432756
-0.007735273479778704
-0.004698076718948063
-0.04071596776415615
0.6355766732599335
-0.09592320113603525
-0.05867592358068807
-0.010893940154560355
-0.001906097998674916
-0.003807300346306386
-0.004395961553770172
-0.023487626256494448
-0.48341008979251787
-1.0254548495491136
-0.25096385917739794
0.7566569421215281
-0.5169924188405628
0.30355261804151107
-0.07269095833120864
-0.05500487933808003
0.14023816988211205
-0.026469910212878145
0.6205997619472714
0.48945229606059737
-0.1769887384626907
0.5347630539954276
-0.9625465864710361
-0.11639519474629623
-0.05573117120334242
0.43363170108617743
-0.19505981491188684
1.9465211412562171
0.3819312970428004
0.4713723078485169
-0.10651874731304212
-0.060340697195796045
-0.03937158361507924
0.5052362859742487
-0.026829028785836012
-0.003814309483636546
-0.0057186331364726395
-0.0061141773605762895
-0.01794084476493643
-0.006802753782452153
0.0002569063613743483
0.0004821706111301366
-0.01645088696813274
0.0002451300844831805
-0.006746432816102822
-0.012127115429010238
-0.003747399784702843
-0.028601940226382905
-0.013012735744580811
-0.001413233218349852
-0.0010069316151216368
-0.005638453930897291
-0.006742776302587267
-0.0059714947444139965
-0.012877162788111657
-0.005416841642202241
-0.0008603903544372737
-0.0008112344276462735
0.00046915423598149764
-0.006388866896247597
0.639761220736738
-0.12479362337832922
-0.00945916909914385
-0.014085105439201204
-0.10451233354576117
-0.01124182649628512
-0.0068716729278210376
-0.0030446205328368836
-0.11966136363061453
-0.001954346152259756
-0.05031576097659374
-0.06753279411765975
-0.09373718332162595
-0.21662456762571392
-0.2369262640211125
-0.007794015917733085
-0.01421006830003016
-0.010068881345954572
-0.01663370075041204
-0.008876238394035632
-0.060274112186807116
-0.006836834420188231
-0.010086590901954795
-0.05490621165073151
-0.002324366057620819
-0.13670302366381215
0.9086459850210395
0.9943704800006615
0.3548462718220008
-0.13957097280230257
-0.3613856685852508
-0.26874027060264183
-0.056486391061783096
-0.022517631275773844
-0.1949109510078253
-0.014832277262557314
-0.2728639429069511
-0.05463376553535043
-0.059527935322395746
-0.756958416456343
1.3704434166224257
-0.10473456605013176
-0.037432326597134025
-0.37050244069705296
0.20344216398274206
-0.9178517028074255
0.8300765999685096
-0.057511314182742135
-0.050745663305815536
-0.05333659292672838
-0.0675455651857007
0.08288485646499402
-0.378340838591562
-0.04716954306877219
-0.17953359390386447
-0.007367669886354733
0.12213565454524891
-0.02746428061475248
-0.01814450960267222
-0.007650195782365449
-0.11695455012519085
-0.002552656439394063
-0.06159186653289894
-0.03966113348740358
0.5356671749921362
-0.3679932268620371
0.8472253168220014
-0.021002893675225787
-0.02751778555974288
0.7145064827294532
-0.0830720030561174
-0.05844424134265619
-0.2084103079256962
-0.032615503318091266
-0.012730352430008474
-0.010782563164913769
-0.031009619438086777
-0.04509878720402616
1.4611855919984253
-0.415283040527163
-0.5119411718719897
-0.061402215982108765
0.7316417590648749
-0.12881487339267508
-0.05581581070879828
-0.08249785597809323
1.6126825574217385
-0.01832279001797743
-0.06320017819882853
-0.5411027396125442
-0.28062353470304924
-0.8561128477745966
0.750494840366087
-0.08381534129713741
-0.06966409411279817
-0.4992686326950838
-0.10867047667165336
-0.1504970649800626
-0.13797140614912567
-0.055037589181780866
-0.04720127125099524
-0.042162643801975555
-0.04785395080995622
-0.1623570246562036
-0.3504716324671664
-0.1116906050932154
-0.12807161897132507
-0.029970315071729342
-0.6792417042882126
0.48822883419144375
-0.02552162316395684
-0.03183545464267376
0.48177083010463057
-0.01351321935293353
-0.05622376435728599
-0.060862194596960406
-0.11073119312669766
-0.5369496522803696
-0.24747308854057976
-0.03363301326246221
-0.04624207579852503
1.2123182887114974
-0.055237536377594876
-0.16324330342567694
-0.03228480467331368
-0.05838131824163989
-0.08191252913178994
-0.02578970404238029
-0.0362026250613145
-0.05352576844052748
-0.06930656497998922
-0.01635831725436873
-0.008546186163236047
-0.04234436707314698
-0.06646727875917666
-0.009577370789112805
-0.0007265482775258292
-0.002688959272503899
-0.0629979549543197
-0.0016643290690510626
-0.016229369842022556
-0.033493208499534965
-0.029469216145360022
-0.2120218141178653
-0.047849911253940336
-0.012176683370646646
-0.0071205455756013225
-0.08403482539305829
-0.03147268437236478
-0.03567182851491553
-0.04696671301783781
-0.01861502291138875
-0.012015962853120399
0.8172644674809796
-0.005628809076387874
-0.0482060901571259
-0.20006058693145223
-0.014766046945966504
-0.010450520740169889
-0.019057766509722268
-0.1933563995412806
-0.008177075777871357
-0.011560149385923812
-0.01213095558486385
-0.03911728355772004
-0.0006054760698919748
-0.020906869717355017
-0.05011434666827297
-0.09276813551995979
0.8024708317729718
-0.0208582289160118
-0.004241089454720959
-0.006550213370172225
-0.02895909763386556
-0.011760040850932907
-0.09985975433171101
-0.10242375326966047
-0.008412413214852421
-0.005242104245139545
-0.00991489697393888
-0.005400177704388488
-0.05171423976741002
0.5572323563065662
-0.012587135673448546
-0.2327097553127203
-0.006496475484609188
0.7325655185178174
-0.0315647031668862
-0.005363025075105939
-0.0028163697600479265
-0.24266468043034584
-0.0017263366191132279
-0.054315842573812056
-0.2896891429126478
-0.10938537655115316
-0.22805491837690914
0.9673686290473535
-0.02533563697749386
-0.022511839393318023
-0.1429653427150641
-0.010910133283405121
-0.03412382549878043
-0.08038015509395999
-0.01588362315041951
-0.020027859692485078
-0.036234800984020356
-0.010135832972643088
-0.06031496196077307
-0.4138059569756004
-0.07271954457081235
-0.08562247654508325
-0.03399181030829593
-0.25936614334219144
-0.12696825232489184
-0.07500429076981213
-0.0157113358331063
0.8929585240059762
-0.010923453079123596
-0.034301042459483566
-0.11646528015020172
-0.29367930259770214
0.26647764309800304
-0.2111800039558697
-0.03703789118959726
-0.06186416323424557
-0.06609292138048711
-0.078320156457972
-0.02067577536098214
1.1098298996188947
-0.06646440985722005
-0.04987613812553429
-0.022262926953424758
-0.013148792531603032
-0.029096335041849497
1.1287362460689532
-0.11600538949378822
0.6219490175188696
-0.033330755368326304
-0.2336171330669411
-0.042496140424727824
-0.027049041622855607
-0.024290853116761435
-0.15602919654541253
-0.007077839695513219
-0.15817963770004267
-0.2300058749830227
-0.21450273960127353
-0.047277140845222554
-0.28379630063299205
-0.027956755712923456
-0.09541014026316058
0.9055881255045711
0.5142256972787647
-0.1653066265046262
-0.4222287297946312
-0.04645313920396865
-0.03902244893276169
-0.04561179156398462
-0.01930173523925549
-0.34210553770685437
-0.5833180908466089
0.824770474214416
-0.10137950513578374
-0.04310583518559147
-0.47450522941453255
-0.04401992142076512
-0.08147125426313437
-0.01879672368189686
-0.32225317406261866
-0.005913084288364734
-0.11178211761567891
-0.22265279974277746
-0.20188430486582876
1.374486959162442
-0.311347797971001
-0.02217383853988085
0.5689159216779806
-0.2662111830871986
-0.07355466235046715
-0.16017580694572175
-0.3216575135722547
-0.08381032937530841
-0.08891600627696156
-0.037000378199175066
-0.10303869796981485
-0.08629427583104837
-0.2228661079191453
-0.006395000125157035
-0.11938731671493379
-0.02061767445602114
0.7169818109492555
-0.012124140693245133
-0.004010834127218185
-0.00421604080466606
-0.07435412373378708
-0.002845698754156689
-0.029343231197213826
-0.03765086787896374
-0.04214310632949547
-0.16174664823723506
-0.10687549179370942
-0.04075115619355149
-0.006440380666570211
-0.12788488739340143
-0.012065887808096726
-0.02583281579498997
-0.0928766853597763
0.7032747173010925
-0.05015796125502714
-0.01712575089204904
-0.0066012630547143125
-0.10104818823484235
-0.11788618425630903
-0.0039007836021877074
-0.012933271907730554
-0.008915829844097833
-0.08116091876306097
-0.008658523205208601
-0.0005864628342013845
-0.0001008580647441637
-0.06324508779323657
0.00034904437323524107
-0.009372058456806318
-0.051467087072981366
-0.0075271236228562355
-0.0736151694898669
-0.051070821291033575
-0.0015805402364514332
-0.001090185005527211
-0.010030647791919589
-0.008910443797079878
-0.014519233808096388
-0.03923158618143166
-0.009231424881101569
-0.010957596982390128
-0.0003309036827569556
-0.00041531135607425496
-0.02202910873914863
-0.12594998891982423
-0.00994232682380708
-0.013427641113559707
-0.03896254852159317
0.5641424899444933
-0.016558454730457056
-0.01119647842413335
-0.0014381922760619559
-0.04812217901857657
-0.0009105320510596759
-0.010622070760576308
-0.029927886626072528
-0.005220490930123611
-0.059333964564796615
-0.05268285406419887
-0.006391578099294637
-0.0026333313986738327
-0.03653443934489514
-0.02944898225985844
-0.008355991054766643
-0.03505354926502863
-0.021050725192804154
-0.004235176639527188
-0.007475328066982617
-0.002483262072424053
-0.030736121706740505
-0.10826920045013089
-0.021920452484833264
-0.06617813379666598
-0.03414892395150265
-0.10300077841595773
-0.020961146588889867
-0.00922196756716475
-0.02228942390514549
-0.7003706478191754
-0.004966874244148267
-0.01297463696973472
1.9834056717661295
-0.022029867560764582
-0.16358083392707232
-0.04905396916080998
-0.009952763213406268
-0.009667493207061728
-0.024520363503168552
-0.07427729269598249
-0.16250615154712567
-0.049308376948133906
-0.010655130443689542
-0.01346597557343196
-0.03702696207176215
-0.07065931845533778
-0.1056028484886107
-0.2917059237947828
-0.045602590782946234
-0.09399781212027641
-0.06473228872141884
-0.17352969155959208
-0.03613126418164769
-0.03166002584990074
-0.008994197680819771
1.3056472120438385
-0.0052524808790784805
-0.07266796885530102
-0.5359151640730425
-0.031279010892017844
-0.27083728236094506
-0.23985672015613013
-0.06777452739596052
-0.011721135686953127
-0.05418130143763984
-0.11650152860795215
-0.19412299818571932
0.435111000133795
-0.04546413666459813
-0.06243370729037795
-0.02275531925563412
-0.057547976622394
0.9618283342586676
