-0.1819010649029198
-0.2230664532477426
0.001061408116483531
0.01779133018651953
0.025468355420835587
-0.1587686586882006
-0.04288273673490445
-0.08574395260759114
-0.16049140368417436
0.02211637641169567
0.1430489838917408
0.1015756239777891
0.054226040440933765
0.09240001321210711
0.1173504163905486
-0.003086382762671591
-0.29361777755165186
0.01349198256658729
-0.012406348064585904
0.10660067268261805
0.14059515720184612
0.09058837962581923
0.042763466828622115
0.10345977568355263
-0.31579958024900606
-0.011234021224750361
0.10858848738760557
0.18122533902825022
0.2268342671495704
0.17080691061587633
0.0705798298619322
-0.07257986321893989
-0.5165326041493318
0.16708406161118627
0.11350245846024207
0.21011995954922735
0.26644462305679006
-0.023386330336720107
0.04819634350610735
-0.036348014677207996
-0.4212924450869317
0.16345651599879785
0.17139708676141455
0.1980624924882723
0.1217525116107083
0.0021425313256524525
0.03598586517633234
-0.09523377268924467
-0.21751763647191535
-0.03978158754156827
0.1654747060784929
0.11361059744140467
0.02110713690697036
0.07911273673957023
0.11910800448756546
-0.05299976157543165
0.2536277955695474
-0.22884490483740805
-0.1180886662345054
-0.06043949783021585
0.18390305285184022
0.3172371437574183
0.3427698825767047
0.07863915697547788
0.6123645647046196
-0.22046130867375388
-0.1536966813865021
0.21585053748452593
0.42383265972667505
0.4983307464705789
0.5523353980999228
-0.010956049571686804
0.6284300270271543
0.02601809482769668
0.04813787176223128
0.08901191397696036
0.37529362388119275
0.5963565585815993
0.3987986889953904
0.17642814265077034
0.28357168621047746
0.03936721298699486
-0.1692587490524502
-0.1712105735257452
0.15283654386201834
0.19790105414735515
0.21684636286312903
0.5353917487477493
0.11131748646972262
-0.028091074575526176
-0.1517501582082733
-0.22192691641190987
-0.05867156483471628
-0.06729172147572332
0.15291134650893248
0.4469008079915314
-0.039939338464488994
-0.23521088390425116
-0.08044225758910553
-0.2850549698009855
-0.19951328025316395
-0.24706687103115882
0.1334119020030357
0.3965702663786324
0.21011990088805105
-0.033192673519340715
-0.04016461809149788
-0.3194817775716424
-0.3151444500602668
-0.318497280818949
0.00744338207340578
0.3027667706643955
0.10692711810536618
-0.08332278534204479
-0.09256580195491343
-0.21397476115676653
-0.42768752945762223
-0.30149525121490384
-0.28444968051337766
0.06399747181160625
-0.08267156706196671
-0.061525428019023706
-0.22495821181433956
-0.3448333572984119
-0.3732304559660474
-0.3073083408110123
-0.16947182937044458
0.028384502481987817
0.13291981444601633
0.05877142876627037
-0.17607705167280946
-0.3249126815146293
-0.3449049220993826
-0.5006543417636691
-0.35717564227760934
-0.22209057569276802
0.08038657438985825
-0.010316385548944818
-0.2149584776491938
-0.14316755647966037
-0.2274887421041687
-0.28556423369413103
-0.2810819278928882
-0.21723912058453462
0.07490954241189449
-0.06590788876205994
-0.17157159802045724
-0.18031008731631587
-0.14690382142701386
-0.2028774603083486
-0.3264976960688757
-0.2095870676213138
0.13325726026672158
-0.07430773857079676
-0.21436765689535597
-0.16633581696848704
-0.24358259381175446
-0.23488334325155055
-0.22972479652865924
-0.26005243638712505
0.01581848632173921
-0.13381909779090675
-0.16077266283147157
-0.11089842016990956
-0.25573428658519765
-0.3870385882617576
-0.3125457471400178
-0.3811246814356274
-0.022646873766948523
-0.18944130503017365
-0.21437101934133906
-0.1892807761615131
-0.2912276968928621
-0.17363171939617825
-0.2805332317149964
-0.4896580279646495
-0.18308111762350676
-0.1110173503570171
-0.02950950501132721
-0.08688721591799434
-0.12042806794764979
-0.13634036572062883
-0.22085047997639695
-0.5183872247868305
-0.1150605254379366
0.005835426188015025
0.03078206390364764
0.008166536459927487
-0.17205732540779017
-0.01445401504885635
-0.07531721923896972
-0.2163566195798028
-0.21185880484146177
0.04028959203540933
0.04100468242595748
0.07012908397540324
-0.05197219732446995
0.014333584066084482
0.08490454127477734
0.2485295297697349
-0.20011837433532698
0.09853303845469147
0.19220253788123787
0.14096202209795156
0.08621701295224515
0.052950544711562963
0.07136039732656307
0.5133610006317171
-0.08628965332317327
0.17775497799971207
0.3035132232836849
0.141683017746377
-0.10785743119860747
-0.0026333183339255495
0.25149658628485316
0.6480255485898061
-0.07766111646067986
0.22269489294244135
0.2887628326606002
0.2666619392517111
0.06942017067950182
0.16387120809240696
0.46886285944355505
0.6039466344413473
0.039935798252921484
0.2660956190872819
0.2947030772005184
0.299732315321202
0.11097641492665636
0.2703404738241142
0.359233078873415
0.37605957116175176
0.1652545211776716
0.2905720310529254
0.3929899631477624
0.13919797494003144
0.21003741254158453
0.2518137325061561
0.32284897413173685
0.2542693685215286
0.2625717360915568
0.2973128914751683
0.3137143150446131
0.2474372586851416
0.3628252000020232
0.24138778870697672
0.2739998773240949
-0.024481831305597335
0.2661518981359967
0.5028232171611483
0.4571850392884842
0.5375555640258967
0.4592731258139965
0.2331525944190011
0.05144432311588931
-0.23578598629672454
-0.18692052551507418
-0.16748410133257152
-0.16207975022193877
-0.03552927206161166
0.07501245571621379
0.08425704826350794
0.15038213955060903
-0.043809472173780145
-0.23721433793269697
-0.08651019141910155
-0.02589176702808682
0.021598531451264103
0.03760475336730895
0.12173989719200679
0.061149320750840064
-0.04125761578127035
-0.33835533939729645
-0.23963820795792587
0.02566357847087324
0.09591736948740154
0.0975621089744323
0.17455024016254433
0.051269419307697905
0.027317104641942147
-0.35155236228842224
-0.07630012706395525
0.0969121124949846
0.028082292694235678
0.15429796191694567
0.0017755595984119688
-0.06361775046266446
0.0029756625689574268
-0.3102602793449717
-0.0663485918137516
0.1321540200532056
0.26821019409408003
0.13104247640263866
0.03816172519949229
-0.0663160737378586
0.05822460370919974
-0.204582943894758
0.09979496097483724
0.21903349233993114
0.2798806842475803
0.029558128955728957
-0.10579257549868293
-0.2203647946216759
-0.11314708775039412
0.16662557547415893
0.00223029161661506
0.009014395153093546
-0.31869402317296003
-0.41847610316648637
-0.3321572300493767
-0.3010119547851254
-0.5687775438297514
0.657126842620781
-0.0035409977616737143
-0.5307395309226881
-0.7698182661329316
-0.4836669827893513
-0.43876314570137687
-0.3035129922777857
-0.7905626612896415
1.0300526855475725
-0.13365586318620903
-0.7955637454106705
-0.7069510846316662
-0.688203745463797
-0.5585958045419726
-0.4216803587823539
-0.4250079526352809
1.2538261028439819
0.35345495436295726
-0.2794331511442147
-0.5113826453773203
-0.48401789710111276
-0.3717119318523363
-0.07266988960620903
-0.1494260857214444
0.5649751425164671
0.1607902263413927
0.11462194467998044
0.060959514615457344
0.07259417504912428
-0.020751918121432594
0.029988280736124973
0.042107530616291244
0.16071232551124037
0.03329782191100933
0.1166387619098106
0.13218210122451102
0.12651903206552517
0.0477548171685285
-0.03664410388596487
-0.08236141188743018
-0.11358691024183361
0.09755907310895695
0.18091755532880133
0.13744416832199263
0.11217254080596994
0.20961956989052172
-0.030805561412351745
-0.08806711798240932
-0.18384629597169058
0.0014469194686499431
0.11233776305217787
0.2445237773225607
0.14594935765560407
0.1407239955534187
0.017256445416516608
0.04424261898991305
-0.19832141508690854
0.05782471259201377
0.07063635428062431
0.2022358756643713
0.16733683258386794
0.13443839641714855
0.10201741171528061
-0.07505433942201414
-0.19563412878174113
-0.09766882680037525
0.05586843948967782
0.20924232154648914
0.2722225801040774
0.3639885576757228
0.3064083562682341
-0.008188395799918174
-0.1654913031033644
-0.2181663265437942
-0.4047776470858593
-0.35161573971360205
-0.227873352849073
-0.10189813104424572
-0.25465528329798165
-0.15588772813959761
-0.14168851672626853
-0.2058153166588868
-0.15138895306620836
-0.15175027719327547
-0.19972819607968284
-0.05578757327256054
-0.2576785666704787
-0.13033560059012353
-0.09354971538514086
-0.16051076462455682
-0.05941570728364966
-0.004690605376356738
-0.07657928744520359
-0.1842067727607567
-0.22366583605061124
-0.226460527279178
-0.3298104227178862
-0.2627614619964101
-0.26201727945777903
-0.1222957063850924
-0.07012560195418964
-0.07792890328821822
-0.10098182500846328
-0.23294174830525566
-0.4213006133761298
-0.3727486452873761
-0.363814657498997
-0.2308762980090408
-0.1382831675276688
-0.02939355961783152
-0.0886109184096866
-0.1595881983182279
-0.5613282057231658
-0.2977981144316464
-0.266920686791715
-0.19327855893723678
-0.10275223911029269
0.10072964415717568
0.17027253475536475
0.012999111809574027
-0.6156622021818731
-0.36057012446928016
-0.32554004943137
-0.10851604629847178
0.05401265316763082
0.03713723164690022
0.24155794663834226
0.11649403394475363
-0.6242266096716627
-0.2665124792044742
-0.28209863837102767
-0.010306173458341089
0.0782565909097715
0.2041199132832863
0.03959147979799213
0.18191607148281377
-0.3654016959891571
-0.048538028528168686
0.04331299345454298
0.02393029701066407
0.12417344209885897
0.2943674129685684
-0.04409890294544505
0.19810191474948666
-0.024702373915472253
0.0980501882632778
0.036688697334204046
0.03570317985127588
0.22836318165463887
0.19319398818661665
0.21683760472298796
0.13881112236926396
0.2212673919885113
0.06371672402994799
-0.02908154494901677
0.02847408064194068
0.4003991508190776
0.3207769897103666
0.31112199955905295
0.049412921150401135
0.4159179515076737
0.26910489627849066
0.16401254038511454
0.1408140583763136
0.3365113010328277
0.46647576125475443
0.2470734577965675
0.05667891480032272
0.42889484631931474
0.3704488532071287
0.1610269428407876
0.16093828819691852
0.14724487525164992
0.29266143521402
0.3066357912240828
0.2818936641640384
0.41836827927744474
0.3359635264212098
0.1955857991423906
0.08653996290667243
0.24689514180812538
0.4227890283411792
0.27337560634472474
0.28964454084474506
0.257775670572159
0.39254985617210614
0.21339309876368767
0.20103661128376688
0.18611663653336435
0.16976541042850998
0.322933351396997
0.28641234290164275
0.12896079395179544
0.3301992151096437
0.4958663095343669
0.4705697410864414
0.22190701280158387
-0.013808744204120524
0.13238654893927604
0.30292401511403344
-0.23357037918641893
-0.23606998418304764
-0.14407933213061597
0.016673569503118796
-0.05980431290622426
0.013427939916324683
0.13504530480286384
0.06305212019232725
-0.2897262205272025
-0.1052312177898258
-0.08394536266888186
0.15466312199860655
0.07225273827819967
-0.04810352949059393
-0.04225136977464172
0.018849067692557564
-0.2669824367082122
0.057310603404010785
-0.01112374788756551
0.08102275550159438
0.09799230482304272
0.030694339945110283
0.11554127690199334
0.09781446401222615
-0.2284359281015927
0.11796093399590171
0.16765548065066554
0.10215893571509704
0.1131259236635555
0.15425999596294043
-0.03531024762453644
0.1780223498051644
-0.21261801986705933
0.23325337271110808
0.136618723069988
0.2386733168222389
0.22234795667859805
0.09099953696990831
0.08409269483389487
0.311785739586407
0.22006645758589619
0.30347171237960396
0.28603503442631995
0.14130515623203743
0.08052401380801527
0.06520080568137443
0.08702389894505302
0.23006480638875662
0.3964066459339676
0.4669661566450431
0.276786162555911
0.2289649542178236
0.17944636772068429
0.11515201431112995
0.10267000650912389
0.18193923193398118
0.7279877481476457
0.48098740113569205
0.29096641857108735
0.05957253842324209
0.182928077133266
0.17603665229767235
0.1542587986069582
-0.39203132385771833
0.8333178185620752
0.5209197324877611
0.2749841303885371
-0.011974045184747595
0.021137472148211933
-0.10446172902586048
-0.448389527350638
-0.7506645226426896
0.5972529431725351
0.2716903905654914
0.10602950785820342
-0.272582597897315
-0.42153242710395356
-0.5949353805131806
-0.5712786696525818
-0.36907245855990745
0.3177462215585166
0.15179306713281687
0.12405664934552096
-0.017540057581661772
-0.042790237060986835
-0.17210540011965847
-0.13619163915678256
-0.1284477552419948
-0.21596860176817212
-0.09645917364850926
0.05076905192638198
0.1803245084272363
0.07699786619005913
-0.00937018037585291
-0.07102054777295452
-0.17606301591687284
-0.2505350844291071
0.004583984693289078
-0.008735545450426596
0.09664082269924279
0.11413332235427004
0.10666770773792322
-0.07127356344732506
-0.06413437101301872
-0.39209097569594287
-0.004253182306214326
-0.049700450203639335
0.0907644715359725
0.2638885575723424
0.14255429235146305
0.10032747006206377
-0.016898309658479216
-0.2608944407735285
0.02162049393118426
0.10609870147263073
0.09048318852165449
-0.03354373713467539
0.23411428079508126
0.1207404706944794
0.026587612538675365
-0.22504337296583127
-0.23302813678263548
-0.10697743146823192
0.14268426480943722
0.21088692286804703
0.2285567188466462
0.20217986597939847
0.30893964465789336
-0.0924390229236357
0.05352403074687245
0.1469323630966095
0.31266638694791493
0.6325883265428166
0.6938308972883583
0.5788653265849455
0.35191643484222634
0.018776697791430597
0.07257311230503852
0.21779980454904369
0.13824129553012143
0.29835947449126987
0.4642398368724088
0.5958158583904933
0.6402331910493853
0.019498350342959214
-0.013483284467627532
0.09151842649120667
0.22992599673992936
0.25541520000409956
0.2938637103472536
0.5132866285947191
0.4474775295467761
-0.0020319648916631433
-0.04672991763098988
0.07050094647296096
0.25425756420420065
0.1676688631210143
0.18169310929401478
0.31867153848183205
0.3774418825238964
-0.1330835479516952
-0.08375976880595487
0.09623298987909559
0.11775500258040474
-0.002817121132544398
-0.25395460792045843
-0.08602781165851431
0.11530238360114851
-0.05234614124705817
0.06522818929076896
0.013196268027752589
-0.12090635877107525
-0.22972449976631698
-0.5572767647789177
-0.3635594418672424
-0.12140912475659826
-0.1530098912177561
0.0003903711421816003
0.05865096610055481
-0.02340999358114587
-0.21682073227374107
-0.4280107995829405
-0.3589786722970597
-0.3026522018028355
-0.0379434349148724
0.21431778959325248
0.25356008926729895
0.29829305677352125
0.09993455969503434
0.017676376577150987
-0.20512258126748328
-0.2136417689653053
0.26238147890253755
0.4267447710252112
0.2888112386593395
0.19821412761737436
0.12482083722754417
0.0673790785043134
-0.01694047474649274
-0.19585318301568705
0.08534793132458124
0.2857454827743006
0.16602380484793244
0.2834499258596196
0.22166082762932485
0.03656489575724328
-0.30474748032096827
-0.39417276896134323
-0.08576617989896401
0.16636618116696955
0.2730556121955454
0.1722207736761172
0.20476393963548778
0.03736777079498377
-0.20887188014176683
-0.34324406956927034
-0.1378197741383766
-0.03672470011061346
0.08829266204214034
0.15143648308441926
0.024793082301292624
-0.15848579125781936
-0.23963371160469465
-0.28413096595237775
-0.4172780545956708
-0.2446432849929527
-0.21486128331760657
0.08125741947742718
0.14585363009049557
-0.14881727694094232
-0.3344184068258481
-0.27594711019921436
-0.2992800890322729
-0.33570780488731344
-0.26016560908284636
0.06892919348436077
0.026323623040670818
-0.18758675546852166
-0.24606158504646275
-0.2485993524146417
-0.2831442777179777
-0.22889703450601523
-0.29102880113812385
-0.09666233303135649
-0.10723650290008402
-0.06406063091585237
-0.12952613482907632
-0.20076520237726703
-0.3401750261552951
-0.34650720124896184
-0.2636148061206285
-0.2817695259104505
-0.20685932823991976
-0.248304361341916
-0.1556836950849687
-0.14827596359060669
-0.18421432878592553
-0.08401549157744487
0.13833851826986138
0.24189228086874354
0.3388645934058262
0.15077427322905296
0.12607490616222444
0.08036818831730731
0.058885248316653274
0.24188694779261183
0.27754883198408276
0.16951126500809532
0.0956768095180083
0.05681409985578248
0.11209652160726374
0.2525118912523108
0.08531919225072522
0.2562564559035739
0.3142927967182346
0.21425762047048183
0.19073909085549595
0.18189754085651605
0.1096984096465782
0.10683823025363154
0.2974832987775149
0.2113770635189079
0.3489995088724295
0.39506502794053266
0.1998457198780209
0.18618797777923402
0.1009444743465221
0.05557149558564442
0.1500414120291923
0.21666877722471056
0.28994233954331855
0.28427145487319333
0.3983726251316551
0.4171789964971615
0.08344973354598495
0.07215677581495913
-0.12959898240257578
0.09531005264167985
0.17782558056884412
0.12890113406565085
0.2613158183464681
0.4055085337581391
0.4097769760186962
0.12158139640049767
-0.17837773305279708
0.06896242857239188
-0.10216879827247166
-0.020176369488092316
0.06804438385022116
0.19811645159462174
0.34741392512240965
0.2055175094564593
-0.5444619671805865
-0.29614149250029703
-0.19788078808590748
-0.09207910354044418
-0.10654211239932034
-0.010376852499065396
0.1689578782349933
0.14261542675172983
-0.5037978476835794
-0.4942323873773654
-0.04603518241546921
-0.3181943124768698
-0.08809136248108734
0.2056207545509362
0.21476006866541086
0.21806686606841413
-0.36504436395223216
-0.43054298689176373
-0.18193877145363027
-0.05224763346341907
0.023772895944006334
0.2409708506929656
0.2223578681465801
0.2770080376211692
-0.04789066740848914
-0.2570860180885052
-0.2660479203142093
-0.2559908369291293
-0.05887800652832553
-0.023282269848003856
0.1761063895408438
0.24654818151286156
0.03241325363809178
-0.04812758264189207
-0.25685059320067083
-0.10674338217665308
-0.16450770936656167
0.042055147928985986
0.1118010489580259
0.1798504732093421
0.04815881093488403
0.03962949417048556
-0.025333649705931716
0.07731356234930614
-0.024345885392329847
-0.052876018398129165
-0.09057961935134828
0.15933418030661695
0.07594914221337928
0.012112770062511546
-0.03213382794800035
0.037106896017150004
0.07733361926422327
-0.11478546536064455
0.08622373660097238
0.12261226279844477
0.030727262412007544
0.15033258574193245
0.07596357942563298
0.1279402246349008
0.0570439834368988
-0.1257891098058981
-0.029787973330109463
-0.05024927730376477
-0.024547933704782976
0.07907403436005747
0.17247225326545979
0.3178757093162354
0.16773924359891723
-0.07107816563683272
-0.018835666135730345
-0.07396313915720976
0.1197837884585065
0.1297054506041989
-0.01598308854155403
0.042327278312375816
-0.09942972148021523
-0.21609954324913697
-0.16858344669190112
0.021095785228234354
0.13273727244392575
0.04978394037851008
-0.04791964687277839
-0.059422361596193685
-0.1936203736628162
-0.09344973680638746
-0.22694732610324436
-0.11263429678569649
0.2089376224859
0.06407792956553143
-0.180948309433156
-0.07284007600557688
-0.2579018127589757
-0.16644334037141228
-0.16270002348138418
-0.0749315334966969
0.24314228504015778
-0.17034314834171432
-0.1693821793989156
-0.18148410263839285
-0.23704046783953284
-0.18679595152333361
-0.26406549810919844
-0.15225254010747213
0.1744074136541176
-0.08052278397176399
-0.21198202888837336
-0.3275447774863448
-0.37128296771131264
-0.411326500620503
-0.34835341094164585
-0.2812812073992683
-0.06253109970147924
-0.05231658075733439
-0.17198329417467895
-0.26632301223121463
-0.33091193790313234
-0.37477907334788574
-0.3249219943376703
-0.35515355752036526
-0.09148541224598555
-0.08829634555865618
-0.08651690406559437
-0.11236226388770859
-0.3361828032935333
-0.3393642957124496
-0.20951719956791076
-0.3158087028501494
0.058818097979256516
0.008975715995733935
0.020097563307708437
0.017000586975471743
-0.021159531196751985
-0.05649686692413458
0.00474223418657066
-0.181734424483361
-0.05190183619659433
0.03685092236167342
0.12965294739050848
0.12077234228567513
0.0071038504344595466
-0.01449444461051047
0.23294709119245643
0.01570090134020624
-0.10560592264986489
0.10369042809627389
0.34796897058603704
0.1236395937197605
0.07338843752599657
0.03975884187205593
0.1844344288651948
0.14894717773944516
-0.10841756505742733
0.21997028104838035
0.390997984293414
0.17851841301738003
0.20587048363164065
0.19930858644036029
0.3353212174435019
0.2368926302561871
0.005332374239747667
0.4498187012009967
0.3991195709336233
0.2617920077753627
0.13872663399916252
0.11317326900801727
0.33280605326243606
0.35875005905673396
0.14041588077329453
0.3979623569285853
0.3062554731925178
0.1847604622308634
-0.012443087599134761
0.049158500678987416
0.3391138365847722
0.4001389360378996
0.293048075946685
0.37771541081763854
0.30146003412464806
0.04911156003036893
-0.2916549044232509
0.065135829236046
0.3452325703645887
0.38463719258934
0.23977699478271675
0.2827100141665612
0.2521823833337526
-0.127205828980281
-0.4362766918238633
0.13807478179390045
0.312039658906822
0.34472468993789257
0.13819502520855337
0.26250564954205763
0.010348220062309677
-0.5488158208134442
-0.6063996405528258
0.19917426852912
0.4356280219327495
0.45632536257884904
0.3483951721821055
0.7990146060633243
0.920192876825227
0.578245795643704
0.5382538165836424
0.6017853909372561
0.3778095133964484
0.202623880369623
0.0855574189204319
-0.06495414317082471
0.19786420970453616
0.16221270027267462
0.32611354823238325
0.10395705210308753
0.017252335683773157
-0.14430118337833323
-0.2258574641698946
-0.3643442052295804
-0.3443572025858683
-0.330968614327092
-0.00024242153849089731
-0.18343130081393821
-0.22731713488247643
-0.207516745365939
-0.39288845915145265
-0.5547194569420874
-0.6641047800343571
-0.7035560037650327
-0.5568713172302404
-0.5428757016999946
-0.4024496717799352
-0.24520810349439565
-0.45142320661596924
-0.6143159709222825
-0.6121544327544904
-0.4298328320275547
-0.4315022090716668
-0.35863332539176823
-0.19147152919527505
-0.07973549315437778
-0.6323163712592919
-0.7253255689217852
-0.324905325757313
-0.03890286690416628
-0.10663883382615433
-0.2707644513998219
-0.2835156859690169
-0.274816437401437
-0.28614930217466694
-0.24849460401356704
-0.13740432600987723
-0.06023541509795255
-0.03466459287229759
-0.11739132799287816
-0.43244866192450515
-0.339329563040502
-0.16362283712052117
-0.12991501172608494
-0.1264610612924716
0.08264228384516081
0.2701888446983655
-0.13715920044005192
-0.3817543554895917
-0.30112788080358216
-0.24384594059257858
-0.29959259390131365
0.0015256331898049272
0.2430029421282473
0.16093920898009786
-0.11932592055188213
-0.2402161087250465
-0.08955892361237675
-0.24200495807964045
-0.22492342607551846
0.07822276086008739
0.1860058455345701
0.3310151282111123
0.13297433164996764
-0.14915205736860865
-0.14129433316089093
-0.10023694371738945
0.049371001964747446
0.20538351620112383
0.3634657912036668
0.3614214769153158
0.054572189922048986
-0.26423400364700744
-0.21968478855848272
-0.001885273790343589
0.1591492833056115
0.19279329712746052
0.44258903201649136
0.3863409275985375
0.249326897546366
-0.13332451555750768
-0.139915447201169
0.0121212321462007
0.15079538674818635
0.35701548658545584
0.521773532617162
0.4511455034461018
0.2976756563593981
0.20682489784810815
-0.060372346184880965
0.010153052114434569
0.20137640490840875
0.33432978475366865
0.4075441409082539
0.4650391256912729
0.3055281285233618
0.04098739691520045
0.07292045451465917
0.052420359003760464
0.045744111145947855
0.20218413347576417
0.3874157819564267
0.5011437193945051
0.35539980129106363
0.20830108087210908
0.2179510334934853
0.2145643695863389
0.018606252040403382
0.21817814865649232
0.1353924735353822
0.467489624700203
0.29734753045543827
0.20843128667847352
0.24764728015837933
-0.011262026183828211
-0.0020245919828268955
0.04696291964113214
0.08847097641165186
-0.03368097124799474
-0.02741228512196725
-0.02566541313883674
0.03153644798051375
-0.06400479088779248
-0.13187396050394196
-0.1612869920721013
-0.1920261289229709
-0.1663154510004744
-0.10594174030553347
-0.07435727099567166
-0.058915410092724885
-0.1540155108157315
-0.21100868296961742
-0.17900079081736342
-0.19298998848398813
-0.167112934484561
-0.20706471438330015
-0.12524932592112017
-0.08273212964548227
-0.14386150968915812
-0.16589888458509605
-0.1680120644511639
-0.10232609787305791
-0.11859333334845226
-0.021080847513956145
0.008714544800653645
-0.09437298773790997
-0.17023307850527158
-0.15808352121218688
-0.15537866095630407
-0.021612489607594182
0.017411713934585488
0.0616443448583891
-0.052767293487684774
-0.15082674206711988
-0.19206715548646258
-0.18923337528143672
-0.14921981225203385
-0.04951027069019287
0.05646469986515204
0.026668212601744803
-0.04423285747115433
-0.055999631635132094
-0.24696614584360882
-0.23436232311051391
-0.1986496394118207
-0.017687792235423827
0.0649546234798814
0.09131421697831477
0.002568074761861605
-0.02192061130770001
-0.2615572957020886
-0.22784449594473855
-0.24175338530809112
-0.12110575544757685
0.04860591705237641
0.09835070214975003
0.04474360038549596
-0.029383774679920524
-0.25038579060686095
-0.25120088096467164
-0.2834917501783667
-0.1834108447289105
0.030394326478432376
0.13734610961256533
0.12949689047021382
-0.008271851107942874
-0.2610628792781345
-0.22344018515999275
-0.25423021725426387
-0.17183845742914622
-0.054169909371417635
0.13851694237363943
0.1639624207713554
0.06036331819048944
-0.121071526386025
-0.14527555900418215
-0.1957887553498186
-0.2143391561818817
-0.11384341649744337
0.11761017611705837
0.07883977993114574
0.09263583768388728
-0.024131186150962852
-0.10285015304260031
-0.18295031111392523
-0.1867326579822154
-0.11288972532202629
0.17744085510242796
0.1701681605091902
0.18274879708483227
-0.0120581461172648
0.008168252077548122
-0.015169399017572305
-0.15153736318225083
-0.026849066697102318
0.1599589869525675
0.1897291530236156
0.16973100598416646
0.04791070231882544
0.11185624687735911
0.09589274261938711
-0.03640157176999026
-0.055498750755806014
0.05831160478048619
0.18286387687076916
0.17936458144078998
0.014026685295637956
0.1275546254861707
0.27728502132940974
0.29238307024015225
0.2943860070372134
0.20405689589848847
0.3253188401460753
0.15207917904891777
-0.015116659965981855
0.06609948571531932
0.3676055890608769
0.5880536421587264
0.6177980003640288
0.3966962102596315
0.24533337891081303
-0.020008282431781203
0.10465951804993709
0.05590483458356002
0.050626687453887265
-0.06835552525078076
-0.22474071983685195
-0.3882703276013398
-0.3288456966335038
-0.3092935943387105
0.08066926885586201
0.012111379218929796
-0.07116857918135916
-0.10726567018430155
-0.20803064904027307
-0.34310360591939115
-0.23804114887076414
-0.21421318732958794
0.2773107401991208
-0.011162614900615764
-0.13376388076750012
-0.19676864713562886
-0.3342637083594873
-0.29596476741084965
-0.13988515619454017
-0.2764188632486832
0.2178603781501412
-0.0178597715211965
-0.17017229741066264
-0.2560849921884817
-0.23742221111245657
-0.08135371128827024
-0.22360502133801405
-0.40300674217571475
0.255671542366023
-0.04801571708356972
-0.3148600953187909
-0.23381731674865813
-0.08827718302966336
-0.14042768633847405
-0.3047409920461337
-0.4683314866903696
0.04854723499926976
-0.05507767363426408
-0.08217123112705887
-0.11348237038057973
-0.17336990766500845
-0.11756643220978641
-0.07276173075750197
-0.16758591611770557
0.015154791697756756
0.08041362710707056
0.14841281880127172
0.10275879752700297
0.024842275776639333
0.04968227004557518
-0.013825977550748103
-0.1902492195240543
-0.024690460396845526
0.1945893215370449
0.23857680956956911
-0.015504434666566456
-0.1674621351149476
-0.08660614152072607
-0.026123680153196924
-0.17011913200415027
-0.0685530393837212
0.3390230606737479
0.42176735146047367
0.020449137686779195
0.012029331868225385
-0.04176131676997991
-0.1561545270787726
-0.40697377078897023
0.10193486101201055
0.4334425439328102
0.3472001862714504
0.17460994596432838
0.038252854877109
-0.09946758387066107
-0.2141502592255253
-0.4696967233110124
0.17132257668621653
0.33457139204011394
0.3298861162602751
0.2755984287456524
0.17708273441239805
0.030615612886815968
-0.23982523234892184
-0.41043936581714036
0.059789382627945815
0.3866747282299831
0.36896731619894246
0.3018391570430192
0.24110407887994006
0.08820839953992918
-0.07514586314627278
-0.29734880872274944
0.345292860793007
0.23619842885744077
0.20455630782351306
0.1811862258459615
0.1586845772798129
0.09273927930308379
0.07030589827613298
0.09625476308323747
0.32478288964189683
0.3173580445639341
0.10787152125025323
0.012891811246898893
0.22712940608843055
0.2212546916068005
0.09064335432710119
0.1995447945808986
0.4687799191075783
0.12894842913277443
0.003616247700015507
0.00531111349199348
0.036190485248177584
0.131588052040765
0.18775948308808743
0.2461979448874071
0.2786037255784696
0.343472714788559
-0.05668843910046345
-0.23770414320559996
-0.306127359446956
-0.04453345218144564
0.02376669806888245
0.13654439694495346
0.3026172466199592
0.22972471342892503
0.38624936119156517
0.04600105712207306
-0.07233670321752261
-0.02424498033534285
-0.20380565284978147
-0.07506929585958849
0.053796361416356575
0.056188737893077934
0.07456827219342871
0.1886502838555758
0.21132734393361047
0.058595611174778184
-0.03785026377248579
-0.08117837005093187
0.0112907883811883
-0.01238473415434986
0.1841679254095418
0.2265249856204039
0.26649965942900805
-0.05741870227451548
-0.10024461324024628
-0.14977721799708077
-0.051729691925419555
-0.08556775668794558
0.17248029788046845
0.38172257844565455
0.24212376993903867
-0.09727668344007115
-0.11225706688472116
-0.2275775113979559
-0.0772946342162389
-0.08966404398368283
0.032325980980005053
0.16864035733278865
0.14375726660918337
-0.0864894140448349
-0.10509187655385396
-0.4218177441582942
-0.07540852728256278
-0.11193574926443273
0.012429857538894352
0.3070019810815157
0.3160225063303259
-0.14588529795310246
-0.28279909306773066
-0.4716773213458175
-0.34680558918907045
-0.21349496509693347
-0.0396028916219026
0.1642200422886275
0.3276027397536954
-0.283015756375699
-0.43768340739564837
-0.4297570257504243
-0.2280330328110377
-0.07196592666672014
-0.14695529022634646
0.20252525125443993
0.3031223832257109
-0.5152286349842965
-0.4705946517903449
-0.3432394466932594
-0.10623647936485442
-0.19480471667925248
-0.1887037071219979
0.32133579555887126
0.15361804921622377
-0.5273019257363686
-0.4856444005820424
-0.34618196613759555
-0.015064498592018083
-0.3298962724400397
-0.1730718137314139
0.2053291623628519
0.12462074400082779
-0.3716699742262757
-0.4300059231132296
-0.17647387040609078
-0.032444207580280576
-0.3862978633549684
-0.21019968576773307
0.21555795519372212
0.11575129674484586
-0.34141053371381075
-0.3795616092058991
-0.1750785768995466
0.21055427300799706
0.005705582588335589
0.09238169950366917
0.30454264140011006
0.11695503870195303
-0.13887693255759095
-0.2997799203582622
-0.10266345854769365
0.22266281437342794
0.1457815436311939
0.17058116874694718
0.35946376476966396
0.28887009869241287
0.03487264972578702
-0.18729659737716658
-0.3052243029529342
0.2294800952247254
-0.007609784051401558
0.009915091176865148
0.2267104212996069
0.26043626855019114
-0.013381880296080506
-0.2011185120901361
-0.21187810841700394
0.259775835952092
0.0014817552459879257
0.3085273913822739
0.2137616142565109
0.29732404474920915
0.2478710238786579
-0.03158373846253501
-0.05457081297975905
0.17232897261322122
0.25070214257495393
0.29288194346891316
0.1093876875018685
0.48163412031929426
0.47271552486183066
0.2663105692084191
0.047528436953921865
-0.06599578379619203
-0.09283629462517323
-0.1014835916690891
-0.1316183527752125
-0.17320300193298488
-0.15051793795751506
-0.13494454068871553
-0.09181491455280644
-0.09113400565789387
-0.12103954799619283
-0.12059089917122179
-0.13432074179312464
-0.17436238479623306
-0.1956565931171363
-0.17967544877735658
-0.1343664210117767
-0.14700092967506243
-0.03344317376795694
-0.08333728546323224
-0.18001341945810548
-0.17132628559416418
-0.20999415173512112
-0.14780667211918452
-0.060956758628074405
-0.045279266574726806
-0.1004322516043403
-0.0931589755311765
-0.17190879964466121
-0.18643302780353588
-0.1478076644634015
0.06692905815853135
-0.009519279318745022
0.07529266077850508
0.12543501514837707
0.1509189581084283
-0.18200380231354962
-0.12456474828949168
0.010702911665195824
0.12907710999636968
0.012377451784954696
0.15322743750739576
0.20152561890765727
0.18816388912478327
-0.009477349378338176
0.07752443668410264
0.09561098701855136
0.37213662779711065
0.10097957875898383
0.42889230431404834
0.2411118593497354
0.3451007779720642
0.17570086234676924
0.23766512148668895
0.4246041298527364
0.37647467587539696
0.28208894070901597
0.16107037089524218
0.24759571961386484
0.36227996063152923
0.3219069868189157
0.41103745840749284
0.33894655580538924
0.4623736367245224
0.5216589547897879
0.14872676668443938
0.23136583811800676
-0.087375601868422
0.37257637413937994
0.4617706108897852
0.07032993637264003
0.18139539858738696
0.4757051744118826
0.2874822157310613
-0.17835832551530406
-0.5804218400528267
0.009164339134755617
0.1569518519080939
-0.42343055208849695
-0.3809783341913088
0.2668825386505697
0.22278397633521863
-0.4251852123803309
-0.6728445878716891
-0.2121224501231842
-0.2120168903976848
-0.5301430321192084
-0.34202470986014055
0.04443966710807053
0.22750873024291465
-0.45689463293414656
-0.5906667747817668
-0.37098520117334255
-0.3537451596590682
-0.4019095087560134
-0.35655754482868973
0.02780973374352158
-0.0034066068998246934
-0.30919688712214044
-0.4362501743786606
-0.37757932427679053
-0.316927968776733
-0.2386479293230448
-0.2386100966596444
-0.13420380649808883
-0.10182853303927941
-0.23411215652427353
-0.3043928713724787
-0.27338388136508135
-0.24109924566763763
-0.16948597983331198
-0.16751471188503472
-0.10538470511548484
-0.1187531834872394
-0.1722971706254046
-0.18570736781363084
-0.19592955970728054
-0.16358045805310498
-0.17386188068444985
-0.12106033389333773
-0.14804391211820558
-0.06241679174219472
-0.11049988966492669
-0.13966774775788332
-0.15598699824176943
-0.16667675993391723
-0.11477054843920818
-0.09945882764537103
-0.08156355690042452
0.005796518868274092
-0.05025532259250543
-0.08305721128093457
-0.07330260033096914
-0.1349453180186763
-0.12353494078525606
-0.2778355719290511
-0.151863042978661
-0.044781166199006295
0.028246611977122582
-0.07491366014937575
-0.0896502045660657
0.02123794672134849
-0.07763480181446225
-0.11545698960376857
-0.01481430350956063
0.11870320063699819
-0.04724955299112055
0.11362288676295906
-0.04319140255354498
0.08300739957295422
-0.005132343571461501
-0.2014979650420402
-0.0615006513650172
-0.014652247571730448
0.11282649573624076
0.09259947004383942
0.03808368859845493
0.007725116592079195
0.057566562140962174
-0.1348193626435415
0.18525708319528605
0.15296207985567595
0.04180386312709841
0.033967580922202256
0.10157188107154391
0.13844238868694222
0.07435962845766425
-0.016436138433862296
0.14836878356002645
0.37395171359530677
0.1065085926114579
0.060763259672332426
0.012019746413035244
0.05852790281975706
0.22182734557842487
0.05574167965454008
0.20671955566790431
0.42327872926733157
0.18621391293024403
0.16813291108648945
-0.07906532599138674
-0.07517802697930187
0.09935652325072392
0.14981246205632537
0.3341974202604371
0.33143005759848193
0.515397941817213
0.1724812327400001
-0.02194437930773452
-0.5656923430137483
-0.11711792403227006
0.43658364939378697
0.6096871111932529
0.23860700257574496
0.6109445225004264
0.3029819287888533
-0.104453751223467
-0.6133505517330717
-0.11355150813148401
0.4980125307541715
0.36401865675130485
0.2354619844537948
0.31351579909454863
0.11492204311335692
-0.1267460691001419
-0.6949797446696551
0.0719705510040447
0.3421368863539923
0.45741620606227296
0.27147642487626283
0.13135669462119273
-0.08448603465319271
-0.4848432766776811
-0.7339319422373214
-0.0485483045083952
0.10094939820485233
0.5670566977416545
0.2893602288935072
-0.0926014723766726
-0.2629642418467921
-0.8349709560383283
-0.814494496416873
-0.15892945965517583
0.009913609140269147
0.3916633913474453
0.18826865235836354
-0.18409162398540807
-0.2856555288039054
-0.7446496278742335
-0.5698989044387136
-0.3340288228553245
0.020822424559744424
0.20966875051906755
0.13505592291705626
-0.19496951039362842
-0.41933546467124316
-0.8354338214797489
-0.5114648129688163
-0.31204876376306345
-0.10625490497720363
0.216820805693581
-0.03599862769583323
-0.1832499807300358
-0.42855434620300786
-0.6893279869216935
-0.6010258184510479
-0.3414075814812463
-0.07351023008840107
0.015747520311164817
0.028155429344234817
-0.144073316156244
-0.39000673982033696
-0.5650100001864815
-0.5216956931112666
-0.3641822714275337
-0.09307701306568794
0.00014129656805561552
-0.03636219019140069
0.0230096701832284
-0.07468720243209048
0.10784854059524049
0.07563477942755883
-0.06569541460683048
-0.08079257627832831
-0.17436021181060513
-0.1857335478527305
0.022931881058567638
0.17614435112564186
0.15943115694066223
0.10233061657610092
-0.05008615152551993
-0.04866665658983926
-0.24701844368517567
-0.0738083330137741
0.03365706809904534
0.11784732443899926
0.23986539489053665
0.1105723575524098
0.10659933690684464
-0.08337493469647828
-0.25524136843382267
-0.022552994212208244
0.21308254083086525
0.12650188326246853
0.270551122153153
0.1878402537992288
0.06375625560100345
0.050902634737325314
-0.25544359347330914
-0.07748912379939743
0.11760523383606847
0.2621363227316344
0.21064549762731577
0.21442652386043626
0.1599707276405494
0.022451121332235535
-0.008440236047784488
-0.14821681505379464
0.00709427166890475
0.14610559352790767
0.2670332509132504
0.2555946822596254
0.29067238341966317
0.10996232487878081
0.3110935688165811
-0.05813542862378923
0.09576949989727035
0.03360987254586001
-0.08841956559422437
-0.2243668252621691
-0.0011330472051903073
0.22357312285489847
0.5770349084613335
0.3274113348127756
-0.05642664740115577
-0.2819060832536079
-0.5321519485439378
-0.5745035247824991
-0.21869673145921048
0.10626223457977452
0.9027824235254127
0.4165323835227934
-0.15925779407689283
-0.37484574377466484
-0.7512609219900405
-0.6094178196662141
-0.5434513698008816
0.0537126579450575
1.0168103336047971
0.4349954709954178
-0.06500241204325358
-0.36691518924393296
-0.4663062097685521
-0.4024237154251038
-0.05910381789589633
0.10794468812856503
0.4069771457629531
0.29914595351596474
0.13241409779351757
-0.020741141518009515
0.0006422750852808218
-0.05187191642901823
0.06376900214101536
0.02066833202173643
0.05878510851324048
0.11402691510742596
-0.028549526454300644
0.04985191590410554
0.06422945366722903
-0.021383797904014124
0.13545565824680617
0.10004170800937978
-0.25017403973805213
0.0928365564389477
-0.0212427238786497
0.04931545202502652
0.14119353558428843
0.05832130324609275
0.08617083829031735
0.039585906744086075
-0.30571582243146633
-0.12294895645902368
0.09816337212869158
0.05781065639700905
0.15639977314124476
0.15366328441985388
0.08991852818196361
0.0014195859566308682
-0.3472057619172933
0.036839795027094946
0.13334958963362611
0.13450720918540177
0.07860638161715006
0.11916195671073154
0.16143880563926777
-0.006471027769740123
-0.21147220195179173
-0.008711782114276284
0.2384129368900758
0.21843857633586355
0.20745506494351784
0.22366327864038582
0.024045196342953212
-0.058167683507048304
-0.18324417910293322
0.06215748140382295
0.27426774628165396
0.524799348841986
0.6536039147296784
0.734640734218083
0.6737123616431977
0.24599039864490022
-0.12234339896676638
0.16521846903983167
0.24948372700918417
0.3677062513202153
0.30010549083030974
0.2723899677320766
0.36033722450936734
0.32616296381260973
0.11821984308202094
0.3330787299356297
0.2493314001643197
0.31388902457947776
0.26570464496898616
0.146636640784007
0.39275460046503746
0.37929645314678445
0.211621188933641
0.30819282524226843
0.3863520117571807
0.3521972718143751
0.26667372783802623
0.08921033660137878
0.14619721244889944
0.34985960472463795
0.4353171314044844
0.11356530445705351
0.10636493801688546
0.29763173629005274
0.08275854164179874
-0.08899231313798658
0.2273509478666373
0.3199844840070235
0.45495065201123286
-0.018375421281991877
0.1704287877898878
0.23048062277609324
0.1163402967199666
0.0411339016139326
0.20838517628902875
0.28897413835877955
0.4956375189972351
-0.12097883176999413
0.06802591788395923
0.23163243627059887
0.2402839247828492
0.030204155001560262
0.20124651237851482
0.1669475735471714
0.2882960877543158
-0.11762616863600885
0.16325825882980183
0.3418940184929117
0.09972490719599908
0.031012998229032473
0.06080355002441347
0.05046752991707272
-0.01196010315819157
-0.08954428321753011
0.11439036269949343
0.12021853398234719
0.0429763971405203
-0.057495606878625816
-0.15872629890912632
-0.23025437136754773
-0.26465340146306215
-0.2047653754344536
0.15462549617408175
-0.026833627168113883
-0.01909765894556048
-0.1519352734883777
-0.2526309467296462
-0.41118918575221974
-0.4529997524306464
-0.16384163371970978
-0.008582379819682184
-0.045097004636751536
-0.06618349254051939
-0.2270245726587552
-0.35699883908043983
-0.5035303661519648
-0.4823671314251743
-0.15641946764324446
-0.08432861025601586
-0.06997506912549672
-0.1838940549912727
-0.2132264186943954
-0.3797365583989518
-0.44406041195953383
-0.444814854814361
-0.11255214178169914
-0.06457331348300599
-0.1568612183917018
-0.14031260737663187
-0.1281619141221322
-0.34764710059464643
-0.3451708514764198
-0.4085025599056269
-0.1387873639242702
-0.16037411553653874
-0.09420307160879321
-0.148479497752529
-0.21522173472046285
-0.4172386269889904
-0.3276713654791161
-0.31748851929927524
0.020651584435972425
-0.2048995925492063
-0.10589157979501762
-0.14238737180574734
-0.2131180757202289
-0.1865632538993293
-0.34268233669591563
-0.21970221437848236
-0.008655324122726266
-0.229008096891908
-0.16449732265773692
-0.27913001467494214
-0.3311526693271927
-0.35599439754703843
-0.46368657492483056
-0.2205113475140839
-0.022693020201722314
-0.012205526861669369
0.2872709766158007
0.2812503566785459
0.2607896309908274
0.21677242524987445
0.1464158319185914
0.016488880055912758
0.0834879572732446
0.19691490747518528
0.331865195512503
0.22700076882795894
0.24441426209660969
0.16911263778510618
0.2603282244587644
0.02456239196121207
0.2194576080968233
0.3421467246254311
0.24721513414753704
0.23993476539946215
0.2124335194778061
0.13957682321299897
0.2073678996075291
-0.04389455068447745
0.2712093124947507
0.3260622419535327
0.25853822813040717
0.21459992809723172
0.22064083885399208
0.1908187741023815
0.04196752294481687
-0.10094404322886723
0.152883809657488
0.30099664266677995
0.17508333919825642
0.15293624661118604
0.2524008403406476
0.05951725413328396
-0.06243054669006176
-0.18693144962249947
0.1234702321255979
0.2162594785630395
0.05609893790230827
0.2594422381449756
0.17326982650179423
0.019936244516213994
-0.07118865603516189
-0.0907966162062504
-0.06680676539767738
0.001078161772495062
-0.011841998253384417
0.1584196249491499
0.14874666709352707
-0.05495058895702862
-0.09925389037263821
-0.021133030157398563
-0.28439940204782654
-0.11688430094336988
-0.05826578533394655
-0.011116444492957955
0.09437851677936185
-0.12427382105452338
-0.04943506902889777
0.09558053309878667
-0.3254583992576101
-0.16413629648496458
-0.18764141272346319
-0.058066702808356796
-0.1198532973269334
0.04793446100170967
0.09299621865096527
0.07481286197015288
-0.3017992202163122
-0.2420040844491027
-0.153331392854125
0.02636997266796781
-0.04802678329881638
0.05849732673435554
0.11750527176224979
-0.06993759914448963
-0.24260846722089646
-0.255211065251218
-0.19400250813175268
-0.07106503095506944
-0.01277397242016004
0.07820917783932263
0.07925656795684424
-0.1469656009659177
-0.20498526302789166
-0.16510516513995055
-0.07506474431678739
-0.08671382708417447
-0.005213049664072766
0.02700823628861246
0.027082854764503173
-0.06806454039477322
-0.1379297786197377
-0.19276619461473865
-0.06605922038004014
-0.018057971507426385
-0.021259517712724968
-0.05141677893382757
-0.20913962880021586
0.1193555650206933
-0.15668721991138312
-0.1539658080304091
-0.12282918628120659
-0.033982964146686
-0.06016335069684747
0.021627829102690788
-0.04124455895580087
0.12552496678257613
-0.09872586503047345
-0.12051865073760637
-0.08870881873717812
-0.012900620897451143
0.061508911659162335
-0.16728211495261164
-0.06543410946130726
0.1410921270046231
-0.0724600315401378
-0.07986761911254875
-0.08349488003459568
-0.11016999762934931
-0.08992549864904081
-0.08867116795192378
-0.022615050639258227
0.01695012659809931
0.12575521525887934
0.01881975915168818
-0.00886916665757681
0.12805670562274768
0.2575666196174963
0.16395866279606178
0.27342048314900386
0.2909351610997957
0.06270535959580698
-0.022079877791898767
-0.17880325221163673
0.024342851780788433
0.16771732074237267
0.17446578411883035
0.06897506589326546
-0.052366346177171896
0.22724572089660267
0.23075610873978641
-0.01962009890126326
0.018466713523894507
0.1692186032406598
0.17047072379239744
0.1227723649467069
-0.06594061386060357
0.04173583322129887
0.16952563896797945
0.2965341989413841
0.12670780059000714
0.27231382362294726
0.2092129103848517
0.019562796332399074
0.016564549050404193
0.3344608728207919
0.1260417586099128
0.11700235636008263
0.22842952257113364
0.3217477431055269
0.2640600841449429
0.1533814719604928
0.2398726229433428
0.42988226127004875
0.28842706592860046
0.21419819437060128
0.0522706067913736
0.035633054545689005
0.12142073921087417
0.09663147548368428
0.1494492021856343
0.654189168592713
0.4104253934715774
0.1581660325579571
-0.09414497191901156
-0.19213709490305722
-0.3043046855151841
-0.4538584358483737
-0.011561114635610853
0.5368126183418911
0.6390062983367055
0.19861866661390837
-0.08645951471294025
-0.32213735154554435
-0.44340238267687315
-0.6821641915294121
-0.6356887088362043
0.3989975964307659
0.6458420624055904
0.39886847296709993
-0.05677558728459853
-0.17805248836275114
-0.50696416891371
-0.6720361386306835
-0.7385887792987601
0.26396332215819696
0.47414183396445625
0.3955913538572629
0.04280137246861471
-0.12593660230925846
-0.4149681813490451
-0.5879733026545195
-0.7785161886864163
0.37260173903165195
0.1770578551656004
0.22213327631183058
0.04166913068693099
-0.06267685409797502
-0.38523144871027
-0.6724888115111127
-0.9361904894867326
0.1934294108394447
0.11869567928426371
-0.0506792375054399
-0.0797992938154527
-0.1474157254009603
-0.5266426502525591
-0.6107066111124022
-0.8381004099404472
0.01703781333979898
-0.1761230619777458
-0.15174079535855545
-0.12923321509708427
-0.12025221340788601
-0.4626680246973026
-0.5651629303269853
-0.5703279581694836
-0.0757094366571403
-0.17514314919310614
-0.10669776735554265
-0.13220052613677868
-0.16364746552959553
-0.3303701670497753
-0.5377221910184556
-0.525907270512909
-0.1776679600148544
-0.1425435078829363
-0.18378557665902062
-0.20321585649496554
-0.10100064616318766
-0.18796347258882362
-0.3715739973193892
-0.37613099355239277
-0.0859389770687371
-0.1570693305014858
-0.29571482073391725
-0.22703930709083275
-0.2898667159294793
-0.18282022934090425
-0.28843176225722866
-0.34070633345376666
-0.19502876395720753
-0.14807319901716082
-0.10733425139432097
0.15664478121003975
0.19352227165150315
0.16566125249260238
0.17476552873342796
0.17674919991296384
-0.08507500638058627
-0.017575601627377334
0.0014991993724481345
0.1101393915155412
0.041525300276764876
0.023224521583252694
0.11587248959381075
0.22885995780752555
-0.1368614156165657
-0.0014175857448911547
0.10877927942204518
0.1595421368341669
0.09138347143744052
0.09759743414784194
0.047240189599897175
0.16487990520262877
0.09045981111014523
0.12795766034052333
0.16829744724657458
0.07075772961726906
0.15070105938142947
0.047307161920832785
0.09689182603062013
0.19212001174701326
0.1362996405268036
0.2489977283941882
0.2835858932764123
0.18403408158496998
0.019919428718203125
-0.07235824311918984
-0.0305247486635547
0.07291397461592203
0.21604797253279484
0.388757084844814
0.22627261698912163
-0.0572936754883103
-0.21274650334747425
-0.3113537355310729
-0.5430508447736887
-0.5241648277247744
0.29386951459277344
0.21786215385638963
0.23031750253809802
-0.06272570262917371
-0.1554531331795097
-0.24439385741843864
-0.4242915789654048
-0.7312488493666742
-0.03358575689299059
-0.04216107116540918
0.2253675968482755
0.15844900621965718
-0.07547532447086036
0.03515355034648049
-0.1058945345823417
-0.21379862527737825
-0.6747636259162431
-0.28230356462095485
-0.02761231734990631
-0.027004696116715254
0.16564214374143876
0.23471452735403653
0.34948163331267745
0.4787673951355976
-0.8999524357696403
-0.6095555157530133
-0.4889903002733499
-0.2817083927652084
-0.061817631460909406
0.1865655160169119
0.446896953290584
0.7068582160240877
-0.7673742203332808
-0.5362734832606971
-0.4911183876540435
-0.4223232669442313
0.040466933833614174
0.4922692060416331
0.5411879370193933
0.6838992658464725
-0.0038384168685889897
-0.1459794809286904
-0.11728855604889732
-0.008069968256452106
0.22802832138443035
0.209263478098758
0.3155140901454143
0.6361822211634778
0.12957083714159773
0.1215378362148378
0.05150670069382984
0.07548494378247397
0.09956009664362842
0.13110987191065926
0.2048686462595606
0.1586475881988315
0.13518417921612064
0.16332218550599661
0.13763225075356972
0.16806396647904032
-0.09261887575594019
0.08292991042594128
-0.01271718898651289
-0.024416593338260573
0.10591438454985772
0.10454605068221479
0.11447797322097492
0.06803856235346577
0.07164535277534276
-0.04697125024469889
-0.018205835880224397
-0.00454114956889784
0.37946619733972276
0.19334907298808418
0.21959663758390702
0.14152763732145657
-0.025380126067273134
-0.19291749814408937
-0.17245992949598477
-0.16945806261517643
0.05500248395371582
-0.137832276083685
-0.2783096797119007
-0.30217346972738335
-0.2728912308379577
0.07150558962589493
-0.008518773868435359
0.23187853624557703
-0.013626671528752354
-0.14837005606656328
-0.017212787857342732
0.09198183703203877
0.15309211611409435
0.04581919317866573
0.07423036209517664
0.0025536838558479213
-0.12169423941190222
-0.2138013862084417
0.08361595850460049
0.2279455484750761
0.2118676732676046
0.12632145727755562
0.10251671254901168
-0.1437268623995227
-0.2344857831806944
-0.1166340330363349
0.041884719266044146
0.16997822188298778
0.2685773949894558
0.15942842737822424
0.05089573668668845
-0.29308412920996146
-0.14088928601523965
0.01624246745209134
0.31038221049443626
0.3982761038288696
0.027903403148810624
0.24714304711909374
0.2323776682272592
-0.2062968018716711
-0.05926963718058996
-0.09231805917681557
0.16040697739384613
0.3026490588477466
0.39763771480295096
0.16531010841116683
0.21957674434829744
-0.07025532378656343
-0.08697260341004298
0.1291037902692645
0.1285262113512487
0.2192858538276744
0.18671884410108108
0.2254328481442932
0.31469992482896025
0.18946693120839964
0.01040536504881033
-0.08730500683598774
0.11662649828449939
0.24281212157964616
0.16918020009526763
0.27488825604560585
0.14239690618467293
0.18889681949570786
-0.06690184733801968
0.1648788379272491
0.18559408770451263
0.18335006328562223
0.16773330380095092
0.2959969478761442
0.1909875310872341
0.03003043310134837
-0.2818343184518455
0.004342051652772308
0.28215481424827005
0.07234292392095126
0.24082189619659355
0.11353344019373439
-0.07695598050169061
-0.34348919522352966
-0.507196408648547
-0.26012544406300087
-0.16461854687589406
0.03214671955695861
0.030897862431114864
-0.042948304465555046
-0.2452485383756935
-0.677521428768053
-0.5713484161875413
-0.34991661165941357
-0.1416993152940928
0.1256749034219506
0.063514227007544
-0.06903347385840186
-0.22056036948953506
-0.29411742815981856
-0.450357130483042
-0.3200234977523364
-0.10442477984646487
0.06874382059950049
0.12451575554824773
0.08440591309631851
-0.10951899793539183
-0.013548323166844123
-0.4216523360819704
-0.3656618636156287
-0.03581418428680788
0.2012897466019939
0.22917113300661685
0.1276952216707873
0.025069046157100622
0.141996777103084
-0.2420538710780702
-0.27979653104308333
-0.2015200476170127
0.1739664783183295
0.27999671135709264
0.1238903868927122
0.16666008969560847
0.3432258230802003
-0.10136748208662943
-0.4066663408343089
-0.3712558315256963
0.0658199204708298
-0.06955919407864725
0.28016686610112007
0.30768014122390275
0.337434731442419
-0.09845762167111
-0.16057937654740195
-0.29305642849277613
-0.35752158838576403
-0.36016789145463945
-0.189107566394864
-0.006830968303258023
-0.036866637435973626
-0.17541990145305503
-0.16365606476561817
-0.3584238591175458
-0.3789294000869524
-0.3842427603095325
-0.2111872707319863
-0.03845299944235524
-0.0962013775370274
-0.09622176588106524
-0.12904680853745543
-0.394402336490675
-0.46253174405624764
-0.4343172672371216
-0.2292480228564026
-0.1005930036293246
0.09388402909870162
-0.07393055100319812
-0.2247833916145915
-0.4398679207769859
-0.5713076128641337
-0.34383231973177997
-0.2541025687176836
-0.1649598766588094
0.23330235631432733
0.18092496050953652
-0.25661507709138687
-0.5194150996145259
-0.6804013428700164
-0.3005979830063278
-0.09238333420774436
-0.11738848604124263
0.23164377982570833
0.3612481200562016
-0.25853373320151524
-0.49578412656432136
-0.6083177053051803
-0.280975593644623
-0.014009908669847138
0.0020312927683681092
0.5047904718796653
0.4799222453981227
-0.07497998005711609
-0.5872074421408973
-0.49855204289264665
0.0947295055081824
0.1645737266868571
0.23563094407123386
0.38432659553004095
0.45016021371084536
0.006093971023381384
-0.5153031885476342
-0.4265623391282065
0.1156188481857941
0.2744279006754066
0.2246553249874293
0.2369523382392419
0.6544621504071821
0.07487816029854909
-0.5750007564356591
-0.27097488815986903
0.1802557685098114
0.4778411342202275
0.29851119809712184
0.2601357336581539
0.5121078190054444
0.05937381424991922
-0.11154005711005377
-0.21978632755254834
0.08334414357560618
0.4679069151749589
0.586372162443782
0.2871443058846859
0.1331169492321686
0.10872250973857511
0.20479927260313546
0.04116115908464335
-0.05595679176566398
0.20790359829489297
0.478595491510512
0.35217780225112205
0.02152713103807699
-0.11047934088279937
0.1286899957762365
-0.026873731993726335
0.11497415184079796
0.17510348321479124
0.3460229332324026
0.20620516098438613
-0.0740526740979498
0.07178420310402867
0.1806279357115584
-0.07672403338294587
0.007888808619881615
0.2185500702840803
0.2665950668953781
0.12713474458615764
-0.08102203401548361
0.06930591869347011
0.013663459433253394
0.10054908645951892
-0.01810484162173799
0.0675827770420413
0.2187886103872953
-0.11890662290955761
-0.22668361775109536
-0.023279967817239122
-0.07475116757719891
-0.025452195970238907
0.02057226519659011
-0.006453909436334948
-0.006156123328579871
-0.21376158072879994
-0.10353145066133057
-0.0984669527173283
-0.009981520653131015
0.13423115998405774
0.14899832087450238
0.04744970204161564
-0.1799296054866133
-0.15993603361525172
-0.06070687629438587
-0.1130412974607573
-0.23395262281634915
-0.25448097942808584
-0.2721739380367244
-0.17871966425547864
0.01365925423145059
0.20857142122563727
0.10415053967908655
-0.14350537669298313
-0.2537666552512964
-0.23432340048094535
-0.2940112165502696
-0.1561728043183453
-0.05016892811289016
0.3577619246212013
0.026135859303024422
-0.06846985472495443
-0.2218644866976916
-0.3286004384846467
-0.3257220799886099
-0.2407553433322761
0.14065549816353615
0.5466048541828887
-0.005461310574819245
-0.12862105921333317
-0.25344398293756465
-0.36339115122858817
-0.3092873789914681
-0.15384444389032326
0.25561802799127864
0.5003811663059053
0.26538598463827967
-0.025047718821575776
-0.260763846746753
-0.458216235676264
-0.3561725738879965
-0.19378526708373855
0.2126597484533504
0.5174368828236562
0.5112139257881904
-0.07051869887517459
-0.2849688827321351
-0.35255325647081004
-0.3255997544140842
-0.04756323112313911
0.2524585269420683
0.4087342236775571
0.48707545941887725
0.1275535301844989
-0.20469390387835534
-0.3537408807914125
-0.36538756077178347
-0.03630872433144125
0.2903661506023249
0.1716653949391776
0.22570429203711545
0.057528776339380194
-0.014261218257630215
-0.3527886976674773
-0.3156642281526968
0.08320884345487739
0.16381145215250753
0.10334128427317192
0.029248416599790925
-0.07426206267566565
0.062423331047066904
-0.1291610041143699
-0.19452410565131412
-0.055752109936956895
0.04130423859516899
0.023519809226989652
-0.11520427304798717
0.04894272477720346
0.006227224742066606
0.12619762898935893
0.04387770274766957
-0.03444472579464042
0.07579595254555055
-0.11611570642831862
-0.2573572754260526
-0.047120195698440503
0.13543294801783828
0.31876036044416395
0.10494746709677669
0.08453411808316577
0.07941578450392939
-0.17899305242334818
-0.3279617858463339
0.021266887434680803
0.18667589821811326
0.2900903156255691
0.2645021312301772
0.16235821401000666
-0.045514532615683695
-0.20754245693207796
-0.28668769833511654
-0.09317357772554652
0.1060042297175195
0.12108752839888903
0.1181211407849494
0.13157021580384165
0.05168458121932933
-0.2241868409891512
-0.08670775997784382
-0.08527335414219167
0.054682812472774525
0.11029455048052444
0.14138900066685367
0.1361944845796933
0.09627663198302328
-0.19199829652525507
-0.15036411533013816
-0.07922298102184394
-0.0159549474108501
0.0777042690045503
0.14002442582512775
0.05375117524819284
0.030060507019653
-0.07187926288967683
-0.1776974091596234
-0.13108726749408312
-0.1527663955582195
-0.04977872440363286
0.10308165533926816
0.003166180640123889
-0.05084982387322376
-0.13091178639168688
-0.042866532022567405
-0.06459575821083792
-0.09278501864601313
-0.11692360806186097
-0.12512146739240046
-0.1191678160444894
-0.09431652111366917
-0.07753705056388338
-0.054329332733561164
-0.08384407481925968
-0.09932001453306127
-0.11163789983588823
-0.1092048651310321
-0.109145716815582
-0.11241795050363848
-0.11679342460604455
-0.12909208352991897
-0.12645182548756445
-0.13355424298101176
-0.15084642358775635
-0.1569352745844126
-0.12360232186398401
-0.15272584790869947
-0.1491486114641216
-0.11709334725536238
-0.2061131156735868
-0.17127346513047387
-0.20104698903658463
-0.20752505378676678
-0.2289431116848341
-0.15035472546143896
-0.04047660073234796
-0.09858114667970108
-0.36025184221507023
-0.28447600682876684
-0.29012661716399435
-0.40805866078688313
-0.34221666798356204
-0.22534109570143107
0.20598159903599872
0.010964074685907987
-0.4259995686966985
-0.43547495854644125
-0.3681883792294415
-0.34531487541625483
-0.42819208116990626
-0.18957218164787548
0.5427443699748071
0.21989432435595327
-0.49486633396626023
-0.32780987186866184
-0.08785754289472575
-0.19143449813475674
-0.39746852127926013
-0.044247910191670736
0.867605324781254
0.3090098307056279
-0.29099315901430256
-0.0620700415524138
0.2714908839547522
0.09426112649682833
-0.27859865453974125
-0.06690004125750793
0.6727643303187337
0.1975690329737112
-0.047779173573574585
0.24680507072613636
0.39734173034630216
0.25330228043422304
0.06960890219598126
0.026409640645509325
0.3337308141222899
0.18268726680198005
0.07741165362382318
0.34525251448665684
0.44033817790922336
0.24199544185244862
0.24303994800032208
0.06318731044883447
0.08009456390572584
-0.015902002555370942
0.17585081008254722
0.186419188920735
0.16699759041419912
0.024035158558978573
0.20449335917794675
0.1300229831767149
-0.07089380071232458
-0.045944719580126026
0.12770126924316832
-0.06152280308888575
-0.1204124857124623
-0.15787763238570074
0.06774676789282175
0.11996689116601054
-0.05878323128211296
-0.17109849081061285
-0.0057576420255709415
-0.09390896752592627
-0.1336021806303403
-0.10058036806233472
-0.10372580562518297
-0.1231902309332073
-0.20709273185004573
-0.152632652401072
-0.08026331143500864
-0.1616955657566904
-0.18911860149532858
-0.18167686244495723
-0.16921701163588093
-0.15622125076047205
-0.1749920524469005
-0.06401583886125811
-0.10444506353134797
-0.14142698714856858
-0.14733365162204248
-0.14371218110182732
-0.12869596560950058
-0.1133013551002493
-0.08489323503405716
-0.06111264493130597
-0.08578537813178583
-0.10959953064679029
-0.12130412139145974
-0.12414683502476731
-0.108060829308332
-0.07739107252289006
-0.045650155856806096
-0.039735613992392116
-0.08967959294193933
-0.1444146546477676
-0.16470200713994598
-0.16024400562126517
-0.14479906029330825
-0.0667552111436217
-0.03597157253759309
0.0664279852151285
-0.1270121335115365
-0.15305365228855222
-0.10973964031107175
-0.09364516897871816
-0.05309943673719948
-0.04343706423921109
-0.08226660682899445
0.1303692485685594
-0.04926597488120262
-0.11027660391530311
-0.12938940295356283
-0.1069026121566958
0.03688358682958212
0.028569102210064062
0.054744368160904194
0.22028994866621543
0.1650281705786729
-0.03770888976595162
-0.09706210748319635
-0.15089182946700366
0.11486761486454526
0.20484052679520698
0.016159445039938325
0.20420005261152097
0.19519585340502346
0.006965182120520719
-0.08238343804846579
-0.005258088944843586
0.19306022269710954
0.33268849035330716
-0.051600163668620386
0.07052724057213927
0.248823633661133
0.08954161908760877
-0.03336369059398947
0.11555798850333099
0.08405930092953601
0.04756414007225823
-0.2822525596423373
-0.2587590303304793
0.1836455830014747
0.2895790105507552
0.30677888804019093
0.16166600123771524
0.08294392677093301
-0.1706724720190772
-0.37106543954516624
-0.6844417053468296
-0.15837386398935654
0.41735879740755827
0.3536500519792467
0.1894862670852661
0.06329469978237193
-0.24902535850290874
-0.24232878981138195
-0.6978594902328492
-0.17438348527271438
0.2194149588476752
0.3915603283764891
0.25702948517904034
0.14496704999248822
-0.09502627777780648
-0.2684149892487394
-0.3877370074874422
0.0019200937575286625
0.10637062887431226
0.1858220152162208
0.2569297555550232
0.24965123604539236
0.08721916091647103
-0.1384911920919455
0.10897050518677714
0.09365217950506355
-0.08028764374610542
-0.16317926803202748
-0.09266671182107371
0.040800236827660485
0.13317286359514663
0.153958485222813
0.21481372507225316
0.010445994450066998
-0.18820527887632957
-0.3227360082825317
-0.17877670963050613
-0.02627515620060769
0.037651611647973204
0.03794181121161144
0.25846461725455483
-0.03006445690268089
-0.21704144817741022
-0.20831587106501326
-0.3025694688504087
-0.12849119242720602
-0.013933657016452605
0.026711791720667954
0.11186012719805499
-0.06704472452253568
-0.1905467619844865
-0.1531684013971265
-0.24431509457211278
-0.1512845491689226
-0.021455549007591224
0.06806844728404757
-0.08853346328115325
-0.10234705568354485
-0.1646189047504676
-0.12098600014992639
-0.17843979932163256
-0.1775926580397854
-0.11900953569151929
0.05885475031368942
-0.05926936105222602
-0.08953561470959681
-0.15662542351860986
-0.13447957689065015
-0.20001209463814817
-0.21200863308303508
-0.13057823883796607
-0.08333798610389181
0.3890947507053112
0.21006695690085764
-0.01911499075973888
-0.31898332333348317
-0.36249582189739904
-0.13621080527989365
0.1916731373276095
0.13978902850853614
0.4513364971347908
0.44460822894333374
0.2972259348983933
-0.052338031390451636
-0.004992525557912686
0.12081888613666655
0.15319024996512015
0.2860185125100735
0.3482085986960314
0.3367171831224938
0.34327207189369874
0.10895660977036181
-0.001316131479057181
0.20991728556130335
0.19195850632740435
0.30119031562843684
0.3823209921506453
0.21748392260003352
0.2301356563333029
0.4658708456055103
0.2786765639830756
0.35339138578304924
0.22892045258336458
0.3103216287905301
0.18613691672239058
0.13431283531078236
0.22960206056053614
0.2638342832936503
0.345152600996228
0.4901501100334039
0.3750085000226272
0.09675003431736387
0.026444002343516793
0.07905133760693467
0.28442589082693814
0.19852037427314423
0.3168997658788432
0.4823488679897864
0.38798427995651347
0.1287045653161042
-0.3445912599158659
-0.1836567350201198
0.011378842546599599
0.06969841446847316
0.2964256595178546
0.43873776274804643
0.44688670253713014
0.30777314926949795
-0.6296726612903745
-0.3714277931723098
-0.2064211909207473
0.12076964571916454
0.22966682045805914
0.12300537488806235
0.21284315339056636
0.13136989894198742
-0.6871881436726214
-0.5140502196824788
-0.2531565038561835
-0.1548925972636752
-0.04543780177492812
0.19889643554082537
0.01563152324306999
0.047594834804815245
-0.5323812586073243
-0.4891437608443767
-0.14587307916459663
-0.08460791805765053
-0.06475682256457677
-0.06420174370276688
0.11277062645035618
0.10559647208551862
-0.2335752553186132
-0.08775267078620302
-0.02830228608569485
-0.237495762845225
-0.14739260620346595
-0.2081143138921222
0.00974519279895103
-0.05141543883080402
-0.15839894281205302
-0.11092431233821246
-0.12957913527910075
-0.2090470228871253
-0.06335861643014362
-0.15866025061018257
-0.08582077396745094
-0.08712855202306335
0.10592610911137168
0.0016541220205571472
-0.11996452132351483
-0.13950875716632957
-0.13920056644431422
-0.20964237776278255
-0.09255943902406238
-0.09016095144710116
0.12801518730211842
-0.037027642166624825
0.008739634814139127
-0.03002428621185238
-0.11051161111379687
-0.11100356409480105
-0.10051692288177036
-0.1120965571473778
0.15462465879664444
0.015969577787612134
-0.05437408093473256
-0.04031468209394079
0.0024888141650202047
-0.14869138744909105
-0.1262265802151843
-0.12340516775778798
0.1612648715142906
0.14608398389927257
0.18428293663472547
0.10692704911409384
0.053127891289892704
-0.0891294378540747
-0.007119618793353988
-0.008858656448039903
-0.02835130914237871
-0.05456942444445051
-0.15655687580474079
-0.16098854910070984
-0.20578592910613536
-0.30917994890546296
-0.3543511025178938
-0.23091295926104044
0.10242224788130783
0.03287274647650977
-0.07217073295035813
-0.09612087546521492
-0.042517763098366856
-0.005030856945810236
-0.15481148057905547
-0.1853444681876834
-0.0025355171239017094
0.15857049697319064
0.11253251978187315
0.06281248851001936
0.11764739066448582
0.05248238169600544
-0.0563652538192778
-0.15485703424448494
0.12314652096438997
0.20337753004701856
0.10864072492872034
-0.025153639032937603
0.08082777914991107
-0.013367718857623834
0.012766181064434001
-0.11731320618262783
0.22024449491152576
0.24998382828512564
0.23323621196658434
0.14951457817273112
0.07409210279460082
0.05558159004400787
0.013814922376155975
-0.09642247580138427
0.04648787195644627
0.046629293939205285
-0.09276558133639884
0.13162331790711868
0.05940118183393278
0.2494568943687105
0.1329505372301794
-0.09490592065638698
-0.31085839014777594
-0.23521454004447614
-0.19538128219883844
0.22784675946111443
0.43197846266898654
0.46694551655055455
0.15460962118111143
-0.028454724048893543
-0.32672749604255
-0.18213154611815646
0.11765208557296294
0.26173228661342085
0.31306930755255985
0.37699608767572645
0.0577259197300069
-0.1302571056927342
-0.5014292563876943
-0.1542909528031159
0.25231402035849826
0.17741531146476078
0.1103730700884428
-0.004906556953515717
-0.15370930478294495
-0.27255645306218296
-0.6248198558043068
-0.007309088931101382
0.18406653763510178
0.06536482480545763
-0.010022197478089578
-0.13695293454486024
-0.014058781529974307
-0.03517936967499993
-0.1927549814370894
0.22950732595661127
0.16485906789634047
0.2836808744971297
0.038811322862114556
0.004040156416682983
0.020831115368267566
0.10515535977529428
-0.12148887031040148
0.06391236962241033
0.15774658645822148
0.0990086355005368
0.10220554836084794
-0.021498048324555038
0.17970803260103033
0.20948646137631804
0.035164680269812176
-0.02283304657864521
-0.08497935494242785
-0.10165142211263564
0.018261381220946286
0.16354235321930152
0.22526089070919358
0.2267590116748854
-0.07566494599753591
-0.04595907622730939
0.00041843421375348244
0.055556132543541414
0.049847610142564766
0.1621897416081589
0.10702809296305746
-0.0015667337787850233
-0.0661994492117115
-0.03149461663668621
-0.04215621241721512
-0.14708738813044653
-0.19295698974371764
-0.13508985463524653
-0.21353941839808008
-0.03903173243527308
-0.14552492699390218
-0.16199453989095206
-0.16401714487914731
-0.11301968680547854
-0.11437990113421209
-0.15467945615447365
-0.1904323579534513
0.030649310157685183
-1.1455804009277486
-0.5455856012490963
0.8589077222939285
-0.5876604834351589
-0.9222894239277533
-0.51273224664522
-0.6826078699405838
0.4702753677316081
0.6319256486382181
-0.1284398666775443
0.3524647452637065
0.23899440066822175
0.43019874103941647
-0.6777307747189398
-0.5232030769344025
0.22345444141971205
-0.2335422206988289
1.0969230427560583
-0.5340714588399476
0.38761233483062263
-0.33346672199489574
-0.36134226041586537
0.5061917965354109
-0.2693510462162716
-0.45030926937822807
0.24795874237232013
1.5851589851156807
0.6577114281221365
-0.291454085300926
-0.21272856325290188
-0.6457923129560916
-0.14841775713640032
-0.2608099904345462
-0.2065652650359704
-0.22188860406107958
-0.03219589236568926
-0.17772330324959595
-0.1992963286936167
0.6603335332420408
-0.5350804355409544
0.3067726386967676
-0.20829386730795535
-0.05967531003134108
0.6364701083997055
-0.23449746620726683
-0.2060332241897413
-0.4314500799270679
-0.09756979609815267
-0.10071325362617675
-0.07768872706327529
-0.12965780691783235
-0.15885081629257136
1.1227716745578853
-0.2544895749907511
0.435266764781567
-0.25272996808098186
0.869216532364562
-0.23885489208270913
-0.3436611837280913
-0.18494827948675335
1.6672917659196136
-0.062150284428556135
-0.20212530805736373
0.6929527947205149
-0.2639743953175777
0.8512932807710825
-0.5264475987036794
-0.3408390555106933
-0.09771154869501841
-0.40055101245225405
-0.20773556982839392
-0.2954487498367814
-0.40927282289855005
-0.1279245469516917
-0.11714030560963762
-0.08864290955418058
-0.15547096175143377
-0.20820460990481526
0.34059615153253836
-0.20369425024169524
-0.30835233739348533
0.6315968425101406
1.2182803057970877
-0.2012566245483044
-0.2630013053374446
-0.1494715894610965
0.6741388580482311
-0.03881035169641317
-0.15728692740874453
-0.3122101959622045
-0.2899445695081654
0.9221624440467406
-0.5155622769396264
-0.2234584439187124
-0.06796178464962022
-0.29692662176119583
-0.20190249176448205
-0.2724362230371127
-0.32991838186285816
-0.09748847933894761
-0.08712118170160513
-0.0992731602970865
-0.18831175920695087
-0.22899168115006924
-1.2092433280160753
-0.686336771666537
-0.10463266637321351
-0.14682706222732722
-1.0506659700491032
0.16965296681111
-0.36965506868496073
0.01759639879592298
-0.3112846225327801
0.7155476887012054
0.683684802394779
1.2132055600032299
0.08421741251010983
-0.10345254099870826
-1.1684713513809615
-0.11418901833992406
-0.31312878674550426
-0.2671618228857463
-0.18394946388509328
0.918174747490404
-0.6175237164232557
1.2199931096741548
-0.3945428539188121
-0.36310246621780606
-0.6099751095249558
0.01512842742372994
0.3638379195928209
-0.20594880051084918
-0.21112037866892755
-0.20095768346864137
-0.5777267758927693
0.9357531385464724
-0.33332820385522544
-0.16492747436698668
1.1593192003547812
-0.033236514970467014
-0.14995379887256194
-0.2768994752764313
0.3959892704547995
-0.43409974317373556
-0.4157278896648329
-0.2488515563776353
-0.0788243877956405
-0.24393752652059786
0.5714428191698242
0.6903504111008216
0.6280222213680524
-0.11450656634966093
-0.0951064484992944
-0.09739737905424634
-0.19895115342488234
-0.1751396628301187
-0.535227380830537
-0.21815110083739764
-0.239046585068675
0.39780999604900463
-0.6299668133328675
-0.18527696082936818
0.5997065879152448
-0.23808949733171847
0.2973586322911281
-0.052202907938107224
-0.1505024631642178
-0.4129274485189404
-0.23895095192528987
2.202911161246182
0.26472476775804027
-0.22271017935731333
-0.10493879311086324
-0.2306754748038586
-0.36920416702230685
-0.2809327287242507
0.5013954722543489
-0.12349641943632964
-0.11900018340469665
-0.08980716705262881
-0.24567746122864165
-0.2463849725291849
-0.5269686682880286
-0.20911762797672495
0.7182631888775532
-0.15691405734674183
-0.5730477104245535
-0.17312343881646158
0.5673464644357469
-0.12297647052866706
-0.1935648621618148
-0.02731450418292064
-0.13998074846224096
-0.19430065171979172
-0.22414954140628673
-0.435261046290332
-0.4664347388584369
1.4063677560581507
-0.07109659547254027
-0.3739171164761778
0.9449295222025069
0.6057457117645272
-0.2988918137106024
-0.08166117262507744
-0.07082063383439158
-0.07447292493174218
-0.18427883000011275
-0.1652568253595159
-0.845895554922607
0.0772082845458959
0.15923795755684794
0.669406803128813
-0.9918046554482496
1.0316230098081458
0.05620455966702809
0.4406728447845699
0.16380276597266566
-0.10496521734288611
1.115404791349895
1.6473931040546583
-0.02643346783144207
0.6954422439059018
-0.10784263626005292
-0.4682687301600168
-0.20909807651319812
1.355935505652719
-0.491034353122064
1.9346628421379974
0.33822474233876276
0.6954045180001427
-0.23298400718257928
0.9398535087584186
-0.4557472242716433
0.928415713423723
-0.12517299312361552
-0.05941294798485085
-0.06206308355243895
-0.058469557161667546
0.6474224022601842
-0.03824314536178819
-0.06918436088231858
-0.03391800101754562
-0.07251018066687745
-0.0065059784911128404
-0.0325821918411371
-0.06277736862857558
-0.044664902707761134
-0.17208571473106574
0.8398091869463505
-0.044983136442267924
-0.013463565725260224
-0.0594947402427099
-0.049943046388346596
-0.057703113490067515
-0.0915287578194041
-0.018304556564336272
-0.016704349621260717
-0.019428680195605202
-0.029804829983640577
-0.04479595504084616
0.4094229648776184
-0.2044759057986913
0.9807674530928768
-0.2051009562103227
0.11232408508246278
-0.15147905959728925
-0.2896292961688481
-0.1433942037434282
-0.2503661451873592
-0.029708630708356443
-0.17798799196304843
-0.21006016781592862
-0.22120093260093665
-0.46989172164755394
0.33596098363217564
-0.24443941755944343
-0.06787625602301672
0.7465986067473234
-0.23702201240685167
-0.2226111299563907
-0.32917979851963397
-0.1139765199988298
-0.08542319209521931
-0.0855506803133124
-0.15317869329209216
-0.18577259112722133
1.3836580439651884
1.3368748299507085
0.47842878931456967
-0.4026338264354864
-0.3918107704923389
-0.34500373620184155
0.08110089982445487
-0.34498648564734063
0.8687990963405312
-0.09119877807050922
-0.33637838835916645
0.9068584383416834
-0.3381241029886299
-0.7268333731008723
0.09698522620157718
0.4249193091387151
-0.16219289198133674
-0.4595935444909818
0.4316544622655862
-0.4808988515946923
1.0402437512787808
-0.1839364511039454
0.580868128347511
-0.18929530577574283
0.6447060169774916
0.5553622424365572
-0.6052861304851546
-0.16381982841930154
-0.30804034569983835
-0.17211767751538665
0.2282718821015001
-0.1531451810846519
-0.3281120482047449
-0.1773744249131789
-0.2408986407234509
-0.028282791990103362
-0.19078449873907033
-0.207156389289475
0.3877203910481477
-0.5748671841115547
0.8998022074647896
-0.25409245794051094
-0.07299313716091699
0.8497935413499331
-0.1949222554367629
-0.24590977720073148
0.3506813131376423
-0.16733385542418136
-0.18842169872845993
-0.1001453883067511
0.519555011733936
-0.18308597666736828
0.6893174245854647
-0.4207157178633434
-0.5986892023814356
-0.47931451839400774
0.395441445034894
-0.36506267922471136
-0.5772220828446002
-0.3967280499826169
2.366191587882204
-0.1267843818016589
0.25958502184362453
0.12381410495156012
-0.5360926069573921
-0.22788634967026636
0.8246188265156691
-0.5805150805476755
-0.192113974001629
0.06463640954971783
-0.42590673848760063
-0.4712379106006207
0.7029638482043105
-0.2706418173974122
-0.30226844114656026
-0.2185080930870197
-0.3563985746378041
-0.3805954969594916
-0.8707609063241065
0.1939819461453678
0.7628000558053528
0.31614898834761734
-0.6817807695312595
0.6219309065575143
0.018208066668047085
0.2831168423690772
0.6263711394764412
-0.10351170646633574
-0.3946262895004837
0.6068315496432056
-0.49861262307727205
-0.10525274985154964
-0.46429734740874573
0.17927785182480627
-0.2392350715334071
0.9590697222186557
-0.4797652357678792
-0.510109548109488
-0.7478607270220508
-0.2937357020444017
0.630109925995341
-0.19209302333413636
-0.43121128455012125
-0.33302456618142573
0.12778416487191258
-0.1815419346887489
-0.2067027343342166
-0.24148466410252875
-0.6591520249936497
-0.25080263328820795
-0.3020831082260233
-0.1543499687132886
-0.3322797544662367
-0.03147622995224039
-0.16060174246077827
-0.26449167177284566
1.679218108840347
-0.645632712966201
0.2362396107154262
0.45986550615917865
-0.0913131835247949
-0.32661648469493554
-0.3095592961556453
-0.24612339511030762
-0.3710085420739944
-0.11311335324473615
-0.11034826992004183
1.0107626401322962
-0.2626563439134654
-0.2127239334385027
-0.27253649737877406
-0.11406872391882839
-0.1277152649447304
-0.12055901115617895
0.2873907683285822
-0.0930833542117076
-0.18065443061049283
-0.08694665191153739
-0.16617646100182237
-0.015945252688969958
-0.07196721321012285
-0.1529466342890275
-0.10857262668257336
0.726593030767077
-0.22657530336617565
-0.10090794017734264
-0.04044701544031404
-0.1350390000693482
0.9646759942121059
-0.14506918150624815
-0.20496126125650332
-0.0512291717695062
-0.04804639706707553
-0.04370972589061822
-0.10059489999505414
-0.11366953712540934
0.7860988975926081
0.6735767555829076
-0.39799145313980466
-0.34660817055541077
0.8884120656548624
-0.2989258104831969
0.3600259675488136
-0.22544818267586186
-0.42453712090905005
-0.058265584698913825
-0.24496867651912657
-0.3502736634047986
-0.4717865283270942
-0.6665737226680142
1.0472718489750907
1.0255188910691688
-0.12133113754218866
0.42678435408153487
-0.36064190216401637
0.48249428434711644
0.5492548553091312
-0.16625208993564544
-0.1340017850008734
-0.15024693756968246
-0.2719713370684791
-0.25347182504434607
-0.47549621056632163
-0.21294221039288908
-0.2426614007384523
-0.2199062172184367
0.8437138572962367
-0.15691449886675324
-0.275669865146711
-0.17663850775225054
1.4617925420270308
-0.045614931177454576
-0.15423785545313512
-0.29129849235346966
-0.23124338922726018
1.0973573736433413
-0.45869800234529207
-0.16392920277855344
-0.08083870983071015
-0.23407693237023597
0.695533067779246
-0.21271134413865783
1.2243971678826506
-0.12591614856206537
-0.12784430127710095
-0.08266715190448412
-0.14557182075871955
-0.16805198727954734
1.507880701456142
-0.34286282090038117
1.1315561322826089
-0.2839641069717742
0.356899247015893
-0.22526029770979483
-0.4129823666802211
0.7041844160145639
0.6607350312717363
-0.051385889180319555
-0.22512557182148757
-0.35788205996180594
-0.3008613713764662
1.2406973668275576
-0.5221955714117505
-0.30186781119878164
-0.0981169003248602
0.38674306327206776
1.0404113404903472
0.21934383875403293
-0.46083912431395446
-0.1414003185050462
-0.1393634105103902
-0.12625277491541942
-0.2296303577781447
-0.29769262136276387
-0.7695704517180193
0.38683753718538116
-0.5079978688133678
0.13314868903335142
-0.9876150734651544
0.5668061427500288
-0.800775827483775
-0.2790055335606672
-0.5094617340244101
0.8328944484425089
-0.24601879387649572
-0.4089556668564941
-0.3787964308730818
-0.019952697659299405
0.5003908716646864
-0.3968546493311611
2.2943153723142387
-0.4268751282570684
-0.4923546604636023
-0.42368160915080016
-0.7045465714268981
0.5401683572827549
-0.2083676984556016
-0.13720885571945407
-0.2990232559680564
-0.24823142801643916
-0.34627648506429
-0.12766531716783447
-0.16509926987445422
-0.16672125389050646
0.4813585076240685
-0.09059317887853642
-0.21958318430140256
-0.09288409610813339
0.6167483980289552
-0.028768689084089805
-0.09697011663445165
-0.1490223415062402
-0.13068912538484467
0.40193231115730743
0.48897574885913886
-0.11665849008169826
-0.05894026229614058
-0.15641689544727805
-0.15960508511051386
-0.15386549408926217
0.35618562249218483
1.279283540393457
-0.06393938169187308
-0.06327856064412624
-0.09767522502387527
-0.10447773705528945
-0.2876177618760626
-0.10190829223238385
-0.11389902880961145
-0.08830228229741699
-0.3682969149254024
-0.07025912869513318
-0.17044520802429503
-0.06261963179710642
-0.1310595164919473
-0.013784176062707543
-0.06671183123765001
-0.10947068894559775
-0.13959786409055475
0.6042533824088823
1.0454972363997315
-0.08701703276155903
-0.03266337617577347
-0.13637794341810372
-0.09089559823240262
-0.1003932512130224
-0.2193721149022389
-0.05300812578366598
-0.05945031194576178
-0.03747335230246679
-0.07168146759503191
-0.0676393623241903
0.9018152373799406
-0.06765782709021784
-0.12757257555719306
-0.09234122262309527
1.2409943437023192
-0.0629907103512286
-0.11576590023730314
-0.06414840320543708
-0.1359292268205069
-0.01019636056389045
-0.07152709347315447
-0.10586069284658264
-0.09138333108480057
-0.2098096922204422
-0.16994499270012997
-0.08428818406322697
-0.02444867279961155
-0.11484965459790897
-0.09052267914874207
-0.09829378680105716
-0.14557294659475783
-0.04003218838540601
-0.035281916630975435
-0.03999285762681788
-0.07554554607028774
-0.10670080735450477
-0.41718642852490506
-0.14970724100500665
-0.17050201280013333
-0.25267159866020794
-0.5191392127002741
-0.14403532099044228
-0.264101727179878
1.0091893077674214
-0.34812878143635234
-0.027189740455711875
-0.12402886692641601
2.777916975808968
-0.17532198897870258
-0.6218998590202456
-0.34622882779099595
-0.14937672943247893
-0.06608480883797817
-0.16240833658154158
-0.2222154069129993
0.8098525129567269
-0.292383354089814
-0.08006798016889483
-0.06573860589660196
-0.08322988383022856
-0.22006993752220308
-0.2144530266234464
-0.4747100371381911
-0.1810526653764139
-0.21522969562082367
-0.19435798835304796
-0.5482771650646314
-0.12790929167742326
-0.24735609723033572
-0.15555090533212956
2.1243346489547488
-0.030573704629981407
-0.14456954453809712
-0.27260339510812504
-0.19910399373779558
-0.4331235183264541
-0.3626984068493636
-0.16072497756572
-0.06137682182237042
-0.21220626748707408
-0.21019751326002423
-0.20501312209840994
1.2303820741745897
-0.10332164126756344
-0.10029750504741236
-0.08783059375959834
-0.1613817003530873
2.17606591927559
