-0.2619031518020004
-0.9264384743895179
-0.13456609180511148
-0.1235117078697735
-0.10346899751129773
-0.10568751504708143
-0.0058712383796476475
-0.037410217224381585
-0.3834958807345714
0.15964091471556774
0.37455584654567065
0.0560693346471835
0.15005000715149902
0.001081091108139337
0.16395710707596542
-0.16842146307519634
-0.3848029205284378
-0.03120426408232463
-0.2592944750467344
0.13763173764688608
0.12034374208636886
0.05469941152179936
0.16011018205515273
0.23784918316599246
-0.5074081869011131
0.031505729728164907
0.015785862692842365
0.0625923556543333
-0.07652139766040167
0.04376533987930509
-0.22839531906466715
-0.3790270999346591
-0.7372661186212879
0.20748044071874855
0.17409878889229097
0.007221041168766484
0.32528378887427223
-0.10847954087570882
0.017479926534045565
-0.0156260000198081
-0.3529640629553927
0.23524016595864333
0.27631957676109986
0.2070872775838083
-0.03661098766901948
-0.04849754584544991
-0.017110719679968217
-0.11974404354842685
-0.2956863723127583
-0.060290376699696696
0.3220467259994482
0.03582375755311562
0.06341370521932455
0.09166496322106849
-0.03969079955459465
-0.08181473408220083
0.22402495541217488
-0.3405236684919384
-0.004949719143803322
-0.12428352648147101
0.3106642190535118
0.5474207918929974
0.2621392485702487
0.12637877685743582
0.9149561577617513
-0.19475450702586872
-0.02187178476910219
0.031205107310010666
0.4586903230412134
0.4776459107434195
0.511598457950933
-0.15001264723928381
0.7686603328365966
0.15601361157995278
0.1578028750926448
0.11886659354560242
0.3561570445050246
0.6207590156759739
0.14437395614946358
-0.030199176863018373
0.28024475026189344
0.10644480509372206
-0.29206187937279515
0.17160894868063975
-0.01940114267046739
0.16004437475418742
0.01407995080233948
0.3646281474115008
0.17590065052542625
-0.025291615143700152
-0.15920139169561626
0.1797004517019405
-0.20978944428750324
-0.13507683675151974
-0.004162276916745422
0.557602376123564
-0.04992956797437659
-0.29232294893474087
-0.1696066088323822
0.2314821294854198
-0.21023452776099316
-0.03390011277612848
0.17602243157988207
0.7089596190461822
0.40567642009120203
-0.10028970926519531
-0.18546227192317039
-0.19611532882344385
-0.23638700612880176
-0.3558183851829755
0.12998851081089657
0.21037977229490765
0.08232795524637426
-0.04912792804613697
-0.1336362588793943
0.1746188935312594
-0.37130369092334575
0.006237123638993702
0.13999810128719942
-0.5447337787923816
0.07990633873866726
0.04013534616539648
-0.6797158890735785
-0.3211265460800188
-0.14255502525187191
-0.29932949627887473
0.15942259719833507
-0.21193897816193352
0.2164124473439306
0.41566156396345466
-0.4448868765376823
-0.5476859466336428
-0.4469044273607503
-0.8034091276306674
-0.7826937313741824
-0.8012284689593283
-0.04306787431478898
-0.010768804429480583
-0.4773586108621336
-0.3858599488911973
-0.42314549983014926
-0.5153204692705949
-0.47589883241559594
-0.4725360411572306
0.12745426162812531
-0.27655852849909096
-0.17273482328903245
-0.4272938943813632
-0.43022353458505913
-0.43392669756473146
-0.5999134257082507
0.0027452416706110483
0.67767234160315
0.09067184453601329
-0.19367701363885437
0.16958575901273296
0.0358859097974957
0.0805426784234925
-0.37916079357995314
-0.3508641173187327
0.34503847691273015
0.054746591639496994
-0.19550994426533608
0.24572208404628515
0.12887700407563146
-0.6828797371368057
-0.24432087039408146
-0.6334729116094372
0.4751521966070403
0.1552187864787199
-0.21959795115593367
-0.07047957573125586
-0.20053546069887562
0.11961911797503094
-0.629226640537663
-0.8326116732698678
-0.18904371665973752
0.13668738695107985
0.05497288623879465
-0.21995080747477141
0.157106410859529
-0.38677023780968034
0.3734238719784348
-0.6850448445831729
0.1159724323055662
0.030131569626795474
0.050943874590969856
-0.0340469671524562
-0.24522143044673272
-0.0234497895090382
-0.0036080395214887484
-0.1689918200616628
-0.4259928816500739
-0.1416817860392634
0.278370490564652
0.048656937005718826
-0.047505998741672606
-0.06570510143968089
0.3047167762133198
0.06526664289486983
-0.5397430487287469
0.34270878096194063
0.33572338651125444
-0.13108131734733747
0.19000545109068964
0.17291519673195987
0.03795865026016626
0.3484247545586153
-0.17994169710055868
0.05886656063261447
0.6524999423941161
-0.14385837077237268
-0.2870815279330824
0.08019374410371055
1.2422516794341476e-05
0.4095163167144908
0.03316602183165357
0.3985520343187058
0.23870488761048347
-0.05932699238425604
0.15088890676499545
0.14555735863955505
0.296725299771672
0.20198748818453804
-0.07731852057035915
0.3593692433861224
0.4891152418000864
0.04339789688824572
0.1683668367314585
0.4098206395966157
0.03182875575031835
0.34275319992800485
0.4844919196107485
0.5613583797939695
0.6230653240131668
-0.27930016935044866
0.2103150221976166
0.24482323152329283
0.19514032521236258
0.3556884344574639
0.4621262726835254
0.5016760753162393
0.6321159180404798
0.014112010629137417
0.5751565324690522
0.39586585753689096
-0.008701789206035787
-0.17551359995676302
0.5720472190752626
0.9768680870814725
0.5120488503240203
0.3156439664777789
0.7362391457359411
0.7281194326724798
-0.6993717120692412
0.09211400627339793
-0.6160727867903999
-0.3076687134410292
-0.6032018380517825
-0.2135651691932053
-0.13780699065050256
-0.006584182673722794
0.3445055091994242
0.04844224186366885
-0.3685382404356761
-0.25290189293245513
-0.37956322920273544
-0.1511855176175432
0.026183104651051864
0.2242085165319943
-0.06672939679226031
-0.10893909042913352
-0.611387017584084
-0.5027497769521388
-0.07964335147778825
0.3140575044646127
-0.10450159652079771
0.17425008946485038
0.09436307116135878
-0.325896729303832
-0.656547953172026
-0.0022576476353428215
-0.02195945290430662
-0.027974335396711653
-0.11567851188433492
-0.22963300362411435
-0.23518171651438674
-0.151265277737342
-0.2382674620077359
-0.19363467007330037
0.32163528878668135
0.27457430104509406
0.08136847576789075
0.021885475690214207
-0.06239970949571937
-0.00975538991626329
-0.5305530325892049
0.15703958392749046
0.11055953430973867
0.04878595747212157
-0.17439034663891462
-0.21215766196515162
-0.35724673476199476
-0.09156417999959476
-0.017684194018401114
-0.49505040809404793
0.2520772634165104
-0.12592012754987883
-0.46721283016480003
-0.17701918721242815
-0.2982149418101881
-0.4400237796197123
0.720815071429506
-0.15533649215022938
-0.6766802095203638
-1.6078509335201776
-0.038307849844970265
-0.1696238660804664
0.12417852350571612
-0.8028961491273456
1.7178613250816923
-0.21770848983760438
-1.594559540435867
-0.7014838278133882
-0.5821150046567696
-0.48458090231408996
-0.4042347652960846
-0.48873615142234095
2.144199658302717
0.6829856830504956
-0.5586697110087724
-0.48887998846995656
-0.6279271363728373
-0.5417649277174725
-0.3831932154204359
-0.25009747744437705
0.5969588121816146
0.034567398837930585
0.18001782171772163
0.47946497804962873
-0.016649665804714955
-0.05508639847431268
-0.2836468939915223
0.05298675028016926
-0.20835803784668278
-0.23988186506580583
0.24576903660296012
0.8302400408568642
-0.05642335424998535
-0.12977090788326773
-0.28960264619629766
-0.14390693936739485
-0.39734982424340703
0.30689735902900717
0.1399925777221886
0.7724428388431299
0.13133813377911996
-0.015188945874460569
-0.3199527962202458
-0.1338665502112864
0.07965925660840983
0.14256915672461423
0.1724116874683664
0.7093059785430011
0.5176667465370648
0.09070107876506779
0.28005200605615355
-0.33576436931361
-0.3048993659216256
0.15932332617184292
-0.00849634150934453
0.4683981558990584
0.23406568044587378
0.3838380305931583
0.52400678098463
-0.6205307276685873
-0.5449068879937301
-0.15374033413819455
0.24826786693077826
0.2732836458497985
0.43625933778266646
0.7849837509098415
1.179569685094117
-0.10757394541868646
-0.3232794917795708
0.09486280184467888
-0.33190650756465434
-0.2968143333852876
-0.38955622142741586
-0.2980640537084962
-0.4823348015827994
-0.6086845177167671
-0.18808030088696476
-0.2645900167696568
-0.1152583088422749
-0.22331159844672968
-0.10649905910903816
-0.18813502332372045
-0.21638623434030987
-0.06693654376876032
0.5387936412350244
-0.012420543232489575
0.05600648917698847
0.374300149421433
0.15172459031804797
-0.026349588405684743
-0.4540525141250747
-0.1446323253966375
-0.1741589288869425
-0.02123808798671431
-0.17317289109399386
-0.17377495311032154
-0.24779165997127361
-0.2250581205200331
0.1271206119901221
-0.7059885277904279
-0.42965931022356657
-0.27068769556398353
-0.4134040690283186
0.05052725615048126
0.15920384559417128
-0.006202059827895512
-0.24312918123301797
-0.10450505727543963
-0.8650078048403499
-0.3668005875581699
-0.3716331308418459
-0.09276048141704532
-0.13210728471652305
0.048901350375566255
0.4000341613624106
0.33188896839038284
-0.9285061209081241
-0.7063210085257439
-0.2424324550333213
-0.37417900229254697
0.04510448240127696
0.0342866506532159
0.29524392142636796
-0.1569788055743175
-0.8036494152142898
0.02008373825669374
-0.4969032062508343
-0.012850093587488731
-0.16723305016245615
-0.10318887940596855
-0.2263240452282852
0.314617702831677
-0.19213402068849975
-0.019641203834568965
0.34152032864171866
-0.44146241076384307
0.0733466763261535
0.11518136170813992
-0.263510387662355
0.18725837493546374
0.2044645871058441
0.43122342352619586
0.016203806877787885
-0.01705803745741155
0.09967271156984236
0.0923584308100846
0.023575148874225953
-0.13080732257001848
0.20945969631875505
0.2979327323200915
0.10942381743248142
-0.4662630912011637
0.49853075132746655
0.09814543226816702
-0.013922731998787505
-0.272455784635529
0.6662423193073337
0.4687220990585213
0.618747810924253
-0.18491932626905105
0.20141107734734362
0.8029254925338067
0.0011322758019740586
-0.1681581816840175
0.7538043221550413
0.6067716900631167
0.4067478517030862
0.13507392452929973
-0.011275348053259027
0.061710171451842766
0.052461878103035306
-0.009609665762747688
0.7102870524351885
0.25531622306648305
0.6510174503961764
-0.11782040079932948
-0.15942362820408149
0.6887874638101088
-0.07225538112175739
0.17360974160986942
0.3920714568958156
0.7758993519107995
0.32838585088401656
0.16311309370005733
0.07829953339306295
0.06757038066405835
-0.034355722316910475
0.41288501185230086
-0.009053059498848881
0.5345988162524692
1.0539593982534101
0.7474901216158607
0.17559306465795868
0.11824465081792279
0.02519177336076922
0.32876102410255725
-0.8435814662198993
-0.7055613313615807
-0.2779927881674896
-0.005935577982384033
-0.10920569730959018
-0.0003200455169448668
0.2223093414309583
0.35534163125614276
-0.4491765020544299
-0.27282514534166113
-0.17706853166874434
0.11006353834293574
-0.010009224604609956
-0.15431983233811017
-0.1432792193526471
0.24227225590489193
-0.7044868894147674
-0.04549113727519222
0.10757234628934767
-0.011043987568025715
0.35626852549641375
-0.07120814822851051
0.2088829382179187
0.1570754401848582
-0.4151128515905582
0.10115152323886256
0.06521732007717579
0.019058909392388634
-0.15283173410541273
0.0944900892051353
-0.2896204779682898
0.02414192972044496
-0.31089841804560614
0.2352887038706315
0.07534804916230925
0.11925631514412915
0.2926762861285803
-0.06827480341573555
0.13426016058129533
0.4056677051797425
0.47430117071113653
0.2503566699873042
0.27441884176916986
-0.00998984109775819
0.023816282275666234
-0.008462470612899231
0.041703593224979796
0.16632775551647547
0.07753467883820075
0.6090522428812524
0.06741447919450594
0.1488137855555895
0.01927065375590281
0.17125353210936983
-0.002046675454182162
0.11916210590250789
0.6746720838874525
0.3623908803792837
0.3965164684730133
-0.196751574575541
0.17905320616376216
0.2607957694057089
0.28042812800907074
-0.3295204877661875
0.820543787505529
0.5744301299819325
0.2125088617444666
0.049093179585790826
0.13365690499212374
-0.10788661492827537
-0.4107745695933188
-0.7960056608740894
0.6754041034740479
0.30482621924338377
0.05150201153713968
-0.3027138453545146
-0.43294067695815386
-0.3588868311225266
-0.42627107469045084
-0.1018097273002092
0.3511396715788401
0.20660188474380825
0.13165005375335317
0.13361733632266326
0.06392194663481116
0.08619321068451907
-0.1721104429218
0.16531049154998967
-0.4602664976831024
-0.0797034931797089
-0.07963765699854608
0.45373756586695074
0.25523184135959365
-0.0019585394416348767
-0.03604369155032272
-0.07982474787062413
-0.3176753459957375
-0.07376346409448165
0.17019928564561948
0.3583608562584538
0.23251658743454023
0.33492379509173725
-0.017055763041886954
0.10528961032058648
-0.589075397304853
0.027425314690207092
-0.15100447899445157
0.4291586395521333
0.23919581901462073
0.15349133067918713
0.5309950602280832
0.09453260855584034
-0.4414622187910392
0.15146227154272363
0.29679434148489403
0.0963162278458149
-0.14876582342656114
0.16036727952386884
0.6123169362269496
0.44173264628204645
-0.1920732955724823
-0.5297397397147074
-0.016029433215935904
-0.13166157190465944
0.6201808622059132
-0.06837401828435097
0.5858147453655058
0.3837716654988007
-0.2603778954402647
0.05735842879003511
0.24691029334814962
0.6045871643767271
0.8966054232248065
0.8414897034395923
0.9368291547232692
0.6221666089584257
0.01492545828930858
0.03748242800034658
0.4373411877521809
0.07732592692822693
0.4277394481500301
0.5991830127948296
0.6698733421193277
1.048684072494045
0.22490455650213184
-0.03659757492910354
0.015059577653834422
0.5093026656748245
0.5201547106323654
0.5333821970501
0.5370004337776748
0.04027961828102039
-0.273368248296787
0.147546105034423
0.06131736713460939
0.49925559534613206
0.1480067338387167
0.32127869414694105
0.5076537750575307
1.1112875156035296
-0.23618976708073114
-0.29542455915302074
0.011392231134911689
0.10275908105555627
-0.2169242020569962
-0.015413209071377498
0.04983333223722691
0.221133375904567
-0.2736500608516626
0.1087385008512507
0.14335423524405197
-0.4432889150865026
-0.14657062877278065
-0.44469697928388857
-0.3348243977661779
0.06970759340890358
-0.20534308921647937
-0.006908811196583375
-0.01246103085122019
0.059326636801437904
-0.41823703230991555
-0.4973176429444246
-0.362396544732276
0.03634151920166828
-0.00915602234955476
-0.14648021211516365
0.12318371268538506
0.4556963468915785
0.10906708138045557
0.294374269180813
-0.3633727948768618
-0.5544637979488483
0.41511548088590894
0.6002700726107053
0.4294209448008743
0.00757954093838642
0.04996083206217694
-0.15299041072173353
0.2893216819721003
-0.3352586889761917
0.18763452739299635
0.5552554998599466
0.3614238041901077
0.1825013641315074
0.06395426334106893
0.21792274195033265
-0.24469146297721722
-0.7604026503294211
-0.2726586500542102
0.07871451552544911
0.3081842519782064
0.2084875210598784
0.43325714550846345
0.14567088239134068
-0.0896802152545156
-0.16532118802337442
-0.2415013209276635
-0.19955414873059163
0.12961084126308708
0.0188056171027422
0.03896868973173362
0.01878882840960272
0.052589554544396455
0.21885289428983074
-0.8574665794254372
-0.37447217341511785
-0.3817954789143509
0.22748953997987723
0.11980211282329273
0.21029049102544115
-0.38957432271128956
-0.008102101261939332
-0.27265454859784777
-0.6749965734987442
-0.21094939001417579
-0.1413983423403542
0.039888732089249423
-0.3599532891071568
-0.11034322460039615
-0.06482896920885206
-0.3481704993713626
-0.5344056027872215
-0.4524505940093476
-0.0952504515511094
-0.08597688239092677
0.09033547238224426
-0.4730215029600856
0.2929437600446472
-1.043751327332783
-0.6077539681572239
-0.32161669028106393
-0.5226152032949403
-0.4016592616127658
-0.4194480233807175
0.1446731377157266
0.5596842615135029
-0.148006326365449
-0.12739083608766566
0.46547415915981255
0.09755725372757912
0.5926938096489541
0.1504370227219663
0.19654945670797713
0.04072137907012102
0.26721588121339673
0.4760109259620112
0.46296813529639663
0.36402574161216583
0.2633938016464408
0.1698546388322057
0.11807327092180475
0.6028706326047248
0.14466681767606462
0.3737851264255017
0.5257860980013259
0.15569097781595947
0.43326711739109663
0.3824108586466865
0.22761869306815585
0.15976630683431148
0.8156989285941385
0.34762272186632454
0.5826188443948349
0.638772794129538
0.14456495047569487
0.18591601536685415
0.1444233622810409
0.43023627693054617
0.23921240972155644
0.4293029737822017
0.34139237362023955
0.4189964963337077
0.5620693808704245
0.6716531846400822
-0.08973771425070876
-0.11871809894071483
-0.18185403585648935
0.24522869403853575
0.4972671845376392
0.08362013182548866
0.4001714322860621
0.24337711095109293
0.6469338285752811
0.11490908910574614
-0.1198402133249678
0.31039293353777886
-0.3544200186356938
0.04054247355197782
0.16595422568877932
0.3726906732771998
0.26995524907924884
-0.026909855568970964
-0.8904678675720962
-0.514759946094233
-0.14886352365839095
0.11291138438739547
0.008953336979556928
0.17357061648265162
0.3414158158106735
0.682875415522427
-1.0299267037043414
-0.7115197163592946
-0.011493809195742014
-0.49519342294375357
0.18009554708845493
0.41351818676412133
0.47009669967619405
0.617751656422282
-0.4560146648397362
-0.7242616867195484
-0.4753387895753341
-0.06355628205408564
-0.14137924789203193
0.4145378561101966
0.24618976343914717
0.15493144492749655
-0.09573861067287082
-0.5890336770312021
-0.265425138062572
-0.6130269323311519
0.1421641078936826
-0.16054083244942288
0.06926842689754215
-0.1108092870696265
0.09974178679030876
0.014719061157274338
-0.6999175747669432
-0.5635811028529417
-0.719245716698755
-0.1675456726401391
-0.1687676919766301
0.2948698784313213
0.019244300167212597
0.07396712238269554
0.17557694979735883
-0.20281606938959684
-0.4287972448851475
-0.19646930376298422
-0.42227423496072525
0.26584750243526356
-0.062321180287873645
-0.14640356709269817
-0.19134124896595617
0.29673531648574253
-0.303872771558542
-0.47911789829248963
-0.12290200217114128
-0.24027190093543765
-0.19660127834017643
0.3349467318151058
0.19205188842982918
-0.14923316292591254
0.05730035589324438
-0.21338123591136043
-0.47308600714750226
-0.4106416483729611
0.10418232934774252
-0.10734114619796298
0.04729548504652456
0.6679385962084357
0.2054805865262067
-0.013040312204268698
0.20587974099573064
-0.4328309792298727
0.26305864956145447
0.3181944280140652
-0.04484184457897253
-0.0889755292083515
-0.4706562765307153
-0.18643907409489183
-0.5404436453760814
-0.1717311888305068
0.14772998648796154
0.04074768455686051
-0.03973518467612136
-0.23486764569122598
-0.6338084491031122
0.14499820746537753
-0.7032518962238852
-0.46905348664084723
0.31599191528275894
0.2614388950139712
-0.16145853591531564
-0.11189001965518047
-0.8105406487856812
-0.33561925699852946
-0.2913932450264338
0.007775182627135946
0.619587037824978
-0.492100700933258
-0.20016595793626873
-0.07662861484627399
-0.1735764586596779
-0.28188308520525734
-0.3981715905845037
-0.28401345694312663
0.3375569368694933
-0.20466274443843527
-0.4408790664523152
-0.25123605630543544
-0.5402385072899422
-0.4527970100562874
-0.7437011876636392
-0.5345127541413053
0.24475771875350744
0.19913734579866327
-0.14055393101714553
0.07775595941514571
-0.19754993698781387
-0.14734454315682194
-0.6730179227540926
-0.4825522952960849
-0.1585455009901885
0.1012949081471402
0.108736447577714
0.03527206739527802
-0.4083430356071166
-0.5659015013120678
0.06084642079645107
-0.3744079919999803
0.6241713130883927
0.05000794794051672
-0.2103198881811284
-0.11519306697019774
0.263421917535414
-0.26598228758074505
0.13442145327406818
-0.23899649688092695
-0.2854753643504809
0.052787107319330284
0.34134787770690966
0.30260299069723884
-0.05422565620387726
-0.2640440126703606
0.49901155213507103
-0.045099784809459365
-0.25028636183242947
0.275336560610527
0.604130083168781
0.032134471029941936
0.27767461307455465
-0.013763645214711677
0.029544207849818926
-0.2735704143532861
-0.21580021500917276
0.38559391333767756
0.4033116730458139
0.12457376900528228
0.1967470003530573
0.3892427310175266
0.45080822848004043
0.02236955231651111
0.12513953259267555
0.6438773118890353
0.6617057218269999
0.13912104126434555
0.20476538152428758
0.09793164236862506
0.19474434195770507
0.22697166817136805
0.2895223099554801
0.4899643460008539
0.4136206074583258
0.10129077524983732
0.11786845527380485
0.26122682593237234
0.1304118788864998
0.2716018438670891
0.42549630423958484
0.701559071386094
0.6165860976916651
-0.17854389804201287
-0.38009161149191917
0.1501738434119766
0.21006481203592098
0.41464950494053016
0.45142069039816957
0.4527672927507092
0.381950249763168
-0.1968781053685159
-0.05874714055999021
0.18329097640472955
0.3144708495379579
0.058516981148781844
0.25513360923936523
0.554122415429372
0.01600211021268033
-0.9106402339066275
0.25921050098821075
0.7219546027390414
-0.14417413564047749
0.403831460641521
0.49883508737951077
1.5603397661745293
1.4582033150977063
1.1640758433429972
1.3117134509308195
0.8645903270586228
0.6582646611513389
0.3553610933591803
0.5818512917976791
0.20915538391068744
0.6782647046660835
0.4754459348360778
0.5754151100858029
0.2185995205844153
0.038972439777034074
-0.7685939628146499
-0.4401965012147826
-0.18153374653265417
-0.6283262968362906
-0.1107169837428939
0.2560785922856613
-0.4694666488580159
-1.0673867842031166
-1.1423097498413946
-1.1066622569693254
-0.8982425722877366
-0.7563028765153924
-0.51755201013861
0.14201990434629347
0.6097877734593369
1.1335529137632412
0.7324712119831421
-0.9148682113658804
-0.9255384013807104
-0.7586564673318847
-0.19145791376071591
-0.9030382797658957
-0.4326748331990808
0.07035886630264221
0.8066848356416029
-1.818049283923878
-1.3874040112719777
-0.3780133097641283
-0.24753223700082858
-0.144740956822295
-0.5325587915111205
-0.42068371940624727
-0.33917522188892313
-0.39735893901167063
-0.06724846837531626
0.007198273296392745
-0.2136730924186039
0.08650421123713645
-0.4548006227408773
-0.8258758898763475
0.07128659626963754
-0.035543496293215904
0.34406963844301375
-0.10411900027032944
-0.006104765213853558
-0.03933513360555907
-0.5226159856535116
-0.6865790677549231
-0.7181139962228014
-0.0511545972450872
-0.4037954364586035
-0.0010058014457341065
-0.17561041141046715
0.22236527597403416
-0.3907710386557023
-0.2946205760900298
-0.07272832666827878
-0.21825308362941437
-0.4870786022128397
0.0024019649698994727
-0.06934748042201176
0.0976425656518839
0.09498123921837431
-0.12726099945926636
-0.36185572770974744
0.00013605318366288754
0.1850211322739661
0.2974365773814117
0.2382728026598394
0.2941030894806168
-0.07038602407249961
-0.34337603836326236
-0.11440199020051695
0.10155577395203308
0.30668193142551237
0.31245932004896015
0.31003958002215337
0.15038138892561814
0.17325597987903074
-0.1808068629128594
-0.09641217505880567
-0.1468969929398164
-0.09191991247240233
0.4391729770087623
0.18323591062742597
0.2882241780970788
0.11916902724590683
-0.011979479192390313
-0.23617973290907318
-0.2526802250130407
0.5497958636040763
0.4031570280425369
0.10532788609793248
0.1762528110188913
0.15257991327747683
-0.4319903617588307
0.48213047743100995
0.04968073531860984
0.12158715746762808
0.14919621468366231
0.2789857528466426
0.28985444804231686
0.47278719506765865
0.00531694052305981
0.01386606915110225
0.4811629769128963
-0.22866624262234989
0.5130974474885988
-0.11303303241363655
0.4039091987213886
0.3106266493040355
0.03988443029127407
0.20764588923562904
0.39519997326974066
0.4003900902263387
0.3605716713656468
0.709676275679916
0.3476815342884393
-0.0050765760539107085
-0.07100329494798575
0.30268253692857294
0.2668714730668371
-0.1863284362350918
-0.018596707448867933
-0.30020391858642687
-0.22162791697760736
-0.10740251889835806
-0.04952240441371966
-0.25851953121706517
-0.3173049771239217
-0.4690865273830601
-0.33630349636631746
-0.28045602100003325
-0.3024246476078833
-0.33011098388256205
-0.20221333333298364
-0.05880271315144492
-0.42194842275240596
-0.396780352751708
-0.2798077244644085
-0.14980102597040013
0.06477710929027086
0.11151555574564856
0.17853727462527436
-0.05209800319415847
-0.12369029014468738
-0.1522308239658403
-0.022606423744697804
0.1768014513052305
0.23893416720307006
0.35092680378989993
0.17549659140247287
-0.3069268594919311
-0.17914384472227474
-0.14065693522490585
-0.06618972442338661
0.10103533095771572
-0.15790731431451277
-0.002229638691143565
-0.05972435900557108
-0.23166631508531133
-0.5237434854506285
-0.4430972471483879
-0.09667809789245621
0.2652272853256511
-0.04709191684451414
-0.037162081092666666
0.1517502290475657
0.1417479040172689
-0.4431973162959883
-0.4111638493384737
-0.3430612902981549
-0.047431374808841964
0.24569085504621116
-0.009862858840352028
0.04148322791279013
0.061809871410154454
-0.36178790672551797
-0.6040813835410979
-0.6811017906571857
-0.28013836351168364
-0.051813867650706
0.14575559655571707
-0.05789653594623051
-0.06916377810177726
-0.44414076057238117
-0.3049449624302807
-0.3845339806578931
-0.19604556572928433
0.21935942999983254
0.28740845644001745
0.08832858845247218
0.06063946381121374
0.0842643076750943
0.046165330002572835
-0.2702934224038182
-0.620062715420012
-0.043040207408990616
-0.2016068618232757
-0.14546934547834767
-0.029606355266945814
0.3540156792189628
0.10743955095051845
-0.04362371179064428
-0.5490605056423321
-0.1818963055095696
0.11340684639618909
-0.24355460743403895
0.12986815267902305
0.37195958673613116
0.22190124504953668
0.32400902227086087
-0.7458749806299177
-0.36136793417718716
-0.03864580990014588
-0.13595109689378182
-0.19087608140782053
0.33004268436102474
0.26635127750792964
0.392106571501725
-0.4987875058605414
-0.2825213185104377
-0.15611647055606778
-0.382718097143556
-0.04449099236793197
0.22236448588339652
0.11595526659637828
0.7554095890025159
0.6309913402058444
0.43818032976945287
0.29653914915416674
0.07325851440326059
-0.10050765551661461
-0.05218698514097411
0.32610921244684293
0.9354661592121207
1.0160354875581532
0.73167350821204
0.6576446201084445
-0.16590806008470327
-0.6342707954431641
0.07282838283559556
-0.11145945652116783
0.0249218914238854
-0.27612715544826827
-0.5142035787417261
-0.744245582453049
-0.5598642635299798
-0.8330614240978487
-0.29914934828960116
-0.13450315093357168
-0.32647783167082667
-0.08826976106813805
-0.33802892773595805
-0.5799484242258086
-0.5659112810616722
-0.26163381487375625
0.2467446617545257
-0.28562558311638697
-0.28538202854044625
-0.3911951124444845
-0.6058180041149472
-0.5983779537138505
-0.12471754834969323
-0.4622435773546614
0.45117677022502695
-0.019692225463446567
-0.16297984663093434
-0.4090884888256886
-0.1926183640415263
-0.04606307341764493
-0.2618647137637105
-0.7039901865269765
0.4981431191100048
-0.07413189030598841
-0.5524880235527841
-0.28617423204891046
0.10832685130132635
-0.1434869622748253
-0.11383259912425486
-0.964630732092725
0.12925475090472832
-0.14264508612681515
-0.10348076399404493
0.031047887134986588
-0.16835063985261456
0.23806261891895752
-0.488055861145717
-0.4242732726621288
0.11639455705687302
0.2740205257080013
0.13421961149593822
0.38418013631359593
0.0858016604847015
-0.06650518306654679
-0.05562876874579875
0.1847978293291872
-0.21312121049739263
0.1787801622463574
0.12247117058333407
-0.26145710214359213
-0.1941155160392831
-0.13184426802512106
-0.26764191340190807
-0.07543129991366074
0.10887351178084981
0.5253923886276517
0.7057840733183822
0.1312355500554448
-0.08261146532944648
-0.09804326809015694
-0.013517284289265439
-0.5192151454334485
0.07064388397184011
0.7255047092260245
0.4344838190962824
0.09828793885134679
0.07330061275584376
0.002235726453570397
-0.15458707550502468
-0.45608646000349784
0.5905652896876692
0.305359448765881
0.43478709682990924
0.36120032241784583
-0.0130761171003006
0.1378935502939505
-0.14860593565749902
-0.2338788987901895
-0.2775888442834672
0.5508979704094673
0.5337930504880006
0.0667193377984384
0.4884665215994913
0.21092444025078255
-0.2954629212398079
-0.14018964488511684
0.74093518958981
-0.028756536931929033
0.30950140159903416
-0.04210050492041412
0.06636948205625193
0.4322484369316585
0.3055423801062823
-0.08962545742505859
0.0782953253491741
0.6644931423160223
-0.012571062264826571
-0.006814943710706345
0.7137591677031571
0.4518111075064253
-0.2617166215628708
0.5616099870825452
1.0870262091176301
-0.05186794075989004
0.022470712045717822
0.048853131275293116
0.1686017819142568
0.4251299333818902
0.28597539121755244
0.2868375750864562
0.21965151562562402
0.7188681564449654
-0.19303817624179287
0.22804679476187711
-0.21655296492328918
0.24507951185652382
-0.22262347883686978
0.7834505742319318
1.249188575864921
0.29321635294775383
0.676030854092248
0.5038868696879721
0.509792672730609
0.03359369414977169
-0.1335819962616202
-0.016494003422204417
-0.019135511135760286
0.29622701489195424
0.11381431792978886
0.46156937780645685
0.31464706003894716
0.08770201330639443
-0.25519918847064693
-0.21554036395381598
0.13432836234119871
-0.07532332200440756
0.5955657679101733
0.38456253146481856
0.7322784579614823
-0.40460080251348796
-0.103295338306445
-1.003226085340294
0.028940074312416415
-0.1609180379888275
0.2489764893298742
0.7486571542518177
0.26526775517883205
0.27416378411662445
0.012641655138524235
0.437837628645533
-0.0033665074314432886
0.05053247739685601
-0.04389198541698369
0.18543258492528886
0.3052881539738487
-0.10548979705138417
0.05372508694306538
-0.32415408767772
0.06636632481634722
-0.2676483892031045
0.18585002644789198
0.24403365001844904
0.4644828420725737
0.13118851887788346
-0.049139635856060855
-0.022596035381932222
-0.658126956224249
-0.43641659560761537
-0.08582909560947911
-0.0098819168061417
0.10764042503719079
-0.42068209094587916
0.009955263201803788
-0.12496271169310325
-0.3718882770326414
-0.12079204424682798
-0.3668099911804493
0.1258079801319302
0.08441379506260538
-0.7094305103454681
0.02938143315592545
-0.0007247627846133087
0.022970042715193845
-0.3209225665931401
-0.12163161601105188
0.07993835450888576
0.12704029315369336
-1.009969871385981
0.16466205345913146
-0.08230287393322244
0.028531479037155458
-0.7085569999984478
-0.25107171120769445
-0.08578673733005682
-0.02525112278177588
-0.5207277482238084
-0.22090351444525158
0.05375111257885992
-0.4277035331942711
-0.6056927354007662
-0.35503141888357737
0.07987867393113833
0.1365633381545555
-0.5135247272583052
-0.10610695397044179
0.006412284815646541
0.4181905371115993
0.21729671182702714
0.29642065459186356
0.19844595801347603
0.05008104231100767
-0.3649194384615234
-0.13200224250334425
-0.17047367908302463
0.038740911986694215
0.13757106161171073
0.32073064004846497
0.2353481125548935
0.2158463061383582
0.12317317861250802
-0.004965059310620745
-0.45083332903965534
0.2765496233354206
-0.10616511637953674
-0.04821963509811275
-0.00046978571842010153
-0.06981648460346773
-0.16155409155906536
-0.030976261169561925
-0.026182834668423915
0.7957851555017883
-0.20748059536246372
0.5939504666610602
0.025835390762924904
-0.07154152637875266
0.15714150163606433
0.02842497442158365
-0.05771397480152296
0.06645136735759433
0.4218039371094803
0.30293407371500053
-0.2587891624938312
0.31638747147492474
0.6054046669837961
-0.011792648057578903
0.19683024638551883
-0.17770624304193278
-0.4298216729341274
-0.0969875050704175
-0.2260590775373804
-0.4120166678112712
-0.2806347055034969
-0.3237550085281862
-0.18446708572257964
-0.20443274165011627
-0.2673869890195597
-0.24876796117209665
-0.11190473778854972
-0.2797344432557879
-0.4574479977412184
-0.33321922021537154
-0.13081733401990442
-0.5378919050502746
-0.08238079884027227
-0.09711944983053863
-0.3471565051428764
-0.09196362700575533
-0.26311336892766224
-0.03785333627009543
0.019039648280796684
-0.11364247990446019
-0.10014389433784748
-0.4112052443567028
-0.4068770520337933
-0.3687961873072576
-0.5455721130508637
-0.03665719753100585
-0.3063835468447933
0.07942617980260647
0.31117177489814163
0.28050787070032535
-0.39195045836522824
-0.2599488686426174
-0.007343336951673093
0.06624214053406308
-0.2086607517034103
0.15113811974559704
0.23126428820047853
0.21733958270094603
-0.08520377437386586
0.06241931877686721
-0.12470861767457854
0.4456552746852629
0.012929706645913225
0.558068591373156
0.3161412193857352
0.32045144141291193
-0.021230206153757702
0.2945294188462316
0.4676626005538547
0.25541513353191736
-0.024251515415419977
-0.030090661695958254
0.5448815184559324
0.5727787654211767
0.14904997456548025
0.2920272648527389
0.4365804757697367
0.2543051348462359
0.28245129520370893
0.11316808673531864
0.3234946725241151
-0.09489032938764902
0.5517249199350246
0.42831045858205036
0.11799989445407699
0.08306040056875641
0.3384919551020607
0.5117135676708445
0.011583416301301497
-0.9201693076522856
0.17527986715121907
0.3577105197600723
0.18623818513777568
-0.4733110888958152
0.5312396119337293
0.15398310486464206
-0.49201664078331886
-0.9161533080443298
0.1713387466888969
-0.1450278390581382
-0.18413850222867312
-0.21005462418045756
-0.13209107187957198
0.5759157756918303
-0.7137075178258272
-1.2086954558259122
0.09392054753489079
0.23903397347270244
-0.5047821613934061
-0.123552283864739
0.20558918964664052
-0.11669055164491496
-0.31314357464194104
-1.2109793386833192
0.29098788119538266
-0.04318654040097708
-0.7299213660769451
0.7483847263428164
0.28918235391453745
0.13782288513722868
-0.42609878396991385
-1.0670076043182672
0.22475749038889437
0.06526577159055466
-0.7707648190469039
-0.2478238165288862
0.4759903551265885
-0.021014477499557094
-0.2638225658334545
-0.5248816633116811
-0.6364099539872726
-0.847555308834514
-1.0706191924683655
0.010293379419507476
-0.2414444504745416
-0.1250963003894512
-0.17235271043745604
-0.2330664675291042
-1.1351827657255935
-1.0488826009648067
-0.7706073763411299
0.33778681070714767
-0.6546623307428743
0.03600226455733466
-0.49970429260535343
-0.018061393626286837
-0.14494613041239424
-0.4331623427566313
-0.09375688921509606
-0.34053708955995354
-0.011387115781219287
0.15276492940365718
0.2137074910616809
-0.26857221560782973
-0.1422598698741201
0.22041409384825478
-0.04262524022319514
0.16527130262770418
0.14129710687437727
0.19193159172169366
-0.005497640196732462
-0.03523104473571664
-0.12931107547587356
0.025226753828368864
0.26394527872198675
0.030620277961892928
-0.25703438022032604
-0.05521250058285798
0.07630745975851538
0.2898708504477096
2.5292783422448117e-05
-0.09636461595480972
-0.12314061530703913
-0.3109569381497452
-0.3670596489113227
0.24665246074294866
-0.19790138118864392
0.13612777069429988
0.19299046309953832
0.1682975160210565
0.18310664454009373
-0.22237347340289787
0.04693651826383799
0.5197967352615168
0.14883302354456532
-0.06758157735380121
-0.01444001679858617
0.17509724769815588
0.16000061388731146
0.03944340766591797
0.25107728774078586
0.4187356502872132
0.23544068379481492
0.12311443688515755
-0.15028269657296456
-0.08786147937613947
0.20400024654056256
0.058987429818967485
-0.005470028264295879
0.36984195298197403
0.4247094795686698
0.17308201830693287
0.11607133961074875
-0.645760063073314
0.04226120101947073
0.2434814840542251
0.6741344731757585
0.07306551101010539
0.7745917336482688
0.18615218809649128
0.2919715236358337
-0.6490133321036724
0.00908142477394508
0.46754784913670355
0.3444829400680404
0.24971248985760125
0.4010734680470631
0.08139196069974941
0.3090820480681841
-0.344849327671196
0.17226520033508208
0.09067871835588903
0.3395332514868606
0.20219735434295572
0.23384372013458957
-0.1919051462625907
-0.2612941738285448
-0.12026000937187317
-0.14698593446519692
-0.044165765577233784
0.3192578849199542
0.28740239624637154
-0.07094099285248578
-0.6807891354181307
-0.18891704978354548
-0.28903882002057446
0.0010507442527044608
-0.15021838928195727
0.05544839477698066
0.19554040111232185
-0.13410207600970858
-0.9529600082885789
-0.047993742134012
0.5296137911278171
-0.5354626516311607
0.2963936297903533
0.024059148466333807
0.1739050865256883
-0.34768772668084713
-1.1452606426359846
0.22122732280774893
-0.01266812068384987
-0.19775912717453492
0.00016698014993965504
0.3110358328864889
-0.17275959927062323
-0.39619734101791015
-1.1661785816919965
0.5566467031525177
-0.40713419493580094
-0.26865935331505675
0.18019887075725743
-0.03216418193676138
0.28992889410395806
-0.07933646603529051
-0.8935550299595345
-0.009600308128025273
-0.16384996052841805
-1.078766421814596
0.19913343527294727
0.09549185474208383
-0.012947521249158767
-0.06966061044483732
-0.12324558359177751
0.030555412832555917
-0.10488105179148055
-0.19365062798919652
-0.1941521227555557
-0.3766521937145253
-0.29420334223452327
-0.20581360655057374
0.26899812170509324
0.014637443773656666
0.10049890199588374
-0.05364661621966482
-0.07869886486447528
-0.4369699181247732
0.08343906424188618
-0.1052223519045726
0.016775412506971232
0.10341174847124202
0.31069859432512115
0.07957178853794264
-0.03990234696793926
-0.12387694518179176
-0.1769662417177707
0.42812375839863326
0.05546946124221824
0.2315909366196362
0.09489356614365002
-0.11805346390725205
-0.06756267771738933
-0.6450106862782071
-0.18113617492543344
-0.014373380142264802
0.7154311879982144
0.20349411665808473
0.2809526027339462
0.15220816622414857
-0.15021143985020052
0.23688456294183824
-0.229872513433334
0.012127203354919125
-0.03932805698348821
0.33662044104923045
0.2911038117726455
0.3249788006441655
0.4875137867284656
0.6371821532050691
-0.09136770770949215
-0.09530502838881341
0.2785165475104496
-0.32363829732293653
-0.23357075948005612
0.2945977752190564
0.06316239939371449
0.43061231581536086
0.20392394841185302
-0.14890502998631805
-0.650057443336897
-0.6405775299538481
-0.2858610435878424
-0.052673520447582556
0.12218281237828404
0.8317718091903068
0.5721679293625495
-0.1882633933935004
-0.46673190190611175
-1.1242417313388406
-0.40055765471586424
-0.41197705935316864
-0.1995876805584884
0.9235798502559824
0.5383778155878679
-0.15953852131796936
-0.6612959441577493
-0.4089895894405615
-0.7152363270129822
-0.4892117738531129
-0.07090933713391287
0.1004681770812964
0.18611811297552316
0.33011659174280034
0.041262293034785576
0.24482200620876135
-0.2131110749048819
-0.1817467546973935
-0.3149210443327384
0.10001796526289969
-0.010212526118251325
0.05834579430562581
0.1360327460624045
0.9633146938120085
-0.2951814493992725
-0.0059189482299947735
-0.24031884999856606
-0.26086155323977367
0.3291007428339903
0.012854496370820367
-0.030449933816293545
0.7542307357387159
0.14292236858071167
-0.05043542081632291
-0.2501194489284762
-0.4489336261647382
-0.236071656837196
0.1908218355261225
0.10300118459201071
0.6100312483953438
0.3289430603220781
0.13656685276092528
0.2362466918044898
-0.315709582184191
0.15708010251130933
0.18778172990244635
0.22790530951901639
0.06340919949726814
-0.08699427061409187
0.5741692681441177
0.30918276074060214
-0.2197768788067092
0.13749458519947416
0.6938550514051474
0.39193664448730825
0.17135292313549877
0.39080511192892997
-0.5584956610587541
1.5019196941937778
-0.26607634378001066
0.11272875558567133
0.409834569044359
0.5201801552835534
0.7616060941421433
0.9760944625376627
0.9520958349293611
0.28949510855870053
-0.09418319289066202
0.0333043886663766
0.2700246722134041
0.8015441045208985
0.09616540223024442
0.2630945107099942
0.4721481668803298
0.33015501400202246
0.09185124851132548
0.36170618095928325
0.05282058017084357
0.3239654220400684
0.4845811499462949
0.35549905305453544
0.08436837980204387
0.3748032004500155
-0.04705017481999202
0.4425086426740954
0.6022127751829115
0.2981408444617682
0.5194454725325721
0.15818875377403166
0.41099227389033616
0.47341166873051976
1.6141667180259527
-0.0005218148627294805
-0.2100467550089471
0.3685792333261811
-0.09558232474434569
-0.11304771755488115
0.4066346391666201
0.1989207269734875
0.2527359742153535
-0.2713263944205635
0.36720524687125033
-0.018725864049740165
0.10222542688762476
0.25211286086986273
0.14692256230939205
0.5123889578231604
-0.1195881277476131
-0.4384877330146547
-0.13819429270710715
0.016356626423858697
0.33157592320783646
0.28657394777582706
0.17035220166768378
0.16817498894625013
0.7199026022054675
-0.31058428190044407
0.10123383156134275
0.5144905643163211
-0.10916924157390819
0.2798126221028835
0.08595374609403311
0.05152925153587235
-0.41343465757512854
-0.3046619955310495
-0.2142954584780296
0.04539391699049261
0.06698536510946945
-0.20978148033256605
0.285999317574399
-0.3047833577471827
0.16421666892264064
-0.12543094919074343
0.30266409467027855
-0.14326696658225546
-0.10496472573621005
0.06916452618121272
-0.0946862036982013
-0.08992831727772599
-0.0318822966640146
-0.209998477982023
-0.1378097241941037
-0.019523687154361813
-0.3219936136335415
0.06162837650583208
-0.09228113341893424
0.0037863628261820687
0.03791503544341007
-0.5121849756365809
-0.25939369485078984
-0.07200661044976919
-0.10181193050243104
0.05219845503504933
-0.11834499952124916
-0.3104121823334773
-0.04392879907799982
-0.5004236861549884
-0.2051693530648362
-0.24513198398829333
-0.15035887352514615
-0.2892013071534036
-0.34792022713610765
-0.020673965542883865
-0.2871148411334456
-0.484767244754363
-0.16432165108693905
-0.001740147452882479
-0.084097318546145
-0.19686256312660227
-0.3309093354690744
0.10086176739808525
-0.30451389693007974
0.073745547495287
-0.30295525750774843
-0.04528141707365185
0.07903570139791333
-0.12126319935654672
-0.17851122833455507
-0.24634353692048871
0.4130209368648061
-0.02473236338997281
-0.47981395712149455
-0.31077667295824374
-0.2906889713548077
-0.24749950127574488
-0.29990887206773753
-0.6880810218587144
0.26023504227041155
-0.09065520769057911
-0.07540398410936222
0.4785621631693217
0.521524297592566
0.5816849357875018
0.14218857656690123
0.22856407845797297
0.09713942498768113
0.0148666662221012
0.28567233190044716
0.5273436316327589
0.3071622967674237
0.5228220558764622
0.3372995240655595
0.5906604529534265
0.23409710082611102
0.4836451220852192
0.6073517991052777
0.5758541511638946
0.5792034370965573
0.47785288867726106
0.20523162052582128
0.30784265171199987
0.11558460622492739
0.4253324936676571
0.352662580794096
0.3104365958941482
0.30674346397413815
0.4551570611280257
0.42391276926278126
0.2737653713733055
0.33283822426107845
0.14158651293944208
0.5885065587964561
0.12691004880515983
0.37775194335105694
0.3761009309853828
0.21377095698535448
-0.08867240504933971
-0.2815614987932423
-0.0957917077110941
0.3356595410964097
0.09065538415144311
0.5220454090989641
0.3733557035199885
0.09606440324150775
0.07811578464846386
0.15845317288685334
0.05427389736114335
-0.17260676819302956
-0.046458233460701936
0.00376598446797205
0.3398266245552689
0.29791507558046987
0.20374443840940454
0.23771895757773587
-0.5666728544927969
-0.051224747180569796
0.10144015224479397
0.2755835481145884
0.2201304830152728
-0.14904195502772466
0.09311715939974713
0.3160895941577852
-0.6715539787824671
-0.44239687751956813
-0.22562487111157253
0.08237625221357511
0.2706189116235353
0.28714337469623585
0.07961837542456432
0.370866483825054
-0.4980029301256814
-0.375984469240238
-0.1363010749957394
-0.06057001983343396
-0.12234608933621788
0.18401635395705346
0.3071871126881107
0.3567075292033794
-0.12298184164342585
-0.2994284574631243
-0.32789432584592726
-0.1380758567663185
-0.12309470489455535
0.013943325511612203
0.23647050273550074
-0.23611780609307415
-0.4476988811461676
-0.44456101995530917
-0.1296487595430127
-0.27436824373671576
-0.41132236414768875
-0.12629823278988145
-0.022970266782713633
-0.30729928623700176
-0.20349198166572496
-0.24840064946431184
0.0007165365098806831
-0.45465508386151876
-0.17383169597458048
-0.2854184237511127
-0.8965420291776938
0.033081221764189636
-0.5063552072753127
-0.5094154068007583
-0.31617112853834595
-0.2972275689636309
-0.6369128650530502
0.24620187414045075
-0.08544258934783067
0.0701176728001642
-0.2303038679570995
-0.42558771361879555
-0.008938539246492627
-0.14931753604809217
-0.1311246260461736
-0.25302644840381155
-0.30732899848789574
-0.15678831192534792
-0.1884894608837716
-0.35462729709262686
-0.16530803128630128
-0.31228656549015166
0.034562693106651554
-0.1251259521922983
-0.0845212623588889
-0.2919901465911352
0.07788977045132328
-0.22337783669632622
0.08560376781520684
-0.10615588612232646
0.2666065929981436
0.548812804124966
0.4467730777598811
0.6309637553175631
-0.36235816825479095
-0.2433898534031504
-0.7072176499885694
-0.05778273451193994
-0.0016439206961896269
0.12032106340163856
0.06263854522970452
0.13280820338215377
0.47180060851339595
0.09489488590574291
-0.21076053286285157
0.037952146610537196
-0.025653333528176947
0.10212884379025318
0.15084412234358302
-0.12817837905947654
-0.2161149360469936
0.2423895425620386
0.381538361617114
0.007141896529375635
0.11934620703829708
-0.053404933025006096
-0.11861795752465709
0.3573126956435873
0.35165969415730786
-0.03542646476843325
0.05624275152770819
0.2212919286871974
0.2360880968342051
0.28992134731627545
0.20164352645630312
0.27207983508794403
0.4350016294903384
0.21653932784191343
0.16396148257226795
-0.07824117410251402
0.04419427220014083
-0.07035205283081618
0.18525724177762826
0.023838478408316183
0.6646743406298772
0.2451643893738148
0.10947235778873507
-0.07957781937141284
-0.5189112013328373
-0.19678291635204778
-0.6228043168886961
0.014448215149215668
0.4353260506873634
0.5455337913252938
0.09722982905226724
-0.08899570348515629
-0.24848551344579078
-0.43075032317410133
-0.19692600104713326
-0.4631485237520799
0.4525178245873482
0.6730967676106555
0.24100368172310782
0.07742670141636665
-0.21222768393382277
-0.33748465261325045
-0.7544594175941739
-0.37943478783784224
0.019846045826951653
0.6059911852078608
0.45396548327090475
0.0894414641422045
0.2034522982286195
-0.45157140403340734
-0.06234929475420034
-0.9511401632050029
0.48838944160695563
0.1975271678872641
0.24738362824990942
0.1087008352694905
0.06768516291789917
-0.15994151638849535
-0.11409185464626133
-0.8357637821725739
0.08533586606592669
0.02941410022982688
-0.058297369612428984
-0.07308323738833833
0.15222457127783412
-0.3790034185300204
-0.0073092802126308865
-0.7411602522177447
-0.10912481450936265
-0.13391735416789607
-0.25463059065306115
0.04229516917217041
0.18057000635808607
-0.30774606600574694
0.05782232153718645
-0.4233928170999891
0.12295912535146543
-0.14638353458960118
-0.006386893508524921
0.34017271250593256
-0.19881177160028524
0.08747588608989043
0.17163219121774326
-0.10024781446856523
-0.408840081066649
-0.058614481924777806
-0.33550460007903804
0.2932470762721464
0.21336549360184717
-0.016913172067489657
-0.13225785728244788
0.524263422460358
0.04533093871440763
-0.15730556474744983
-0.639771367342867
0.24467183416936714
-0.4545211324025421
-0.011961461537477347
0.23034333587695927
0.3140197992776618
-0.47047457746892507
-0.13467745353669225
-0.11724602609524414
0.3282904212222789
0.3605897837220272
0.36202870606637505
0.2095551496355934
0.03117439130876555
0.1635574497990901
0.14432946112184483
0.21629064260678907
0.27538563843394237
0.31677200989189425
-0.02444345074072035
0.07658717246252611
0.24712586621534033
-0.23578098849666768
0.0798386861519079
0.13855815239496366
0.3676511015753497
0.2323464459309989
0.20694411006000407
0.17710136251320835
0.3512834260191892
0.3555467383652366
0.43776807667181183
0.31948932588810197
0.09209691806643247
0.2635959119389544
-0.168848168366205
0.17746399262166224
0.271433048101274
0.10858727624644954
0.38853023125010044
0.50479404141968
0.20745997263502397
0.3080893419748626
-0.13795821893922391
-0.03791135876696272
0.210895246149571
0.3362276304517853
0.660075970419226
0.4628279585429602
-0.006882553445481832
-0.033734575160776104
-0.1374736243259721
-0.25405200706546144
-0.39227137516233146
0.6732186357921309
0.19573059415912553
0.46011558933698965
-0.2688218173832217
0.027063185055364092
-0.14754875161002406
-0.3591304567918945
-0.563072582999829
-0.1806467943327829
-0.15406476365868288
0.19466291504456323
0.5688943758461829
0.010585833632867359
0.4016150186726388
-0.05953291913838203
-0.38330141772348947
-1.07963300132803
-0.46532345735948666
-0.1054931683738076
0.22642511724942976
0.3756724153473874
0.08924637764088177
0.39615932762782324
0.2648970632080903
-1.3415246688248712
-0.809559914049868
-0.6473635727209208
-0.1032935075984753
-0.0818871386815043
0.19163489553319285
0.17640696537996797
0.5608439345948033
-0.9993568822725446
-0.8898843161779844
-1.0031964639757294
-0.7708712616540264
0.11050097678026137
0.8758212811184043
0.3562370095145282
0.6123846159306802
0.1801671533620054
-0.20877791959539355
-0.14623287656229955
-0.3751221224482273
0.22030847729370384
0.17192980328294116
0.41026723415684463
0.9155806428697943
0.18243679919649625
0.4301791326499037
0.194129351785991
-0.479375701553036
-0.2572364987682644
-0.02673937494268558
0.05519585781729108
0.3695026129773398
0.02857637763113663
0.2189296794640893
0.2688387073596408
-0.10622001434251438
-0.932667641138544
0.04202066882224165
-0.3463699499810403
-0.22648615202356626
0.03289765856601522
0.10113315425993846
0.4357546735888649
-0.08524813874216228
0.12209630258622126
-0.5970387691322022
-0.7208943623610118
-0.5185332601939793
0.612108322207325
0.3538181633974837
0.16944328089261246
0.44362654802212875
0.32812766657525977
0.08526455042584052
-0.577467038154549
-0.5403577221006246
0.4888693760516755
0.06644327392676225
0.021080129286157184
0.03372416741104889
0.08843362390463211
0.5162580160763729
-0.16322459839953624
0.987477274982407
0.29238357566445894
-0.12317997072891795
0.32335054674290964
0.4661928320180997
0.527083619283462
-0.024561222728408327
0.43741667833366316
0.1346499250279775
-0.2648082606510854
-0.0443112842110972
0.42829964707632745
0.3014316829493673
0.5739017612800759
0.43308710056959815
0.4264683169630306
-0.10245483855176027
-0.477890239646909
-0.33311478268960054
-0.08498438668232133
0.37714027686292173
0.29352052224054626
0.1485748424967155
0.14691829363091613
-0.5404995058551634
-0.23631689308085402
0.020561539296788042
0.563218587625071
0.46066225792370347
-0.02713012877907503
0.3770571825209431
0.3593921478623312
-0.0505713791499397
0.32595093387418755
-0.14392428392582662
0.12263553947777536
0.3095993155347507
0.48080348227200465
0.0893884185765092
0.15787137002880355
-0.1385550290392776
-0.39372378231229194
0.4020114355836377
0.08273808450186454
0.17120700886044093
0.24697457174941895
0.3185356045841943
0.2813298579057386
0.07139002607218067
0.15251393404774094
-0.02794085309502259
0.1453629302806952
0.19891208485018463
0.04849467218223866
0.23279039386075817
0.09027355329867082
0.09383586298670898
0.0015145573334515716
0.0889652466410964
0.34300104716815005
0.0828945239577402
0.1578793369774199
0.3319478402053015
0.16123268691585724
0.23486017083863897
-0.2429566713195319
-0.05977399214473275
0.6517450337657091
-0.12904967596606112
0.3601955848443442
0.20211009922675963
-0.1968363650485908
-0.16625159459357672
-0.788390166991719
-0.3032870313531806
-0.13977754705455347
0.028370833371935134
0.0735538782958427
-0.13897634542900944
0.008255145303166511
-0.4884289197879733
-0.6424093360614599
-0.27287394828869105
-0.13816197827709092
0.2564776610628177
0.16377547149941574
0.014100945880575755
-0.48632102523001486
0.02133453634776078
-0.4616432241542728
-0.37025006517589865
-0.28409219948566367
-0.32274654697396254
-0.06795927473346869
0.06292929494682248
0.039821798658775776
-0.14958904287335134
-0.7245709408750372
-0.7356961226977361
0.2287862960627926
0.04415947095295494
0.04382883845666834
0.09738911643987869
-0.07220945388070377
0.34210771610250035
-0.6394561931636141
-0.14363847806395702
-0.5846300277400021
-0.23656538353872103
-0.020283481970887834
-0.23002298602308524
-0.0015064083773378978
0.44549394723392405
-0.38950844865383116
-0.9812252563714567
-0.3061510835120318
-0.1285741809777089
-0.4046032718534714
0.17402157555279535
0.21120593001898907
-0.10850286905838868
-0.24591334306922996
-0.2642239697122693
-0.5862093456618998
-0.9135918069355136
-0.969131862781447
-0.38882614300831314
0.48221826921700345
-0.37571297976674
-0.626398016995207
-0.1269193789723841
-0.5454171515643127
-0.7683394924239083
-0.9580211623217179
-0.062343185048647554
-0.07130465445102793
-0.1699022607335434
-0.12155258414718628
-0.22894096321897292
-0.48415313969936014
-0.7629589071996209
-0.6670935126140762
-0.32587301250935696
-0.030621911062460705
0.3962373867153745
-0.46380686762110157
-0.291960454692214
-0.43548902699439906
-0.9071243826914762
-0.6406030665525471
-0.37711985603461223
-0.4741808735480981
-0.05482637788648442
0.2911298054501093
-0.40661760118210144
-0.38856663243447376
-0.8155112195972465
-0.5713827102285873
-0.2564065441371729
-0.32557184369835446
0.4564367591084395
0.4357531033016803
-0.3912840496691033
-0.14006734275825794
-0.5907176045743471
-0.49557179255680245
-0.06057482091216848
-0.012143392627328164
0.6813120792029044
0.9513520435183137
-0.06333493034476911
-0.6548394231523034
-0.4802544732798285
0.045351276377288946
-0.037051932030636725
0.20057807435877345
-0.006586074189858349
0.6733927463206477
0.3966785544943554
-0.6620156871542564
-0.26314587946371304
-0.279048622608944
0.03738808495609652
-0.13018320809645406
-0.08087788056348211
1.3483177747926547
0.39943042131455425
-0.6723189451926321
0.2300521717531271
-0.23456568865121574
0.35264708737280637
0.016208450777948302
-0.07885044557258744
0.8969030815623719
0.35943962085582676
0.05756656609607025
0.008296879493493725
-0.2681387251288466
0.19938254405351635
0.3545202606657786
-0.17124710200446186
0.24642862311278757
0.22652014727868863
0.2773791598358254
0.644041228278842
-0.284771466677607
-0.06866539272617675
0.18063349566915865
-0.03891854130931255
0.23979270832634098
-0.04364575068168022
0.19919740505627506
0.40804162524399135
0.23882353825488206
-0.19214572200616786
0.38750767090722166
-0.18656927018607786
-0.19301673623993856
0.16697853128663942
0.2235658010054672
0.3242810762946126
-0.02016535086274719
0.06802138492103965
0.18009225110835886
0.18815202980296752
-0.05248117659244135
0.19986525888415757
0.1202950659757582
0.353363651157616
0.16180607373631717
0.05848428039978945
0.5364771612323365
-0.1735504833514363
-0.6231137477578256
0.08083954332997692
-0.022269266769144425
-0.2955336794799708
0.25717152569793356
0.5103785705441679
0.45312803788774414
-0.3116129372651646
-0.3037986517749191
-0.4393405719324935
0.05237139926541118
0.11199212714714007
0.4193163357688366
-0.11342060161210243
0.22883515370949853
0.009622788578310615
-0.35703757360961674
0.06001766020885008
-0.5543800841662447
-0.6086888955588572
-0.56920108970182
-0.36491594370728836
0.4819163051556358
0.4184296463898131
-0.023841909587442478
-0.35056710333775454
-0.613194128905796
-0.5791585378229751
-0.8131252301332139
-0.31383022245043696
0.20097383820183534
0.6178375575448469
-0.027344997092146883
-0.07828215689983153
-0.42346790777010856
-0.6855468505616306
-0.6161408815568561
-0.2939613283960518
0.6867841069410874
1.1947751614884825
-0.17650810513653303
-0.2862905587441822
-0.29364667652886656
-0.9600080643836703
-0.6381316267128275
-0.42717412754981293
0.1298470480511862
0.4532744521414548
0.16387782775350712
-0.07085776114588288
-0.003950769801743748
-0.7178328244756085
-0.6043246384883485
-0.38951897613561703
0.20604959443198595
0.7557641660028407
0.9857617814193864
-0.08563083538450678
-0.26057737594314007
-0.3189958329138638
-0.7625400818539884
-0.1201539386235097
0.08656628756938434
0.6248937946624418
1.1538063956481799
0.40268466560768046
-0.4664388150598082
-0.12385487548881324
-0.6215424505901549
-0.251915416036982
0.2780744170734081
0.047462742836846095
0.46327724701481504
0.03488088687027363
0.09178089508148013
-0.012409257732526657
-0.34690599366614544
-0.0535059982241239
-0.13215258320922263
-0.33514413415657585
0.28062825292084703
0.012669328257981116
0.08309581463675605
-0.0031358066903587334
-0.44760893185232886
-0.021055120495953955
0.03373384978868671
-0.217836452894421
-0.0604974805372826
0.08805104393046576
0.18710473716802223
0.250326231477893
0.14564621103694986
-0.20313764336045903
-0.3537327614230108
-0.44790058675442057
-0.28579308840314965
-0.10434011499781592
0.4046977357969404
0.44079406890711964
0.11248626178651361
-0.021155066642132445
0.05173173647667911
-0.3643167149560425
-0.6303184772473136
0.16932096654494622
0.2409867524354915
0.3673759811516585
0.4362914829226807
0.09926546553469323
0.07430474437725801
-0.5798400843834163
-0.2530157222300353
-0.21566232317455913
0.4977007455272044
-0.1960338888755918
0.3508678801216159
-0.10365449212271255
0.4532402468371632
0.15169782083128833
0.2145570861257139
-0.2700348566478532
0.17102593890956458
-0.11102958217130951
-0.050772469991121866
0.1263245949490667
-0.11966784373719985
-0.0400573950451622
-0.42325608249713553
-0.29061821426972234
0.08234542701080627
-0.28674830605361973
0.30941561560389386
0.28340965444833566
-0.03507618701314792
0.3985972394127821
-0.6205582909077897
-0.28392212961106633
-0.15845864356048742
-0.24341954963818252
0.07150592360556679
0.3695839484979665
-0.5086392795381559
-0.10714741814441148
-0.17491057331349852
-0.21872286838227203
-0.26504875285070884
-0.17056957974155895
-0.2916760504029094
-0.12652913204769428
-0.12690943274376199
-0.07375623610614146
9.682595284313256e-05
-0.22024169735180038
-0.20330791081060662
-0.2665590895088574
-0.26088202402980676
-0.15125399914394524
-0.15383440166521783
-0.2078768038988572
-0.1401876817632957
-0.3141251427648229
-0.30019842665636565
-0.27122988899577016
-0.2502371841176736
-0.15020597300259098
-0.11621012904135936
-0.027570524084729653
-0.49982665501474555
-0.45973711152593033
-0.4145240188213608
-0.35941862746417313
-0.28486881658707575
-0.544604422723893
-0.2540355136379699
-0.5287891467130889
-0.2424462840395729
-0.6067849928940339
-0.48359280825395123
-0.5608414092345035
-0.8087086381791259
-0.8047063827955575
-0.36886629163676565
0.2676699800023114
0.021055488262180788
-0.637488049723497
-0.7634887783345434
-0.48543694654988956
-0.7496931191415679
-0.9004363742812462
-0.3862116887737634
0.834992145291408
0.3752657490060957
-0.7993740396823669
-0.26805312159580424
-0.25111330113937347
-0.23620295961619364
-0.7830079350592869
-0.17140716280301063
0.9266822313022259
0.8598662990362251
-0.08105860458138384
-0.03825336393688883
0.5610756853565511
-0.15521727935712326
-0.7467617787791174
-0.35070491440412077
0.5646630660176973
0.69371003325002
0.21745578875289323
0.6208505613128268
0.5853221869080497
0.07483935332728921
0.15348783685806802
-0.5005798184190828
-0.15905078605390438
0.5519549508826487
0.33713055400647823
0.6274113885997927
0.966063443002396
-0.10694059495325625
0.1688631351306766
-0.08686426738325104
-0.35867471418150976
-0.11370893706871421
0.23558957745502782
0.354233732713598
0.7438147914374642
-0.03452054886301258
0.06976805630081084
0.05594611805972019
-0.3387006582973352
-0.05945940493643133
0.20352392760200194
-0.0210267808878275
0.2500587744139675
-0.6935705812338717
0.42798027039191555
0.5476704103430468
-0.27048365649646944
-0.2515709393407733
0.24016909022136573
0.023422353856264976
-0.13094899979508723
-0.21719006516796474
0.5003299330190645
0.5151886603052
-0.02004556297043069
-0.11521678949192593
0.31347624876541097
-0.3401663184371973
-0.5310494348602848
0.32383538827598135
-0.005932537262736237
0.07349820338754282
-0.49539816576609946
0.11868859881979721
-0.1711058461879312
-0.21091616848045447
-0.3804406547908697
-0.24077608800224076
-0.4560721790364529
0.12148557290715484
-0.16070145494288313
-0.18172761500048568
-0.23333534541359555
-0.19814650881188156
-0.4642855046576402
-0.6491619384289129
-0.5529821969866793
-0.08338388434564879
0.43683061539638346
0.019796620278948907
-0.26966049862278396
-0.2832794417879442
-0.3551904644019076
-0.1386050083032997
-0.11997904412686722
-0.20305569241488458
0.012800510800237412
0.13043751607825255
-0.23191657952310962
-0.5520848380662638
-0.11010407589404189
-0.18018992826753055
0.1409250618525526
0.032538639724994656
-0.21987349247911486
0.5185712034888069
-0.22023580151173294
-0.16041905336418347
-0.14997428759884912
-0.2659575905472306
0.37075128778551497
-0.14084354137287036
0.1625912597508733
0.5141775159143855
0.4799623566779159
0.06948656538605938
-0.20131767568963707
-0.38311699607908445
0.3014083723762993
0.014212976703462887
-0.41038402514776984
0.4261200662869087
0.14017248559747889
-0.03815918330986923
-0.08445625315113839
-0.1511654584465605
0.11808322601300308
0.4837305320403469
-0.2395299482716423
0.19977281426835974
0.5628360798802825
0.1899203198743386
-0.06072971807670002
0.3374406983060016
-0.2599826293256345
-0.06434983360076046
-0.4477022416257499
-0.2997889219500665
0.2767065473409651
0.5796753665008421
0.4688302103029456
0.4669622574124742
0.033002696917123625
-0.3161104413641227
-0.6389532573467571
-1.1871310568829123
-0.06467190604131534
0.8943233089642361
0.15391933762130983
0.12548026594771877
0.208809096051118
-0.15815953224766877
-0.253550710180492
-1.3323254865832372
-0.19136740819616777
0.2847533729348782
0.8799797407654757
0.3734322921497655
0.26237725050462773
0.12937805155455878
-0.2486899023360761
-0.566294552024655
-0.18066630730909716
0.039972065544525676
0.24028436979222498
0.47085711717882006
0.12101516808255691
0.4068007860139615
0.10076795434360405
0.19109408962698948
0.06283261402596635
0.0699266809738231
-0.5311515367548156
-0.23058459564777653
0.37372235968936796
0.2469787035984916
0.3263150053397449
0.3487638146214615
-0.07245812782110198
-0.03161206446009501
-0.8884376145726259
-0.31501952260985944
0.2469604973385352
0.1771780636919036
0.23642398220166178
0.661459296556338
-0.16421419578285956
-0.2662729368028382
-0.5163202796395342
-0.35526787928017667
0.1600653583338014
-0.14873879437089255
-0.04430436000183319
0.15052163743860314
-0.4067085596073148
-0.2856713238748674
-0.3229509821133466
0.01049720289564754
-0.08810066289989926
-0.22398857979694464
-0.1413108839606665
-0.4586361268318321
0.06714125405414398
-0.41686285192675077
0.27788253371967675
0.10346417073112368
-0.5168281845151468
-0.7691852437609764
0.2351744708512712
-0.015519333155593618
-0.07395720486043128
-0.5601987098749021
0.1402287474797745
-0.4094267779014241
-0.5386059256926933
-0.5066818434520586
-0.2796799845040949
0.7740521043129454
0.3102912707915717
0.18113107046094135
-0.262669117022207
-0.43611564798172275
-0.18092151150062324
0.5187130295385053
0.24358509111328602
0.628307238996892
0.6410349434787042
0.6384161043635254
-0.025553383436638544
0.13775475797490036
0.16992788173424822
0.2620634460331472
0.343177477027503
0.2979661480446853
0.517181438436167
0.5143244430924864
-0.007690039596549722
0.08218330116055056
0.30646618042169027
0.3969817476507946
0.5289731252014007
0.6863476377243007
0.31442964627237724
0.39507873078288147
0.7605198198308394
0.46619265791638204
0.3366391520900278
-0.2010392409407919
0.30555090842300653
0.311965994257355
0.5142487032768567
0.16832941947945826
0.5089090265790317
0.6853098567786402
0.3493779093251883
0.6067946231636907
0.15600689813946045
0.37734520642249203
0.19115406537720203
0.48010205657521376
0.07081294256935211
0.4839298738070436
0.8251181698764213
0.1601100019150739
0.04672395977480304
-0.21542074779296272
-0.1472292082167409
0.01810668043948732
0.19532589208354148
0.37802980380752615
0.8603456636362043
0.9056735745846215
0.18465223622703644
-1.1386952183122392
-0.30209871538218747
-0.1598739188793309
0.259010247239592
0.43777115314339304
0.2553916427088022
0.34487242791611017
0.5574296686531908
-1.5096503616595354
-0.7091842510976886
-0.19824198629397238
-0.3119867562753842
0.03630615719231062
0.6367684586348918
0.090516238089042
0.09302623346750633
-0.970306462981074
-1.298519308480242
-0.294173838371776
-0.10730841355352401
-0.10980696391968975
0.007846006629590563
0.30498232981825557
0.566145969822963
-0.18452320731153066
-0.056843359030520624
0.02181175025313148
-0.4983766933192417
-0.044524335223992184
-0.472144653769665
0.07643804053615652
0.12138252790784543
0.08762704509302804
-0.4054804863489719
-0.10018765273654912
-0.7800788148071136
-0.2609371180139658
-0.22068351024559352
0.0007828760719257866
0.28079409092411867
0.06485930484646607
0.09069937736971473
-0.26663142161647013
-0.09966806235262748
-0.2874506755989632
-0.44382294773928066
-0.37646597972675544
-0.38975262294420915
-0.12002468631574528
-0.03732838607678929
0.09968381312394561
-0.17252061565314758
-0.17114616726522835
0.005907712073962568
-0.33143628698236954
-0.6259487137865762
0.20557989182896402
0.07077842730464737
0.016098295269088403
-0.20673255579144567
-0.0430943946131744
-0.18555367116354982
-0.034809333669669915
-0.3093648938465458
0.2312914453094529
0.06026645460485103
0.4357315942526978
0.5095038112462433
-0.349790129614199
-0.027174621969357354
-0.3051168600173364
-0.30010409678601746
-0.1707105516839592
0.21487493088073123
-0.13710019454427586
-0.07031226460294056
0.03125281433295085
-0.3517194032849955
-0.5646765773884912
-0.4447921701157974
0.5769866319341549
0.029159507842693055
-0.03904930987138318
0.19666088194367462
0.08336991500244934
0.17075893346013082
-0.034944460117135256
-0.11683981132722082
-0.027396712416137725
0.4328407313362785
0.22839565098600811
0.1303231734569555
0.20438606282125335
0.1958868978800286
0.06455860537397848
0.0008199261609806441
0.30520573286706754
0.31526414272517156
0.28532464069655117
-0.0172501030163964
0.3209683241169277
-0.2694813142144329
-0.2545805751544621
-0.42726259692267854
0.3701872106415218
0.29599192835370797
0.3933503137599364
0.09500714314698044
0.14114460683221172
0.09385401846024524
-0.1547840314047076
-0.15702392371034643
0.17611378772694353
0.12709641279665246
-0.09202798621852393
0.3137622011296272
0.03154569024315698
0.23856659395444968
0.11879953080685524
-0.23261122474913415
-0.4087617839705739
-0.008961673169611384
-0.36885238697963274
0.15837295105133153
0.43417182974807234
0.7452955775827421
0.10206750464376275
-0.06464830174575781
-0.16551947817208304
-0.4538586554764824
0.26683862211876697
0.4803556526231898
0.43814152768161985
0.5503790093558429
0.09082824593380429
-0.20332763235522558
-0.7484630887016788
0.11467037185701415
0.5414366662933121
0.18168359214188673
0.35087976487738426
0.14187085929879287
-0.5189716955684192
-0.032977399039692545
-0.7341610619277987
-0.1677905748335239
0.2681485596443186
-0.15350587508649746
0.14944676624265302
-0.6354703030904836
0.19897452126534226
0.3069082276188431
-0.13157154749742683
0.49801328216170726
0.1470947575869509
0.4175552247158153
-0.25191607583697223
0.052668169490368344
0.16453535519887133
0.34186381816568134
-0.044463623111145614
0.02393391146130726
0.14248153067840608
-0.25759901545862834
-0.025765055537514903
0.1354236256167014
0.444956351462269
0.0322147513794845
0.10752612152815952
-0.05194898824651928
-0.0768276607928979
-0.4567146433494531
-0.10921188882564689
0.5217800018899253
0.13979700233177939
0.08813249677631538
-0.35244499934551393
-0.2063480117771789
0.041423988774494935
-0.13648567918444288
0.26767357575353584
0.15097800057899083
0.10267660814967769
0.04595254524478776
0.030566679171269873
0.0731050628526011
-0.09828605158643006
-0.19305250804655477
-0.45113063788179014
0.24819552465949174
-0.1893007561687125
-0.14243030079757027
-0.1891662514710285
0.06177820642032378
0.09549745617699107
-0.3311229200417654
0.0013518454463111174
-0.3211555548812802
-1.1221202078961685
0.11857937928696
-1.7396631956359698
-1.6087101020902312
1.941130852326486
-1.771969115041575
0.11097965205410784
-1.3798372156064165
-2.27761954049622
1.1748803933530472
1.763849152213845
-0.7171445449138774
1.211878823223265
1.0334076829247032
1.5579812717332393
0.3661455784938249
0.6661820165751339
1.3358630642514393
-0.9037049970409634
2.3773308765986587
-1.7518637914322877
0.9563651633103859
0.842982248806241
-1.1382125987829639
1.5402095820690507
-1.102804243995939
-1.8724875715625313
0.6144972578683374
3.9354352968413595
2.0821957942098077
-0.7623760350519053
-0.9126493505598723
-0.9300513147141043
-0.5739169616562954
-1.178746471930487
-0.7017877435734783
-0.7163789263857319
-0.30710371265236075
-0.6078105001454209
-0.6891978589147236
2.514961700564913
-0.8885552293420723
2.289414226317771
-0.5568076630702457
-0.3838574713290207
2.314646891718892
-0.91114180804957
-0.7732230298622005
-0.7470393091806016
-0.5128087068223486
-0.4783800316979012
-0.4895639153997634
-0.984294383598674
-0.7827302349797447
3.0569000128106416
-0.9833702439861327
1.606005075112736
-1.0366311384301898
2.7733609385771008
-0.8067541690187661
-1.4914487699075272
-0.7772830089329449
3.032150882624181
-0.442673498060859
-0.7097901309190153
1.974492416991108
-0.7754392051911432
2.7333637691262007
-1.0085216287300764
-0.8266831546999363
-0.5113911607134084
-0.9628954536968954
-0.9440234841487025
-1.0333913318922483
-0.9081659663848252
-0.5762716299051922
-0.5975435093469282
-0.5886870319099247
-1.0394749215449344
-0.9159580096677981
2.867735558675947
-0.5787450071353102
-0.6068902594920242
2.263584889298518
3.877714653744449
-0.4911994774233567
-0.9842593833846052
-0.4644897869865954
2.7379936966642116
-0.2268053196550709
-0.46159251078422003
-0.5817547827541925
-0.4847349362594048
3.7274430312170628
-0.5968373143179329
-0.4490497207769131
-0.2513807944029514
-0.5530011429764715
-0.699256963236088
-0.6683954776184174
-0.48627187502175123
-0.33064730046175417
-0.34501800206261957
-0.3680847921135585
-0.7998445842954808
-0.5713720823014559
-1.5146978981406054
-1.5590438555169075
0.9424700608663625
0.5029746623930245
0.2586180094258593
1.1711072465317098
-0.5035703693057036
0.6327140185718025
0.9508262060898202
2.00679321423222
1.9391294451113796
2.720246878718873
1.449190310320953
1.8094501653808426
-1.566613184959998
1.0281038257275594
-0.8667774898606415
0.9592768317156
0.0881750977393796
1.960533983644567
0.48403592567842035
2.5985630001143822
-1.0370892049764349
-1.0378344254382634
-1.7458596260608825
0.7208690013937944
2.2909260426838918
-0.6711201132769301
-0.7120730748138188
-0.7280665043808079
-0.9359581376619213
2.4282987923462835
-1.3864781568801336
-0.6869935085368735
2.8254456897703277
-0.25169260147786177
-0.581991118772138
-0.6599090628824075
2.1409132906117003
-0.7752721460906287
-0.7513644313991209
-0.6049866367619671
-0.3919239930525229
-0.7041093465876693
1.494517585753296
1.8223756658573567
2.744543211346944
-0.45345933207225
-0.4557941261264867
-0.5148061172438444
-1.0390233384878496
-0.720336571176149
-0.5475372347842117
-0.4379604398706536
-0.4667149635847175
2.1998322076203003
-0.6680624531698394
-0.38059158170898655
1.9344094186835816
-0.471401860572707
2.4878042697167393
-0.1642908479218843
-0.3228717908281543
-0.5403188394451499
-0.4158153837037712
5.577062294591394
2.9957620224556454
-0.3709656191935943
-0.24052577181478502
-0.4536926026494512
-0.7059234296775497
-0.5465772031481325
3.5643821454371913
-0.34667715390737924
-0.25451371522634214
-0.29429693395168854
-0.7224603493018042
-0.5827202245569323
-0.8520984049836715
-0.8466652596558095
2.093976107212942
-0.8747579094732016
-1.0305346014093146
-0.64228223225262
0.7208385659423422
-0.668109757677806
-0.7412889922067085
-0.2593284160551962
-0.6373290535221163
-0.7339438190081722
-0.6870851674274149
-0.8733903768407483
-0.8355906740299472
3.1620942107804146
-0.4074350624723967
-0.8519032934617198
1.835277249654332
1.5360054198914406
-0.6854641444612812
-0.4836216243974073
-0.4406208156511263
-0.4976235100112679
-1.1969468216266934
-0.812976723692828
-1.2737871451576743
0.8549038746430153
1.1732970454585272
1.5138224750679314
-1.5285634541230506
2.0857897135658714
0.19993355631271123
1.5138960110094084
1.199806804046467
-0.6902183038160964
2.4038187895749497
2.7967304090290575
0.6732990125984715
2.4828726210357104
1.3609033522016436
-1.1701751810730951
-0.8700954766004154
2.7487827641871183
-1.483663342066544
2.7636808737380907
2.242934961129114
1.8351578425676593
-0.856454242973806
1.8084512839091216
-1.694853794662216
1.7901377026013503
-0.44513705011591465
-0.41342668094061585
-0.4870910023100037
-0.5385857827835638
2.2515537822945726
-0.4117954351977071
-0.8671151459506311
-0.31288005818354414
-0.5066768507781299
-0.2243672656200591
-0.28527217772767755
-0.48291464973249765
-0.3541617067889724
-0.5170451899707482
2.735577594116178
-0.36822308039898677
-0.20988362400100202
-0.44788547255011557
-0.5791311823898606
-0.5510162205160254
-0.36447810468565456
-0.32502430966825485
-0.24131742947647916
-0.33033570021632586
-0.5429488889148397
-0.45043761008977545
2.0881944294628925
-0.86885445951088
2.6258606593524436
-0.9735717459484303
1.6186634170743357
-0.5907831731292412
-1.3434008276850748
-0.6471635505752429
-0.8357867939212715
-0.3383820439152153
-0.7169609754494151
-0.7402349008451525
-0.7207181073009026
-0.9278427628103116
2.009376259120252
-0.6598545417698922
-0.3776065504734182
2.212043690861753
-0.9797915915159658
-0.8572298571780776
-0.7089032218447746
-0.5447970443630589
-0.4963051923098082
-0.5105779249513731
-0.996379919192745
-0.9132016885566726
3.5220657183051607
2.8830285313649084
1.782660704845025
-1.2420136858687387
0.9536363812948534
-0.9492366543515294
0.3885022823674212
-0.9181092127416903
2.274726321682103
-0.5552442459177063
-0.9157670555324868
2.2921314470705934
-0.8684103115579686
-1.0140269190589262
1.8601132508280984
1.8184728720549095
-0.6641326220647706
-1.0393612204623919
1.3242677265486213
-1.2427557539945417
3.235591437335671
-0.7336529722295594
2.063637558015379
-0.8342053055877383
1.0497160525989484
1.5037712860325512
-0.9325447310878917
-0.8726398247858901
-0.851929788327781
-0.985798759993807
1.8741481034641208
-0.632336463422263
-1.4926843838729393
-0.7735596949808533
-0.8876630286677009
-0.41867587448558763
-0.7117490811316993
-0.8840656302750491
1.90475785526236
-0.9827600709206039
3.2237879406237773
-0.8034046662980634
-0.5110606203379571
2.3868179029448506
-1.0814043876148385
-0.9668695614897177
2.226027994973218
-0.5782874270849134
-0.701349631686851
-0.561928778914918
0.8972571588556609
-0.8641062843135379
2.249805190017246
-1.4998202542041021
-1.5868769588064318
-1.7885967599153962
1.8063173633607432
-1.2986680518435092
-2.155927587623084
-1.3953913422720128
3.392925529676044
-0.7782797793177025
0.8672740951171989
0.7112858617148607
-1.3311944340005888
0.9921782544780047
2.518142109488963
-1.3797193538041312
-0.9304781111241647
0.9865801400845494
-1.7193609181488827
-1.5403408203689029
2.301611157055797
-1.0331681890214992
-1.0648910246431462
-1.0153557017850519
-1.77330405382806
-1.5126549191954832
-1.4291852984196511
0.8004584620097788
2.05338116194701
0.6663721378635173
0.5218424277536733
1.6037512800008709
-0.0356873944145612
1.0009290072198844
1.863465520958003
-0.6264913359641248
-1.1572631631787074
1.7131218255868357
-1.2693104677788667
1.6041636714282324
0.7894987198948655
1.4040600338310816
-0.8705290121760219
2.552421535831516
-1.6830167458149985
-1.4354747005616455
-1.2592077974685734
-0.9795350350788115
1.7727567545308873
-0.9609616920594191
-1.8765509683551829
-1.3350232656999887
1.8841707981759228
-0.7945256391737937
-0.8346810370484641
-1.0436555395542857
-1.1268989870616843
-0.7703366116146523
-1.4528030857687066
-0.6941236962242346
-0.9584583535236286
-0.3155028435296345
-0.6718977067036995
-0.8545938643024413
3.7759802059486143
-0.9354453378112935
1.792914243988253
2.0240104700472514
-0.47770141254859033
-0.848147198678971
-1.0368815053533451
-0.872803420759231
-0.7085376552299025
-0.5094556392187793
-0.5371985156061714
2.3988547948764656
-1.232910416858819
-0.8649725456432245
-0.6116913026571317
-0.5949428377430978
-0.6320703596536479
-0.7110001178428983
1.5902456329312675
-0.5813779453949197
-1.137851019206971
-0.49325136334424924
-0.6110146379004103
-0.29774225946689875
-0.4403865360118977
-0.646553844558743
-0.47601377810717904
2.5975766728050464
-0.6174451666420757
-0.48627746016145723
-0.2834010255158382
-0.631452401688175
1.9669033974331938
-0.8115089654097036
-0.5013235359363006
-0.406419340893044
-0.36890003454943043
-0.4294460310994338
-0.8574345707668481
-0.6943843393103359
2.75020680699244
1.6653940436920789
-1.0588846649934551
-1.1872541561823187
2.83303440823334
-0.926124072674354
0.44295703032688755
-0.8533086331212264
-1.0323092599974686
-0.4977310579995477
-0.8335731347856685
-1.0404269830664392
-0.9568133858167043
-1.0514928247633866
2.9760143415217133
2.721030090298044
-0.5980678081669992
1.7470831669488407
-1.2259358394398392
1.3705350305537183
2.3157206776883
-0.6608840799411296
-0.6308289993294607
-0.6589563725881229
-1.2473383136627203
-1.0142592409928979
-0.6346962768717231
-0.6041035399258368
-0.6381198445358829
-0.7098921797402133
3.0410947491324296
-0.49400650592942624
-1.116984223815468
-0.5396294174230942
3.3487557252423508
-0.23922725841039855
-0.47249502287736345
-0.629641533747815
-0.5454819829507888
3.65994173478121
-0.7164831849470168
-0.48557775967132477
-0.32994243979963944
-0.6374868223056034
2.1385903705269316
-0.6987351472477976
3.9235058232954896
-0.36595371919637654
-0.35137123104991863
-0.36429851238338035
-0.8043093401872944
-0.6144874943666306
3.6974849823078904
-0.9005333807508765
2.7104672127118
-1.0019842252009177
2.1631370363347124
-0.71122040829969
-1.4535752637281354
1.9641930690223042
2.1663858905115836
-0.3341414116436911
-0.7051416582107416
-0.8179519837442559
-0.7752391256532282
3.293642249137494
-0.8823207355940763
-0.7913241051420543
-0.46677403060544675
1.7815976798465885
2.0840562456198537
1.0574157506303372
-0.706884966495764
-0.5600064479106392
-0.5475184648695389
-0.6011918566974123
-1.1343104965411115
-0.9370566438240306
-1.4317488793290436
0.8882416239565032
-1.413667677200605
0.2801315187249094
-1.7215288360557714
0.9983400843082899
-2.3921192145804397
-1.1840829365775283
-1.3821612090109126
1.816540473567493
-1.1300068705238457
-1.2847846429649388
-1.190978406735417
1.252093484539898
2.268069656718273
-1.0965536523386268
3.035932597090919
-1.2816554666685327
-1.6575721918090927
-1.5502729898604939
-1.3848456178029507
1.3002425987128192
-0.9531017843778516
-0.9957627687862024
-1.7116065494481363
-1.3170994214117062
-0.7564792722301026
-0.709764253945753
-0.7488795798717223
-0.9162074006963515
1.9966157703221992
-0.5458011503246815
-1.2752423342595098
-0.5462292006052769
1.8618785096405972
-0.3433648683451418
-0.5694557715528105
-0.6524045845419144
-0.6022383498602021
2.002353420524788
2.3400735939638415
-0.5735208615339092
-0.43258581674444324
-0.6785637017705519
-0.908144960903776
-0.8264388583037796
2.1212555990846997
2.925545529623558
-0.4478587718036531
-0.5952522705534953
-0.9307325482182713
-0.6860531341529301
-0.703136592777486
-0.6796093870730627
-0.6006844984011493
-0.7556545364309543
-0.8561249373105794
-0.4640366090215722
-1.1994439289499015
-0.48861553882880304
-0.6012504688264468
-0.2852803176462473
-0.44481638573149485
-0.6294076482292575
-0.575320113796594
2.421468045450204
3.0302191213400906
-0.47717524294312474
-0.3259354171344573
-0.5941393627241301
-0.7419146638484104
-0.7110068156648668
-0.6638885292636572
-0.41257147382191894
-0.3808861027867595
-0.40855554811569567
-0.7717964726081337
-0.5246868618795293
2.972522825130593
-0.47949760649367656
-0.549167734666449
-0.6153546572279482
3.2323189240578962
-0.4044929511184985
-0.9226645578533581
-0.39409309642140755
-0.5409163261120151
-0.1794157749464253
-0.3303312950155448
-0.4795467062681075
-0.4016468017772882
-0.5223832082763713
-0.4757737290096753
-0.3782131123821182
-0.27562972598400454
-0.49719566193953374
-0.590007109520783
-0.5584578030666519
-0.37023732151581923
-0.33514272199634365
-0.31536265184464407
-0.28752008077783014
-0.6928278239598646
-0.5638856850592758
-0.6518604947413046
-0.4768922930127556
-0.5525936826379769
-0.7371319500405904
-0.8953091905580081
-0.5334624732410639
-0.9744175616352533
2.8783827714551498
-0.5811504234231838
-0.15293811522530243
-0.40566664787101003
4.675464376404179
-0.4436684832742098
-0.8129516045280801
-0.626644882698094
-0.4177217453788604
-0.30125817758282025
-0.4846272440912198
-0.7125947937150195
2.3553257915685823
-0.4733862657012468
-0.3642481847593284
-0.2464178839735809
-0.34934349966533895
-0.9042083863422261
-0.7051295427683121
-0.8264585632861867
-0.740580714107504
-0.6833048627980308
-0.8881314091683491
-0.9574452746718836
-0.5644546305244625
-1.2454984175986128
-0.6196032380963613
3.6108757066893142
-0.24210643618533084
-0.5931636393604283
-0.7735155628803403
-0.6423363913080761
-0.7539742949531301
-0.762002203261487
-0.5709518611477478
-0.31961918298811887
-0.653185887963267
-0.935687789357825
-0.8119358740190987
3.306705539996109
-0.4698145875343812
-0.48089253014226807
-0.5360925728811947
-0.9902699711672842
3.2481504795754272
