-0.1350360392231913
-0.16981007904105283
-0.043840493463176367
-0.03710461011289873
-0.04001825982152479
-0.14420787987047456
-0.05900286529750293
-0.06582812538639957
-0.13273883994660446
-0.016482446200399056
0.07665102543651331
0.057420225554982746
0.025383917814380097
0.05866542504392547
0.0652077616702458
-0.01805549111679361
-0.24453689289288316
-0.009672948398637526
-0.010303803349389906
0.07968854541842155
0.11663939664426026
0.08007023667412183
0.046756137788123056
0.060868291023576326
-0.2939159004989336
-0.01115596702268317
0.09114344114695547
0.15834866716389084
0.1927752231617771
0.13806923413236508
0.06000188886612037
-0.0676484979508854
-0.47705002010457753
0.142497481643924
0.11336038765655125
0.20068092558542616
0.22625063928532108
-0.01627425813997535
0.032956390916024036
-0.045482389894691166
-0.38526576645943783
0.15278881530333305
0.15203822145969514
0.19996897185492274
0.11574987256434913
-0.011361668561425453
0.03181609554569026
-0.09791325209613393
-0.167187450656181
0.00914540544256981
0.13836847958238158
0.09536482276275632
0.02684291773500097
0.07117822330098728
0.10259481116358327
-0.07584234135913132
0.2317656385087063
-0.1826487605829304
-0.13121284092913096
-0.07190734703705831
0.17590983510001046
0.28342019987058553
0.29818637272247106
0.017176910854704575
0.5499637653510434
-0.21345911682808072
-0.13354162447725587
0.16326373082772178
0.3812041271179725
0.47466673635747164
0.47699705713122104
-0.016720034634769676
0.5816010755034906
0.012699017978217736
0.06083215817977483
0.11022710593412208
0.356701597017271
0.5632868070464687
0.3691830220658907
0.13468595962900864
0.2795335808530137
0.011787359201085257
-0.1430241005240001
-0.1325222218623333
0.13058840681392037
0.18638002946634108
0.2019695234801267
0.44466304714731564
0.10980796315965669
-0.02633869613277451
-0.1328402297073244
-0.18056523512733602
-0.07496820231898907
-0.06436198728930037
0.13965349231366742
0.38277241820484775
-0.029161672598077393
-0.20832944564354416
-0.07562229879152496
-0.22451648374503172
-0.19912143574845076
-0.22234763967064985
0.09586973858208353
0.33827080422798594
0.1536270754343828
-0.023296931997150466
-0.05721628813889895
-0.265744370826533
-0.2808572673123575
-0.2812994026974023
-0.01922014306132966
0.2501203850009831
0.0693165007843343
-0.06760052728487354
-0.10119458823882471
-0.1882945672221571
-0.33020339809593
-0.26321185811649994
-0.22070282067563485
0.0676085460358592
-0.06336259970838642
-0.08087516727357982
-0.19689016269965542
-0.2785747158854236
-0.3008367291480931
-0.2530980243153205
-0.152278723584241
0.0007423548516665712
0.12541545221704323
0.05468257249870748
-0.12396972657462638
-0.24930337678693928
-0.2646873410124476
-0.38211993813747264
-0.2679687882431042
-0.16214785894157238
0.10720451918392399
0.015194821430516647
-0.15065472052324747
-0.12599986504927507
-0.18131629896938095
-0.23714114839921757
-0.2209895865483975
-0.17545553314333143
0.10404030468898498
-0.02889006821721632
-0.1320342182262049
-0.14588919782266396
-0.13475577022427154
-0.1937070820392844
-0.249361296075509
-0.19105997120103385
0.1341066165077069
-0.04720124844332496
-0.15945954267102622
-0.13311209678742042
-0.20211061221708704
-0.21980993703538024
-0.20632000331361067
-0.234661364880974
0.027187866612510214
-0.10093285640253119
-0.12820720901754934
-0.10431194974949454
-0.23093892605020305
-0.31104853692018153
-0.26635075241240314
-0.32417700999862964
-0.026652336813595308
-0.142589673718724
-0.15802243173910596
-0.15077815715095907
-0.2515533601896736
-0.18764708359201002
-0.24269249079750066
-0.3864174460626099
-0.14342690823818383
-0.09486210805876105
-0.03480253074396078
-0.07890832932954989
-0.13411683274555608
-0.13550418682912133
-0.19264528306853623
-0.38306187546836756
-0.10200397999505922
0.023167802897964884
0.023699245841375297
-0.013335711022957664
-0.15744937173326057
-0.018226419371465796
-0.049597300556958324
-0.17395227359767734
-0.17283957414056383
0.0628707482026791
0.06304613892383795
0.027875591900617835
-0.04985433067132611
0.01223801995521101
0.08139549621881156
0.17527922090201511
-0.16493951960643569
0.10036629479348863
0.19046682669661208
0.12192021046574492
0.06529709546585138
0.04770590715959039
0.0676692332343014
0.38781214614512116
-0.08193507680187997
0.14523219314902613
0.2692792480074989
0.12973353830683887
-0.07665561807425336
-0.01249268412892729
0.18211033501941265
0.5245090792504854
-0.060700430242493664
0.1839874959242019
0.2592026916576534
0.198487819232274
0.03200999264481855
0.08008370070786525
0.3653283818499459
0.5217369642671813
0.018155821779252013
0.22544130663942546
0.2534270842647269
0.211516422021303
0.06798423094381177
0.196720735743794
0.3176304758092881
0.33392968037881215
0.11746559672415124
0.23557655907956368
0.30449651795688965
0.10235619118833075
0.13631517467989507
0.20358358156140466
0.2845441790788649
0.21635416531909737
0.1953249589696298
0.23988571612673498
0.2575732964065824
0.19835654554231794
0.2862851846333128
0.2289385583802592
0.24515039110870568
-0.013474057391080214
0.2094913254475672
0.4109128171845761
0.39535606876015994
0.45299497070226513
0.3988207340837011
0.20653623588089504
0.04012535021129088
-0.18608912373828115
-0.1382051673827249
-0.132522696472828
-0.1236025922069483
-0.05000053187354192
0.03231810857613859
0.053154398961645144
0.09051726461966386
-0.018172385160926535
-0.17734766939422222
-0.07380080949509493
-0.0356350128527525
0.016481002818927365
0.03385995084867713
0.08508277223867472
0.060011325296611295
-0.011135804147010042
-0.2619019205506797
-0.16181262130065371
0.02043134369565773
0.06167997200391556
0.09078604005067753
0.13419078702956228
0.05128947536333611
0.028107295812333878
-0.27847424041927116
-0.04278917627127532
0.08110218209729836
0.02570134251386924
0.11231184503681041
0.0012870501282039037
-0.049179078138102406
0.004090858885218651
-0.2562362332566162
0.0011228369494618862
0.13983129840510516
0.23718192900253132
0.12119608918530445
0.020723567654703845
-0.055706640435637625
0.0003041068776787337
-0.12362350035672134
0.15890760427612943
0.2571843883377642
0.24591074458168685
0.012359350668655122
-0.12615159011433885
-0.21327328984885657
-0.17841510547491823
0.1903347197606326
0.08607064862681252
0.007738072741819535
-0.29825850554313077
-0.37521402502724444
-0.31155515260374245
-0.28198314460617996
-0.5014079996339815
0.5797642085042675
0.0003812494292703139
-0.4370261915619992
-0.6036213919581281
-0.44087292735488914
-0.381063709642364
-0.29563100596072417
-0.6306090384763436
0.8547146091334997
-0.17191336574394456
-0.6103044824231236
-0.5640398500559556
-0.5380566412656396
-0.4439378218886117
-0.3578250640880345
-0.3931444918029019
1.0015310266407127
0.18426151788537426
-0.28560028660419157
-0.4284735965959444
-0.40364903352146886
-0.3251843951726875
-0.10647504712601807
-0.14386705039601166
0.5160700293561497
0.1647406561896079
0.08237717793655727
0.026083320525099235
0.03670027543479835
-0.0069217809780683925
0.03634274736297399
0.025244260777471935
0.19326343836637774
0.09105961901021205
0.09712283725074256
0.11104521106675924
0.11348328571266247
0.0625993288606552
-0.0033666562301346015
-0.03806072226923757
-0.05390775984618629
0.11144894049541465
0.15214635047347208
0.10644994329529986
0.10462838340023617
0.1635133068445025
-0.0029929885590622707
-0.0601160002547297
-0.1334404815049015
0.009031962788249692
0.11858419446373111
0.18634937304852783
0.12109803302915392
0.11721378271501065
0.022117782414103615
0.031212724103549694
-0.15654861469889178
0.03441031194712077
0.06430426607988726
0.15497866171574082
0.11582022528968366
0.09992900238881555
0.0697170045169006
-0.04453088918406034
-0.150357362384933
-0.0747586521325237
0.030751453610001422
0.14820050421393371
0.187782859858112
0.24030350478759865
0.20582905911453253
0.012154105563800088
-0.12124988874137672
-0.1837875179492141
-0.31833289400152964
-0.2591030846197897
-0.16369881638877715
-0.05408181657212002
-0.17775693225370195
-0.09823550697482399
-0.12150834904322828
-0.16827207353422238
-0.14993206740813053
-0.11906398601547945
-0.1326719342398165
-0.01859421906286754
-0.17161488845219347
-0.08498028451773176
-0.1153300302704655
-0.15536170355216364
-0.09859350072614251
-0.017609687868993085
-0.06165184924750575
-0.1107302015523502
-0.14917430541630855
-0.14363589519700137
-0.2746254072381028
-0.23101576397089688
-0.2343877815218956
-0.11607106173665227
-0.05556425086966792
-0.028123552663933626
-0.04830980993762565
-0.15286772641486512
-0.3670956761583548
-0.3179118289122861
-0.3166509735664507
-0.19764027248852756
-0.10749128715876054
-0.00683418468227337
-0.027831727778956095
-0.10593675075360454
-0.46624632197293026
-0.28679481898043374
-0.26448140647364493
-0.1896493076454927
-0.0699558932191422
0.0877707293768128
0.14759856180411352
0.01191877738523095
-0.5170718621555472
-0.3304087026480226
-0.2938321196146805
-0.11226379756915317
0.030515315421835998
0.05567500753753096
0.1804342417926392
0.08078204204614217
-0.5286973314743749
-0.2459269822085116
-0.22561820230912966
-0.021247007675595314
0.05669135619670784
0.1857576517100181
0.06001485302725976
0.12836386815157846
-0.3473263586965879
-0.04339443916448488
0.018849828365976262
0.0113042641667922
0.11311360035963022
0.26102433858600016
0.0005886948968838457
0.1274042457197333
-0.041767309335548564
0.09883292463481347
0.022765166957695204
0.03392982514946786
0.1964890994301906
0.1961619903247493
0.1804681764335968
0.09546729532592202
0.1794115184307502
0.056407225844397946
-0.022174433937475757
0.027322967267251086
0.3289219495537511
0.307178404292869
0.2590022680499803
0.024049684979515595
0.3662725498659099
0.21899327388399822
0.12551700259123139
0.1049170119880031
0.2761902274388509
0.39662400869662257
0.20827510000036037
0.041219229751070036
0.3925065874879392
0.2941319715732643
0.11856611791840865
0.10060336094534145
0.12577378347541157
0.2714873276355274
0.2538669715031984
0.213228285719827
0.3746728604950486
0.2817539598571337
0.12285146736124146
0.06543999351030017
0.19483038540940378
0.33814626622541494
0.24608538240752625
0.23579635331300416
0.23806371656772923
0.34313679752065246
0.16379620018774016
0.15138871569338042
0.14065186906418875
0.1409861575135325
0.26490366831138296
0.2275748487723782
0.09601405589845846
0.29175275267972467
0.4002378587348672
0.36478259720083844
0.17163542581501606
0.00605135179709515
0.09893440445972634
0.2120988639625198
-0.1728783944500603
-0.19715465202893556
-0.14566896503026955
-0.030548875102825196
-0.055647549172415794
-0.011053311511241337
0.06230775398195085
0.028804620427336003
-0.23905875884740635
-0.1076560766349896
-0.05959598648884856
0.10233692602512379
0.04773122737006519
-0.04582517762389465
-0.048519142234263346
0.016012480794796086
-0.2513723263422851
0.03238063485703435
0.0057001027791546005
0.07264106059153239
0.06676095182868197
0.028806888930597685
0.06691729241838706
0.08560558401479795
-0.2195803390516236
0.11083625130959146
0.12545933500161927
0.08310637504724
0.09678317399619424
0.11446246753253031
-0.02495544994724047
0.15945516287976275
-0.19366745906728933
0.20762889678175306
0.13989517276251306
0.20222252400616592
0.18194667777598994
0.07207799865679998
0.06780137892468946
0.25702949781992557
0.17537881149282125
0.2841713777639357
0.25422638154560784
0.13471449086232107
0.07252325722267733
0.047964956815511606
0.06422961942538896
0.20151810214626906
0.3590624527135408
0.411174100007575
0.2486819540840603
0.20027218995926743
0.1825095166967823
0.12100563999226518
0.12456130315472796
0.1159868413021505
0.641169405552502
0.43282435161318245
0.2829056841018665
0.09552915445654095
0.18309965274486364
0.17598088857889088
0.11075846548426699
-0.38673964894944324
0.7391696369932701
0.4425073714524357
0.24179527635180192
-0.002670120487510681
0.01500389090968305
-0.1016608289302458
-0.4284685766199552
-0.6886544753276858
0.5378577973800842
0.21494881006820224
0.047431491049022056
-0.2739383455694945
-0.39535025967768067
-0.5420616892626421
-0.52827119261371
-0.3671392535726954
0.28401555823521674
0.14653905178376941
0.10977491993645455
-0.017083896314923797
-0.058867249539334365
-0.14929541167333027
-0.12080332741687061
-0.11988681636667692
-0.16080462141492274
-0.060361750693706334
0.05481625421530795
0.1414621102064207
0.08544794398111549
0.012970918357500638
-0.044317650498838235
-0.13719468581069996
-0.21316546139520215
0.018867667104338126
0.0011370199569668005
0.08079491150260609
0.09649186502074264
0.10112561410546977
-0.040144192850114446
-0.053331449224724436
-0.3321708396596563
0.007392559505831675
-0.030471926979270036
0.07728775432575324
0.20379640050225512
0.13688745319667817
0.08799041866611576
-0.004698733230876995
-0.2452134233291593
-0.012675705137060067
0.08053114191669364
0.06662603055285332
-0.008062549578011719
0.17545379457342927
0.10012615759203494
0.04029297029343448
-0.18579440004803047
-0.19303509445046121
-0.09441503884478115
0.09907684307609665
0.15146084672488033
0.18699087996611058
0.16280761907850222
0.2037157427120256
-0.06134302388129648
0.01719822276497479
0.08688059890038624
0.24210761042709478
0.49438045858014423
0.5621374774230109
0.48616607299036
0.2711808253019056
0.0012842072759175482
0.05139712040097434
0.15897115214233526
0.1291913941938857
0.23023672597252598
0.3650929433749237
0.5059534644088977
0.5156199633831462
-0.00443571370442486
-0.005771667103285472
0.07406970559991954
0.19056610730920698
0.20876608313503142
0.22905718029505528
0.4003872609184046
0.39884367577084867
-0.023402737451664435
-0.038065923721601225
0.07393869768847067
0.2022998370726955
0.13222666167741332
0.10720273571813127
0.20414002457241842
0.29668737746702395
-0.11456936048394495
-0.06623728197390438
0.08245403675854232
0.09071772474095728
-0.019546516885402487
-0.2268663234780545
-0.106680957634121
0.06717349122133257
-0.09030487409569027
0.022769899989258657
0.022852953065161108
-0.06280270404264127
-0.18373852602049445
-0.41698908744459656
-0.278447280258887
-0.12612170960978625
-0.16929035986124474
-0.024443044175893158
0.052426286941562705
-0.003842836797815774
-0.18643108416822213
-0.3441925083732864
-0.27803235638137574
-0.24301222702967504
-0.0643414914895511
0.14530585523863285
0.21071698409318954
0.21335886740276463
0.04159079870866492
-0.015515467031271879
-0.14882486763138258
-0.15864998746358694
0.17243805103686582
0.34733151528097267
0.25648547995537546
0.18064179264844277
0.10039145113618814
0.05988294824562737
-0.006816430365561232
-0.13829927806807288
0.05646710888648693
0.22777707146522663
0.1724700137210945
0.2557033150039024
0.18574377797689023
0.030035063632050198
-0.21641529599557707
-0.278592165816723
-0.05792295455674279
0.12274517610007035
0.21843198722602847
0.16262114485789914
0.1718342243851037
0.00330024650740679
-0.16627715981288058
-0.2538036827687469
-0.1329880108319551
-0.037500515563432146
0.07302086279089248
0.12843836391859864
0.03911031128135112
-0.14811951069259893
-0.20535271535622884
-0.22584301597686
-0.31066861962391457
-0.1954159484710694
-0.1408443498074689
0.09291929994943128
0.12700002835104773
-0.11876122862109975
-0.25813930609947056
-0.21364578320671734
-0.2383937001320495
-0.2384509799484566
-0.1827837835142752
0.08049440314212619
0.04056712225925549
-0.12597285552633045
-0.19198024782038464
-0.18566094499241392
-0.2048589155878833
-0.17140032688366474
-0.20092566752001836
-0.04303140033809438
-0.049019142896986556
-0.04782527370727274
-0.11526790095748474
-0.13962156310028
-0.21812204890224218
-0.22545486078868843
-0.1811233250768971
-0.17921530471357144
-0.12975794878625263
-0.17462207147751554
-0.117811347211222
-0.09761199320555891
-0.13764934394045908
-0.0644124942872045
0.12033992130103902
0.22962108034789863
0.29071702555348566
0.13036157545180888
0.10266933594081112
0.04296711176984297
0.030669558737655346
0.19551794587902704
0.2379026953607851
0.14985726888263157
0.08827125593740588
0.054687295200889136
0.09995246837471566
0.17350166667091352
0.07997372679446611
0.23191376773196576
0.27433590163698246
0.18769722344531867
0.16855402902249794
0.16446033119931064
0.1027474466326948
0.09758798284258796
0.2251207324333992
0.19331774921509434
0.2887232734197347
0.32397757557109436
0.20454787238931899
0.1945544683473161
0.09557774575807065
0.059644748581458185
0.10724592732349136
0.1652884115081129
0.24414975535486289
0.2528055107599824
0.34389329774126864
0.368090278828447
0.10594827387430572
0.06852503975777827
-0.1100027302700852
0.05873064172054959
0.11223473350684887
0.11062500107083645
0.235246241320705
0.36620301355691076
0.35586223562530106
0.10557375473782826
-0.1880205309647905
0.019395857300522956
-0.08479424023342884
-0.023082868008588914
0.05786409717833925
0.18379680386768432
0.3084154876090144
0.1752654387195085
-0.4588509734390096
-0.27235044417132315
-0.17430906658885964
-0.10382045578475313
-0.11134068552827323
0.00526797522129472
0.16707959409389217
0.14830927248626
-0.45359911191732666
-0.39712541947620106
-0.09723099591288753
-0.2649597407787582
-0.10470825476881215
0.1493014347354389
0.18163721040263608
0.1961464237959801
-0.3491759412522385
-0.34458203447455654
-0.1718604075099902
-0.0959891076809028
-0.018145975003646564
0.17080362881329528
0.1819927390739439
0.2252514729177375
-0.1123747240947533
-0.226582358133936
-0.23153237535991963
-0.21742482320964554
-0.0818633507115073
-0.010398063011401032
0.12936768237100532
0.20186112559973848
-0.005925451248709079
-0.06712410501961946
-0.222491841021922
-0.11927584890465381
-0.1329595211482612
0.02832442987461334
0.07975797638014656
0.15568685535911858
0.03811382611301431
0.025395460800618386
-0.035311406085376584
0.053703393740205274
-0.020042629010585594
-0.029898798781096803
-0.04834921261640868
0.14752626749796316
0.06776749117678987
0.022292441729700185
-0.021641108693133626
0.037803161036783994
0.06920243413020882
-0.07253597123424471
0.08046167284361189
0.11078395671720312
0.03209507337820269
0.1286312873041592
0.0813877210166119
0.11954754351457092
0.05350022697367072
-0.08496472370580045
0.009696758140718909
-0.03120994608397243
-0.015586770950965584
0.078776119926485
0.17136468334698357
0.2739172598203096
0.14818279541329132
-0.033681018057666864
-0.0016452155963704862
-0.05889262579894039
0.13998628498250884
0.11835097398792453
-0.006431405753650227
0.011330036354680606
-0.09050090893020965
-0.16004932076253311
-0.12743942984697532
-0.008232199091180115
0.1773169203572279
0.05947159944030578
-0.04018064047572312
-0.05270062225343647
-0.1501297079013761
-0.09596756945745555
-0.16362753128344334
-0.08951934095685585
0.2439630815533405
0.05171601460386577
-0.12746460206679733
-0.06914714009603753
-0.19986318927381805
-0.14767665992261192
-0.14240550704038124
-0.08908639680774488
0.23928523117266395
-0.0901480476113137
-0.1213870054178752
-0.14110857299455323
-0.19909899104794065
-0.17324219094679214
-0.21392771178931475
-0.14935926217575868
0.16028936311683184
-0.04745684937555167
-0.16020271939437314
-0.2502668404993344
-0.29589537758758455
-0.3218022479504069
-0.2754120813435543
-0.23909126744803572
-0.020003317778925722
-0.033411569687138654
-0.13812856956194483
-0.21254436213650385
-0.28186081245864725
-0.30667430377098004
-0.26469069250209193
-0.27852808254511063
-0.0629185457705751
-0.05660905869306648
-0.0772495921511881
-0.12101102834265631
-0.2784095713260854
-0.27772482090209055
-0.18679832496333254
-0.2556502868057018
0.010404187034568108
0.013455010794067274
0.00891093478468797
-0.017400640007228185
-0.05127164581271468
-0.05339651116383404
-0.026217467733015642
-0.16582587817403902
-0.05363525240918132
0.03768235579237561
0.12043190108927238
0.07917302883972904
0.010683027897588904
0.019319040116034414
0.16470636245164316
-0.014527369553906821
-0.08771636698727282
0.07707180451088622
0.2926954304778214
0.11801623457938773
0.0757089561664272
0.07724568465522227
0.16401522822245293
0.09370261142889846
-0.08134652820022881
0.17392172660175875
0.33173006520498
0.16269243462349053
0.1635190089508515
0.15580461661386236
0.2540848847876147
0.160733489228673
0.00308247350273394
0.366398825408373
0.3370912036722489
0.20386441926198928
0.07834235817898327
0.0749342013962031
0.27415858224430834
0.26534759732612456
0.12296345273680168
0.3525208972501319
0.25392920769427285
0.1355075791061393
-0.05057990356179093
0.024423748258191325
0.27756261223478945
0.3167459353088712
0.21951070047526328
0.33280834879075244
0.2293393806942816
-0.004221767461277559
-0.2343562239547775
0.01709862895232306
0.2768292314305107
0.3255720219122717
0.17920068996196803
0.24731588157654544
0.16866028437068786
-0.13422091084232823
-0.32288708248901987
0.051821247727574196
0.25267787834261424
0.3069270444374073
0.11114148957268061
0.16633249214321605
-0.04202380303417419
-0.4113397487673983
-0.4376031146771342
0.06313156514039736
0.3319301001777852
0.3796391828364341
0.25643458524517115
0.6313762408373443
0.8176128651994972
0.5842242461735778
0.5542894126834672
0.541210835885568
0.29139329715247914
0.1287155482864098
0.04938320098414223
-0.06920460843137421
0.1506922500734194
0.13929186888467907
0.2789906987795897
0.08182802371607834
-0.019215871110144833
-0.12825240052881964
-0.1888680123773089
-0.33020294282880874
-0.2917272091356785
-0.2911809166382932
-0.024927215764992475
-0.16983975651773864
-0.19310482408389684
-0.17223233498518845
-0.3041181109200963
-0.4432058590122451
-0.5279387092843009
-0.5637380245127044
-0.4285352574189635
-0.4138843465456435
-0.3034128542519524
-0.19548905276326003
-0.35680726644534466
-0.47990466039094276
-0.495932349255414
-0.3834323334446729
-0.3682856292023746
-0.3142521361571219
-0.181724697088135
-0.10630142660542413
-0.45057282533640336
-0.5390757321770057
-0.3115509335808675
-0.10654284947631135
-0.1346496026785973
-0.23628241729612717
-0.24511173636163902
-0.21562041009634167
-0.25384426810104177
-0.2569713549730997
-0.16309454605541698
-0.048875798626997924
-0.019133339015843326
-0.11159720924057098
-0.32529494842193596
-0.24349273988106546
-0.18106482930485723
-0.16937369038136377
-0.11398097493877307
0.08631853869802375
0.24192316278242876
-0.11702495169823635
-0.3191857390640209
-0.2236013032956029
-0.22772930740273878
-0.2629115005645858
-0.01652036953123138
0.22244413041777372
0.1909074106624506
-0.09127504298711314
-0.2298865879684143
-0.11019569779805621
-0.21617292767122964
-0.20206159472561253
0.0750804232288213
0.23421155693395707
0.31762171690468893
0.09691646579565211
-0.16598016983882974
-0.13460431102432993
-0.13062169634159893
-0.005403771833108334
0.17363182252207685
0.35013937178082494
0.37186143252007736
0.07839048476680005
-0.2364147872334641
-0.19361743031604478
-0.05013490533041681
0.07277401731600147
0.18775836861663536
0.4129735642080471
0.3814041016940827
0.24615455856436091
-0.13638447859029057
-0.14744535989508334
-0.02679176071620437
0.09501037688417949
0.31821222126890547
0.45847636970131317
0.4247014828460335
0.29141085469044764
0.10485062484495927
-0.08230466366869266
-0.014885984624540494
0.1367389387444845
0.30939777527742224
0.3884888082680367
0.43345771080831164
0.2829055983983448
0.037981403569305155
0.019194757856162703
0.027232869460779352
0.05186178212200885
0.2198859137729715
0.36850474592887916
0.45010768754148167
0.3169055146331098
0.1770940487606284
0.13257347620868343
0.13900628214998467
0.027078993464846945
0.19329598111619645
0.1519361707433296
0.42079970935638006
0.31955234220298934
0.20155348226341063
0.18330910878621093
-0.007204104634002784
0.006773753087458534
0.04162606130866342
0.07534838292087837
-0.008568589640310265
-0.013482646987168445
-0.011905021144156407
0.015020330906617085
-0.04511443469043189
-0.0861948912427245
-0.11751345812708808
-0.12794661361401255
-0.10776995685246138
-0.06466468501762346
-0.03978130655890372
-0.04405759128134451
-0.09849270483830791
-0.1402476617499924
-0.12754748546512473
-0.13005337513817714
-0.10923746117986263
-0.13030442411429138
-0.08072336119458898
-0.06454314126015037
-0.10415206668383659
-0.12504435510116574
-0.12650437952843988
-0.08227211995131051
-0.07343779682138674
-0.011319649083934524
-0.013011958312278193
-0.0756101156177621
-0.13297980190835657
-0.1290888541214441
-0.1271583969988925
-0.04083114413583544
0.0065298030300972865
0.041493061153556166
-0.042653940957976366
-0.10904186237920788
-0.15765537280294295
-0.15342642758141312
-0.1257871457156779
-0.05626232937909731
0.027952547471391503
0.0357223615622716
-0.035482778393174895
-0.05428038757670951
-0.1966279606945445
-0.18069125022345217
-0.16032926595829786
-0.04827760928329694
0.03782019333046866
0.07691446429003279
-0.0006502995423768865
-0.03414999082915182
-0.20644879433896168
-0.17232619814578376
-0.18089312827258622
-0.117408470632404
0.017555777957265428
0.09504638510424462
0.030795065533929467
-0.03629111948277339
-0.20165261596330153
-0.18481781498526906
-0.2071846946696313
-0.1680846344668528
-0.008488264667288858
0.12165748073861316
0.08941612680183786
-0.026619233499315165
-0.2012438943964283
-0.16778886729691966
-0.19386874654593855
-0.15648206060440084
-0.06781530783925649
0.1216568812707203
0.11966080532299796
0.011207221487966976
-0.11500974562898639
-0.1264532547483576
-0.16275391835547004
-0.17557598088257936
-0.11068432579676903
0.09449852060914243
0.07603807997160592
0.0336649644069479
-0.054462928216262724
-0.08714278948117765
-0.14855409580687728
-0.1547977865556262
-0.10607861013428066
0.12480795522311156
0.13953124046398302
0.09619403934453251
-0.027791952477950216
-0.008477090227709982
-0.037820860237293474
-0.1268246415990773
-0.04983665572962396
0.10492213810671502
0.14635619017512694
0.10199681992639975
0.019393369096356472
0.081207481829563
0.061749538124705385
-0.049883788896067704
-0.05747493374703805
0.055614069022569323
0.1555384260424052
0.11321924639437769
0.0032689324281658747
0.10247326115469546
0.20581246979388484
0.1754808108947918
0.16612438453381337
0.15517599294844425
0.24331182600836138
0.09852971419320544
-0.010699130129591755
0.06167276979321129
0.27561077467095635
0.43493201082812755
0.4622663847919833
0.3170043624835149
0.1889679969280427
-0.008561510955380769
0.10887998402163307
0.054461335951627665
0.026919286213026528
-0.07163447359981268
-0.18655167992806804
-0.2892150265897903
-0.23974775333348508
-0.20024135999492132
0.12632168445266995
0.03985803808377125
-0.05219839956175748
-0.09173201004009779
-0.17898049742415695
-0.25474080075788963
-0.18021573365078067
-0.15945474252060543
0.2630967338850348
0.02881011697476832
-0.10600063307544977
-0.16632449198533228
-0.2635110300316604
-0.23494192065466601
-0.12936860809805145
-0.21294000026012722
0.23028755786436927
0.008299047540224425
-0.14296263450677194
-0.20893387862367518
-0.20832326491068495
-0.09495877711373729
-0.18524271025221545
-0.30958937673909903
0.21264403484762967
-0.03258015588034094
-0.23853054222388181
-0.20471726783920569
-0.10234939774975232
-0.12632385021251855
-0.24964522785674814
-0.35384395597895574
0.05910590620941185
-0.03776590953717446
-0.08435570417885171
-0.10306963715817855
-0.13018138455305314
-0.09663503006130303
-0.07153873840343825
-0.1538702505981644
0.00962098811561014
0.07291784111283778
0.10260094787450935
0.07831708996892132
0.014292133735745671
0.03913049226315801
-0.027963143658976952
-0.1615580255996487
-0.04525111259456156
0.16293136860232177
0.19841473865051534
-0.025591803816069916
-0.11841321942786218
-0.06014173181228574
-0.04624445771222174
-0.1501719725815612
-0.05720218400908167
0.30782210820892986
0.3347816939466461
0.013588027687767568
-0.010054898381401584
-0.04318208471745376
-0.14980418406882945
-0.31920719373771933
0.07351080032274722
0.3639583771276724
0.28358779043521787
0.1386692357864986
0.020459602923757425
-0.1049323071246091
-0.20976927700652884
-0.3727348010881071
0.14537919328901183
0.29780263883106517
0.2844817826730677
0.23495839345948646
0.14789012724918693
-0.01514730516029833
-0.2323243217878942
-0.3533345192075875
0.10227256294791304
0.3204313148652179
0.29774871263508784
0.24814625803426293
0.1889213129850606
0.07777470004744293
-0.07702489068664595
-0.25853491835517495
0.2760376921072168
0.22034803562264782
0.16287477168510658
0.1369834246449888
0.14826347884921431
0.10523821394535571
0.06998384804237234
0.062118464841717014
0.28169454280489126
0.25192827656005984
0.06784619612326359
-0.007072789030199367
0.1561577434598574
0.19075501040199183
0.10621111703638736
0.17425005785389408
0.3452000465011784
0.1190852220256099
-0.012073748040988319
-0.036914382473946405
0.0037402245544183033
0.10822562810598355
0.14918728677568271
0.20262129219263847
0.21962975010649477
0.22679582740933857
-0.07640302637873603
-0.19688116319286536
-0.2391606317629143
-0.05727595214962783
0.032847365778247935
0.12677941232446072
0.1745369603184493
0.17094306895502295
0.31751003649826504
0.08031319890971234
-0.04604466657199513
-0.020319250027459962
-0.14764783056177033
-0.05620576724949461
0.02411554038975272
0.04238820962060397
0.11116404727210188
0.1925375186379028
0.1933197093715041
0.044664468572782834
-0.06713646659156175
-0.07195619271002837
-0.020690905995817743
-0.016804225424747396
0.16927471038605352
0.2330857338249469
0.2513287241709293
-0.034354698273114326
-0.09992651238356923
-0.13049861294630577
-0.07247014466336327
-0.0881847138614053
0.16152006674343317
0.3339582289840975
0.2472348434836421
-0.07180996787581298
-0.1150145671215399
-0.18383607417440984
-0.10049192820893359
-0.10705814109557704
0.03977930609595415
0.17882483984601655
0.18857507706538246
-0.0785406809107404
-0.12663091809520466
-0.3079345558945401
-0.10824187497879725
-0.13142176861947363
0.0024307477726470995
0.2680227230783
0.29768442248550386
-0.15771014730573174
-0.24626217393519986
-0.34043883783108564
-0.2686386459629929
-0.20160766034909677
-0.04377410253054283
0.18844984979416995
0.31400544358571314
-0.2820798143748513
-0.33948800350697517
-0.31868337347770814
-0.20250447068930894
-0.10945045321607304
-0.11440182481565013
0.21343386031590317
0.27947242553392365
-0.43473113134360236
-0.3639496484835921
-0.2702579819782915
-0.12062040970613169
-0.19468348432810678
-0.17466358225890222
0.3091806453326651
0.16160246514767035
-0.4468802547309805
-0.38493920333410336
-0.26859946457010964
-0.04242037151578981
-0.281491366899856
-0.16734799160484454
0.2355209673281377
0.13983291110979762
-0.33878224578928606
-0.3396426670857975
-0.17429687813198413
-0.025733066824871025
-0.297366890181371
-0.17002341241541696
0.23248486935689455
0.12754992972305454
-0.28902123980393285
-0.3213158311357599
-0.17706177158936362
0.1344463769226354
-0.03799000188441132
0.05404242968881057
0.28374412421012674
0.14461339931241396
-0.12487346194532709
-0.25425947433329255
-0.12186646899580136
0.14779400136171308
0.07514574702191629
0.13315709642876222
0.3024175711034936
0.25308912486776947
0.0032895747283508414
-0.18745523676813663
-0.22885734681167486
0.1732959690097663
-0.011447974208408429
0.04914375296827295
0.20440450368403706
0.23281916874366196
0.008198723095712068
-0.18152149072602775
-0.17193315644227458
0.18877088257377866
0.0068007812090122854
0.25342509644842526
0.19844971119741556
0.28935728198447985
0.20139884380485248
-0.04398931637637368
-0.046710993327293795
0.12944220173714527
0.17002456306447655
0.2620372448559696
0.13506468795874538
0.42953236564255814
0.44250884364294796
0.2099347003696247
0.04551953047367102
-0.04946786968136857
-0.07132713074220615
-0.08805610795079785
-0.11529323065189945
-0.14194412638102438
-0.12386050082932643
-0.10594991908253093
-0.07214354860380501
-0.07727412881169526
-0.09640935674682831
-0.10458933606156617
-0.11940192757178766
-0.1437602949369598
-0.15061060014172434
-0.13973556806667453
-0.10978053401652671
-0.12078703315316486
-0.059535432839178476
-0.09987663032900662
-0.15813161914461818
-0.15606386070998757
-0.17456779724826624
-0.12957540818842544
-0.0782244235932707
-0.06893544829094167
-0.10051455866783064
-0.10573639568634582
-0.15806920994001833
-0.17736562246134358
-0.1454603594503241
0.003281214793940196
-0.04943762237446937
0.0309323675144918
0.05957828029978707
0.09676021898486215
-0.1646297234138051
-0.14099979116763073
-0.02147320732906287
0.09017860538279954
-0.008938826359194185
0.11500392206139426
0.15070150193041199
0.163482422878029
-0.011359050501938653
0.02635659141431576
0.0885523750556031
0.29953526212785153
0.08611275603264898
0.34899307846006145
0.22453021131412612
0.31911690571864904
0.19125398604103175
0.23010769369250214
0.37272704132631723
0.34093877453449545
0.24602725441237527
0.16388690195171846
0.23882826891062603
0.2804256505753642
0.2954416897356976
0.38239682089511107
0.28964843305530835
0.3612610475603863
0.4531115832733068
0.17044674606638424
0.21976096207225293
-0.08260510268789126
0.313165130854155
0.4097879681900202
0.046125064581826365
0.12490511481956112
0.4652048940991729
0.2593482994780088
-0.14809161384844963
-0.49390177621603776
0.02345183095702741
0.14227500488064246
-0.36019280493566896
-0.3196314581040347
0.27810224198680467
0.18773196988330182
-0.3739219336575188
-0.5676862388881156
-0.18923616121364112
-0.1816401563538823
-0.4473678153420263
-0.31393669272219027
0.04806292794424562
0.1520740455804331
-0.3805794186784834
-0.4635242182708882
-0.319334776981928
-0.30348485326406155
-0.3362265176667071
-0.2933146127145786
0.003410713682466787
-0.03343074331635143
-0.2598886867927677
-0.3305213967192767
-0.29834005336278363
-0.264401115820341
-0.210090364244365
-0.2049871867135909
-0.1347423384797068
-0.1056625257150578
-0.1903711950561
-0.22969956100666075
-0.21832745827734354
-0.2021544197520163
-0.15428019963776596
-0.14205622661894984
-0.10747842903455831
-0.10284988276661472
-0.13352905694847778
-0.14687963058996023
-0.1585471082874635
-0.14572495228603685
-0.14135608703436495
-0.10106031108151711
-0.1086223767479525
-0.05464595357725538
-0.08762442703538775
-0.1137298244839699
-0.12884418212033533
-0.13803271715096774
-0.10270624087465005
-0.08014801450750017
-0.06100182962658064
-0.021622540014186675
-0.0519158244395561
-0.0804873701039045
-0.07765599496090309
-0.12051101005954573
-0.12123370313297577
-0.19283903452797047
-0.11391083077925107
-0.04597471720034785
-0.004181059704980505
-0.08210144207362238
-0.08227176233400438
0.0019163732344125717
-0.07213944918940152
-0.09617769335859405
-0.030742218231969355
0.06202897921420947
-0.03377391554429501
0.06971032636844815
-0.026523668037922055
0.057967318602639914
0.002757308992116042
-0.1401593279579039
-0.0553902820662088
0.0012676314163269087
0.06902116563074817
0.07968583774187288
0.03743937485044703
0.005337874110622032
0.05448068485598062
-0.08579590767923762
0.12236698161422645
0.15429830464979283
0.02603682807522381
0.03666399370843265
0.08638237500773305
0.12026265943884615
0.08806505007317111
-0.007575525918234516
0.09848246064241029
0.33142723086119485
0.08326835961775368
0.07247762833811944
0.019671703982961038
0.0836275376061
0.19298112925855904
0.047920878152055035
0.1658998772135818
0.37480254375659006
0.17954854367229794
0.14931488242718283
-0.040544120153201336
-0.06595792456070665
0.08850520576333215
0.13888327892899016
0.29539830469579076
0.297794116338213
0.45874336035301194
0.1728325022433293
-0.027776196480637616
-0.497166386512496
-0.10647339440368431
0.36982176867910027
0.5122944457093606
0.2238864863746825
0.5585295385277991
0.2685727676091576
-0.1107181985074468
-0.5624181502053488
-0.10717968594744798
0.4430610033854623
0.3703603602686495
0.21471085107887639
0.3061025119307089
0.11189559267423171
-0.14489436155453478
-0.5753752359138111
0.02179129636558791
0.32921368995577766
0.42642213667471135
0.24667516841972942
0.1086799892812304
-0.10039843028066947
-0.44322427514815566
-0.6093890804738357
-0.08873789657871312
0.10000995562962542
0.5021649029035936
0.2580619788843096
-0.0675111409279662
-0.2672704829746221
-0.7072941419976537
-0.681469757461034
-0.2068690355097369
0.0032929024695681763
0.36529437330728043
0.1719719979430227
-0.16013747860214866
-0.3104232867767982
-0.5971271240881929
-0.48713540057757015
-0.322674614565207
-0.018086748032590527
0.19771277658239378
0.09428899449069152
-0.20022334499345876
-0.3820236911967838
-0.6192183583971397
-0.4354855302224757
-0.30556204406535864
-0.11667979300303044
0.1640107338127792
-0.035754490062067934
-0.1933701209289027
-0.35279207763114717
-0.49429520601857635
-0.45182052394275346
-0.30552584890004264
-0.10085583672315797
0.011496703491354551
-0.016802109106804186
-0.15410754078595346
-0.3092248606808685
-0.4141649416374823
-0.39199829493334437
-0.28366293370429774
-0.09800200228520783
-0.015673464554473354
-0.031665004033108735
0.014768810706696084
-0.041511903928770466
0.07056262547681363
0.04792091259295306
-0.062454762455665
-0.07238969517705973
-0.13696686700151334
-0.1262584952015944
0.015756898056214816
0.14284962632745202
0.1429847844678913
0.08453823649733248
-0.0268147972945873
-0.06308352939078316
-0.20840400107067591
-0.07413159287912108
0.04604202029185511
0.1121974131461243
0.19768274211594045
0.09670650285672971
0.09635584499340799
-0.05890518912328452
-0.2471362554825269
-0.03626382317040361
0.1708276191263477
0.1210706337475152
0.21469178398464345
0.1561057626041243
0.07250657857515852
0.04712725420885577
-0.23180269613905294
-0.08298780145681706
0.11322104008634526
0.21430270415617014
0.18314295550932935
0.18355427811789615
0.14668834381036785
0.040040480478748114
-0.026703172547129006
-0.13851207354321377
0.02831646237127622
0.13887337454977838
0.22720783672596406
0.21136002992104408
0.25107670255688863
0.1148088906529788
0.26946292601534283
-0.037613463173393646
0.090837928018107
0.021762452118562536
-0.11457594132230384
-0.24344046485034554
-0.030787935547106626
0.1875271046595099
0.5410552161875604
0.26573718174826233
-0.047603151673356714
-0.25552662332677323
-0.4710701219090494
-0.49352581060800027
-0.2593866927820636
0.02743417518612279
0.8320644953814319
0.36043442884724036
-0.17373123533150137
-0.35334839847595684
-0.6155368737983608
-0.5225982160085196
-0.45316064123350897
0.02056688561245143
0.888622942322886
0.3812229655735986
-0.09487664307308166
-0.34549264956994874
-0.419919071003902
-0.35812446468702785
-0.06274787770309226
0.12082473980633462
0.408856531630038
0.29073396165504606
0.09159610902869786
-0.03486943825013343
-0.02178180959106535
-0.04485593353006137
0.08130417848340028
0.05699941521458518
0.07911452025669541
0.12548948103510474
-0.005727236019740178
0.04256774543467179
0.0443254911218471
7.598900301891698e-05
0.13151498365505845
0.10963127550324897
-0.20676185788613083
0.08471858871209015
0.0039052297304069394
0.039655434442094795
0.09421537211229475
0.06946933942613492
0.08946490824664771
0.045537835128976405
-0.26995796984349596
-0.06898216755000573
0.08684110550957697
0.05374267526341947
0.11994045184128181
0.10602557876626895
0.08214943785026946
0.004281855102425851
-0.2969932253306973
0.0246076328489169
0.11526390408147322
0.08844236028041302
0.05313699228951063
0.09670340153727547
0.12490782478058032
-0.026244411357729647
-0.17693666374854877
-0.0137520251415921
0.16897828911881052
0.17033074729367526
0.15875594960903286
0.1413331335734953
0.0011296775712577034
-0.07078250627123904
-0.13642229428814584
0.05037028374502829
0.2380911514290453
0.43434092651316597
0.5421489298513296
0.6112532411695603
0.5466110922581753
0.19646230586498797
-0.09852374320669743
0.14865525108672878
0.22463749555913548
0.30215712705929043
0.23775221441322497
0.20711691978933922
0.3166071549868825
0.29576482252128505
0.09507174304905175
0.2620127820022771
0.21400164802439658
0.2623265669077317
0.1885955196432227
0.09049136695657944
0.28556220762513157
0.3385326442171121
0.19113064698565885
0.24010508536424102
0.2919813019198839
0.29621409539882554
0.1712734937467001
0.02302442591682169
0.09217272233376245
0.321017191153559
0.37585552742175954
0.08798665337637997
0.10442029062345012
0.23756656830331974
0.035675592305763226
-0.10462879451534672
0.14714905942912151
0.26004475260284043
0.3978332537017716
-0.035832965435957265
0.1379767925518519
0.21200802679617453
0.0981422711935544
0.021112719846328634
0.16252665292678636
0.22487589244316844
0.40279803448162693
-0.11623838432441053
0.07273194769980312
0.20794062744630815
0.2026967019923954
0.044225666314404166
0.1745239307729841
0.14331482257433306
0.20575179956874887
-0.11798575750514677
0.15043333542550913
0.2994991611194977
0.09671533884186595
0.023781704447693175
0.06736790754623467
0.03664707862536658
-0.039216127530495665
-0.12409683379726139
0.10693257317846902
0.12508977078272646
0.030955941579343796
-0.06771927134586181
-0.13685027560210378
-0.20463040179656292
-0.24855596135376268
-0.1865845010360364
0.13173269297113285
-0.004563010984150073
-0.026166764815962806
-0.15006757591820447
-0.21702684532632083
-0.32902828184682953
-0.3635145851105056
-0.16076543718680772
0.006803948047352459
-0.03734835111683538
-0.05975060263628397
-0.19778982714435966
-0.2988278982663484
-0.3953173157857463
-0.3884060196247289
-0.1185741880760501
-0.04374390289037105
-0.038903323863761
-0.13816156117413764
-0.176620166329575
-0.3112554687029271
-0.35986648506189356
-0.35682671311865727
-0.07426802895953044
-0.03372530078114733
-0.08715737950030772
-0.10554025671495015
-0.11482267609279724
-0.2808003409441946
-0.2944233654313302
-0.3179458807137969
-0.07011000190504957
-0.09191647093870012
-0.04322232375608048
-0.10969900914373065
-0.18095193648774888
-0.32125058163963094
-0.27451766158381774
-0.24920260953483192
0.04462362485757976
-0.11807866517919985
-0.05004167563713152
-0.10418939987012077
-0.1667410938027758
-0.16940631211269522
-0.2649834431189083
-0.17865054969060867
0.03350483680274274
-0.13931420310433756
-0.09349503000587538
-0.21374023573938147
-0.27897628694063986
-0.29207354441116684
-0.3373779967736769
-0.1618649917093885
-0.014981256496140849
0.009411014209501856
0.2298332302465693
0.2526978793566452
0.22345007678300433
0.17194801636039453
0.10567070167700615
0.0032837874292114266
0.07699144287117565
0.1896450018848289
0.2787542784599892
0.1761154096416172
0.1828720911944403
0.1369997078520715
0.18175188437106304
-0.0004994205973871124
0.19092174978054793
0.29716540927114793
0.18863136059244148
0.16539721291573822
0.1694399620283069
0.12474640868525283
0.132448305815845
-0.056141325374922335
0.23128626099122915
0.27863385574691923
0.19154350762788783
0.1650813576359988
0.19549504946699614
0.14752064811408402
0.027972607750776424
-0.09701202994861644
0.15005744092196566
0.21642428690365856
0.10553986762136719
0.13060574856016283
0.20544569452061212
0.04695731624142693
-0.05687929859293976
-0.1353837941010328
0.0881510771009982
0.15939749689023863
0.05328257619206725
0.18844046250018837
0.156878539736775
-0.006740120687300941
-0.0642952946489973
-0.07725416024186937
-0.08417911886505935
-0.013011757984940503
-0.014066157294899628
0.12226606959734694
0.122502377795779
-0.053978304838031996
-0.08790659168746887
-0.028436427522314102
-0.23960637998653428
-0.0964434846348153
-0.0588769329342132
7.807367210280192e-05
0.06550154897935041
-0.08085456328436534
-0.03980014171019866
0.050227058397603636
-0.27561983137586166
-0.15678321248398536
-0.16688974554227798
-0.043835758376311484
-0.07569028557817642
0.03025905279016522
0.079074954796443
0.04385497453539511
-0.2552974108798399
-0.20374117936974923
-0.14216533997900083
0.004445254791670128
-0.03281008128119528
0.041215232486961406
0.09570959702711346
-0.058538163424159045
-0.21876565662204173
-0.21152830249436405
-0.15388292763625827
-0.05571133227982339
-0.022677294144043264
0.06104106683489374
0.057216128912958575
-0.11078895059704963
-0.1857898687906021
-0.15392424985747555
-0.08045235912466348
-0.06446779669886299
-0.0027669956753395564
0.02820863209185817
0.01701313577324637
-0.041993346992044656
-0.13719453877080048
-0.1591528587972298
-0.0610653806020201
-0.016221028819022154
-0.006135619048442814
-0.020603636942944814
-0.12092897965513838
0.08615340028760377
-0.12852949731496865
-0.12590113826682578
-0.09554966287792876
-0.025569668305752413
-0.017281059355035766
0.028084701476868812
-0.020275811458461745
0.1091522767460501
-0.08166312344091856
-0.09833901446017357
-0.07032943474622011
-0.012389077724812125
0.059593213321707694
-0.09232519825464047
-0.012507903798806452
0.12089838622319135
-0.06114581832972801
-0.07094512395074873
-0.06999751022689774
-0.0808654386017637
-0.046732770188172734
-0.033273669385645493
0.0099709560967014
0.022647035293228986
0.06362911318149411
-0.0018418185276040666
-0.022719026452321267
0.05302926259774926
0.14830720426166716
0.10936955313946346
0.2106545759087846
0.229651536473869
0.02610278116627629
-0.021189370907489583
-0.1255043315440975
0.009178583439127586
0.12022737583438742
0.1267330088690456
0.04591829247279594
-0.028025361975293983
0.14825122968205073
0.13465471985944444
-0.019619396645477183
0.01969152247244038
0.1278844346332612
0.14108508615428353
0.0936103869910016
-0.035806694294157726
0.07424765786728485
0.11854416048850186
0.19634183165187455
0.1087375539537869
0.2197874664304059
0.18168710789656414
0.04961794025578774
0.025078282479028907
0.3118316204230241
0.11848133371813574
0.10502302744663516
0.19512297378351057
0.2743874133336546
0.2335076870076977
0.16023087330436814
0.22212230395168125
0.4146655984712331
0.24434562409354033
0.1925608705712921
0.06458554319114432
0.04863351434134254
0.0811108089748652
0.0540505304447729
0.12202579017971887
0.5814070913574816
0.3761054043687231
0.14100171420752833
-0.07732375753422249
-0.17583651649726814
-0.2812938342438832
-0.3989849157279515
-0.1030218494616795
0.4676954160099661
0.5632246042984207
0.17912318851673545
-0.09567954632939613
-0.27706687866773466
-0.4027088966859238
-0.5503440951798482
-0.5281018686198898
0.3369249569555602
0.5814681829398751
0.3305358905582527
-0.07084812863135598
-0.21592625775973617
-0.42320537739288777
-0.5208232223420188
-0.5813183992362423
0.23894218217390015
0.4271716691361127
0.3441047844899859
0.01451423335312585
-0.14229740097723975
-0.3562304656975027
-0.46938566775607865
-0.6173771737847816
0.31596594157827795
0.18384548007173124
0.19600426614451463
0.01847540459896061
-0.10128242031989021
-0.3583179447725468
-0.5476109569969356
-0.7386863031964173
0.21935831906517778
0.1320353741227954
-0.0072965141883823414
-0.09754309292868263
-0.18498958705510324
-0.4409451257724751
-0.5116051955382686
-0.6593137999679339
0.06917735680865844
-0.10742052816096065
-0.1051602791019901
-0.13418283738920186
-0.15377468280588522
-0.39060103098062837
-0.45477222615163404
-0.46421838213335154
-0.022763840776763578
-0.12293405639727578
-0.08266585075040367
-0.1342958277081552
-0.17210777151866846
-0.29568924116233186
-0.41128857915105815
-0.4064782610536348
-0.09832972394042339
-0.10131863948682651
-0.14369182382700724
-0.16348851730797903
-0.11525538219757436
-0.18681772652547624
-0.29345950260134135
-0.2781965323575709
-0.05334406665821817
-0.09157483926653823
-0.2057168522696952
-0.18472725745204638
-0.22758265256771293
-0.18238321688051828
-0.22854696693673593
-0.23827297236272743
-0.13998166905829798
-0.12253703793137655
-0.10767411016522876
0.09312398239743233
0.13054617178370032
0.12723590073478874
0.1433769266858872
0.13637488840441753
-0.08401277662893047
-0.034279791158275376
0.0033611123675716392
0.09904273389836205
0.04659376622649075
0.04237344889232533
0.09773635300495698
0.15955922286816301
-0.1002493621557369
0.0134361741843355
0.0981895097175699
0.13000092818279563
0.09025156554839389
0.09136210349728802
0.04885652842867849
0.12241314706477098
0.05297293175722907
0.1250120800222257
0.1538943586339886
0.07321056558429961
0.13073790180062062
0.05966160212835053
0.07023548498825644
0.1419710722123273
0.13270317817059474
0.22567520376938488
0.23317600636866573
0.1492975317561099
0.026838847772981067
-0.05952084253295256
-0.06515340321461605
0.03279212416706506
0.22119526050221916
0.32755276947518114
0.1948264151459325
-0.060474243724468024
-0.2133029762089722
-0.29272141996535195
-0.4167489945173073
-0.38744835131488753
0.2375952905936615
0.20215989761202802
0.22182555713678287
-0.022063012391992987
-0.1396132080570171
-0.2206043157971843
-0.3492817241651363
-0.5270029272232195
-0.0652962671558932
-0.00037371204982834805
0.2205544411303217
0.17740636937633497
0.004782254813687714
0.0569418075313286
-0.06059074009252843
-0.19628242553599262
-0.5593632703136437
-0.23788290747972846
-0.04260730737627481
0.00717946277589087
0.16733040654974063
0.23441464192797287
0.3101991171584553
0.3516437910334687
-0.7192953046130096
-0.5116164959676013
-0.42129829836171895
-0.2475241113426369
-0.04291734402002259
0.16466373559804653
0.36577229354443197
0.5878658482766357
-0.6028683589450253
-0.44383236257806047
-0.42456285717348197
-0.3706527668840385
-0.022556808489151925
0.35781154664551346
0.45267120606247796
0.5954161138258754
-0.07189703953104443
-0.14527271298528732
-0.12069262196059422
-0.024040544329995667
0.1725902901602995
0.20398984359731737
0.2759377445587693
0.5159915073373035
0.09667729074179943
0.08685154927825009
0.04621327544287762
0.06281727165462507
0.08304574161445866
0.1320103613049819
0.1848909168659035
0.1678153944397992
0.10615639476217847
0.11224257838584062
0.10903025142656714
0.11950068603361763
-0.03866549524484508
0.06593176208476981
0.0010369274395194972
-0.0013946390970422384
0.10393425339004772
0.06984816656577814
0.08830357786789078
0.058056598741495234
0.04746157245401711
-0.019558525610223143
-0.021827158319933315
-0.010955622073509141
0.26982705545480534
0.16575160526781169
0.16786631135597344
0.09503496157899816
-0.030311211449154996
-0.14893333664385083
-0.13910440958720788
-0.11849603424861752
0.022385610886475893
-0.11374521835069143
-0.2337753666180516
-0.22659438458999878
-0.20318473319294164
0.03141371692269318
-0.0030383411169617736
0.13552119475457586
-0.02323329680190711
-0.11167772388507702
-0.021843806964422063
0.06798384572626676
0.12630359072916145
0.05049769315167771
0.06329395922842179
-0.01767403218246355
-0.11456907073576472
-0.1715492761898415
0.05622381427250586
0.1828681762083808
0.17685936449708042
0.11522142220726549
0.07070134229335667
-0.13973470186041947
-0.20041382010858677
-0.13012618199498532
0.03906791214373745
0.1452923623052492
0.20388102898422292
0.14070550935629544
0.03628261245906084
-0.24304252720607597
-0.13201353262658277
-0.010787081625335551
0.2365434203715102
0.3120466786971711
0.05953255140326137
0.19721681528874135
0.17190022247690476
-0.17779925922535267
-0.09101901400181006
-0.09146421367972257
0.11938798431321022
0.2791543130879153
0.3285392093988063
0.15362575289946392
0.18435692243003285
-0.057267984425136476
-0.05989751477095423
0.09202814970989384
0.13058307129473212
0.21914465749334722
0.19716707399111733
0.21450218906811014
0.25958773080758957
0.15273444868012037
0.0032597133535094552
-0.049243134787658294
0.11325263536077912
0.23963767626623722
0.15994290736763445
0.25208215785897914
0.13984484134002384
0.1459429122388859
-0.05956463620361235
0.12519372048066346
0.1843934837911082
0.19019119226072892
0.1725205628705831
0.2743470183283974
0.1691284579528325
0.02254395095068909
-0.2543326253150209
-0.020519037283546107
0.20898549118506551
0.09998661909860779
0.23605191749148613
0.12006583660001782
-0.07445275739641921
-0.2890601884737744
-0.444835351103833
-0.2642507959165721
-0.13977833546373186
0.03173864926935918
0.060839224506763656
-0.018569296563075502
-0.24096981521342117
-0.5407442078271292
-0.4661022382886691
-0.3164438014953873
-0.13429472459909178
0.10786299601529599
0.08185800953970263
-0.03029102166983
-0.19974696563122799
-0.26735749969341294
-0.37597668111872423
-0.2927794969285312
-0.09584235578649497
0.09007138089951462
0.13313726558671152
0.08614746444351101
-0.08334287951904196
-0.03732997855606823
-0.31901495668687296
-0.30125336235388683
-0.06199910361567171
0.17510770801729536
0.1974436798972028
0.12985225052188126
0.04575297340769005
0.09511394158257697
-0.18607561810423456
-0.2339934635369486
-0.16083095684656146
0.15542637911516277
0.21739969728611738
0.13949740893471352
0.1458850484663275
0.22932485743331782
-0.08853318775759705
-0.29869338667808565
-0.2900994003179173
0.03252960550628381
-0.03393972861825961
0.21462364495271477
0.2275825124321409
0.22468193883869159
-0.09077118370061232
-0.11854686951782684
-0.21297697672500726
-0.2584176884305894
-0.26362674746780923
-0.1521411265840213
-0.017607808095736782
-0.021799211899062698
-0.14556451492781117
-0.14478203854008048
-0.2733297389296073
-0.28439423799983954
-0.286632464802195
-0.17260777639723174
-0.03815965170141224
-0.05545807917511145
-0.08307226537438478
-0.1367777310305735
-0.31197635262055384
-0.36281232925204365
-0.35095854714528407
-0.1984694187913003
-0.08386886028467883
0.08656047265526053
-0.03326846884922069
-0.22295933517246436
-0.3753510757717339
-0.4545663016396774
-0.3125189372667161
-0.2138544294327131
-0.1439491369693603
0.21578120163539577
0.19616011817684115
-0.24944757729893274
-0.462139519384801
-0.5723393656418099
-0.2966913203654193
-0.09450854086483101
-0.09312165192614158
0.21722442466139252
0.35494470747603085
-0.24147064598773893
-0.4514807572720822
-0.5212896250106713
-0.23809062014149746
-0.00757713463237264
0.0027631419419738013
0.41264139323636034
0.434177240548698
-0.11021540620844195
-0.48060068720271226
-0.4364367967929264
0.05551415103783436
0.15604484004040392
0.17911393684788413
0.3435091219350441
0.4378961323144854
-0.056069971028726795
-0.44539333775034085
-0.40238374512669095
0.07641288932765465
0.2501965582944144
0.18255084643530645
0.22882199599662412
0.5582441281393703
0.009356130949073338
-0.49368558341797364
-0.28427106156362736
0.13217691189383085
0.3963734584914895
0.2745136135983847
0.22974353849885534
0.4313331563865295
0.06230806978393216
-0.13263717946617837
-0.17013786575722983
0.07264623687505145
0.41663623283553736
0.5096277380097293
0.2613130687160608
0.15550822921784963
0.09030193701237443
0.16140592761395717
0.05002151764557922
-0.03902503093076648
0.1844603933606223
0.42877189857619763
0.3090288260250408
0.028387253493145054
-0.06376226038459329
0.1094326622605103
0.008190894260729276
0.08015594833514705
0.1458351070818772
0.2955962017923704
0.18852200785036666
-0.052459403877829935
0.06294874230735881
0.13345416228203805
-0.04002747298553322
0.0062142954330705324
0.13964932949886802
0.21116629698778544
0.09514189750969726
-0.09220984593431879
0.028931543191848874
0.020197386234893422
0.06058389115264426
-0.012163924768812603
0.03121886665819859
0.11489684415148099
-0.11189800445300319
-0.1697102129206185
-0.049370028669060484
-0.07009245196684705
-0.028768069006230176
-0.009534321380747668
-0.019669607881357465
-0.041214218948122994
-0.18342249779930908
-0.0936868349822852
-0.08988559205765337
-0.02342162982413365
0.06115325657027623
0.05967792966917801
-0.000998717829353013
-0.13600129031618843
-0.1361924803077033
-0.03497168278881657
-0.09541998517849432
-0.17753877116358913
-0.19514773074200592
-0.20773069143901363
-0.15230844914672959
-0.02304011566808961
0.16771489963926284
0.0675865352890937
-0.1135158844403204
-0.1853390430235008
-0.17523610742626444
-0.20889412881033542
-0.13265181649878735
-0.044196787435778984
0.29888567719743675
0.05256967716123684
-0.07329362505531845
-0.1784636192106705
-0.23871564148548718
-0.24616971706177182
-0.19929706768086497
0.07069015854365032
0.46231249810285757
0.04859822161595595
-0.09722631002598037
-0.21432228582117302
-0.27301898184207046
-0.24969362927707292
-0.15245887155805415
0.17381831087401434
0.45547387953721863
0.24448962809718228
-0.04161061197823862
-0.23240730654483033
-0.3491864417762648
-0.2961445825470608
-0.17945539382669917
0.18810717949563588
0.4514620002643579
0.4095648222198686
-0.06110784533182778
-0.24717432393066469
-0.29320472678825205
-0.27488519675072254
-0.07017051190382216
0.240574181425941
0.33159607257250157
0.37403753556449226
0.09507731894607885
-0.1780845536367344
-0.2975570465663996
-0.30167725815859747
-0.021401680181245386
0.2559588828222229
0.13855603513212295
0.1528473704416235
0.08375747482263862
-0.027229270257152494
-0.3022310529128871
-0.2597143729179384
0.06111641944619722
0.15638072287973942
0.08658788252921132
-0.006508256224580622
-0.0037483013980616486
0.05706265393424867
-0.1491123881416704
-0.17315461126495812
-0.01481967596162903
0.06468705151352955
0.015356604000845986
-0.12733435453517983
0.033529750687784854
0.032829059906308966
0.07002016754730489
0.02216476774545259
-0.0005550665203033489
0.07919620158215598
-0.0837493165174626
-0.2181521719314273
-0.02750387572394153
0.10566019367207269
0.24637684523455639
0.09525287623642502
0.06686924175454795
0.07001083934694236
-0.145259053039301
-0.2622343103319993
0.00257445951430868
0.1480662340766826
0.2503609256213369
0.2241647233281852
0.14095047509203534
-0.01820000404459657
-0.17414154866728865
-0.21984578209627492
-0.08155331047848141
0.08584884128540171
0.12397052070740794
0.1263833828641689
0.11614799892576887
0.024731328302595886
-0.16897090460821973
-0.08986185408072865
-0.07270038508213104
0.04040026722504965
0.08887899685044706
0.12541348548704168
0.11685955026468409
0.06133428980841013
-0.13145255004331513
-0.10903451385013507
-0.06882901362735011
-0.02173712817470594
0.050454909973983
0.10180020640673902
0.052136402982436714
0.024100841012349158
-0.0614173476356018
-0.10897182442813272
-0.09824830427442444
-0.1214595192314259
-0.0574767474847078
0.042721422698223877
0.0036139046542594533
-0.04102004463799344
-0.08874103762627633
-0.035941020817904956
-0.054563000081858146
-0.0795329182217524
-0.09927782287013259
-0.10581137124246259
-0.09877075978062605
-0.07762050527029374
-0.05948440434509994
-0.05296190537656836
-0.0670941272873597
-0.08247112865363448
-0.0938663334157493
-0.09421380644808994
-0.09046623303709382
-0.09180936331578426
-0.09235253048651931
-0.10916521900183024
-0.09881855220535035
-0.10891707900253214
-0.12317123926106882
-0.12869311556344082
-0.10696615179446378
-0.1195408130269155
-0.1266200397873422
-0.11605276369322418
-0.15524699620778662
-0.1439413625133792
-0.1646903481866971
-0.16962786369876992
-0.1723753549189908
-0.12127044319541463
-0.06746478933088143
-0.09016115501982175
-0.27078551092561765
-0.24116600362940155
-0.2511323112883731
-0.3092446572701819
-0.26631649972926275
-0.17076170350847744
0.15838186230893367
0.00956759940799079
-0.34488380014933906
-0.3604525024251751
-0.30572021551224926
-0.2950063581830603
-0.32937349582884173
-0.14931953811194346
0.44611415031557794
0.19615161298112105
-0.3836623393931088
-0.2655029161169275
-0.05496524763769972
-0.1692343491852614
-0.3166706584809513
-0.06132466430098221
0.6808562585602356
0.2568584462525043
-0.2458636012074985
-0.0468084673177126
0.2301316163035234
0.043989559560434544
-0.2334795430108713
-0.05192519460873313
0.5535477260185743
0.18777804894446815
-0.06266631596312422
0.1974070140589877
0.33742953996460584
0.18503699161294954
0.014755461086049082
0.027106456005147883
0.3148593774891498
0.15626825154111434
0.0890209527252544
0.3057007455012126
0.3532200860963535
0.2297933117361062
0.21317361096608756
0.09061610582511265
0.1050388738404025
0.02343726921124545
0.1622341280729176
0.13994750435101228
0.10093636976301551
0.0476211715982241
0.1931560440030111
0.1169095027780262
-0.05620188439705729
-0.04026306692269817
0.09202237173988481
-0.06091944497831764
-0.11667794541857887
-0.12427428707868743
0.039279758407072485
0.06304143328610666
-0.07547189113860885
-0.1517948826080618
-0.047699903598072
-0.11138218197388744
-0.1351489547790603
-0.11011713492088954
-0.10266964550276164
-0.12223509096046664
-0.16056311973560114
-0.1309725801502083
-0.09406225699677817
-0.14039639802680515
-0.1538404751304797
-0.1511249450345093
-0.14170813429517315
-0.1293820378349605
-0.13092514848631323
-0.06580198106163032
-0.0918798059523507
-0.11621075950635673
-0.12105989961150537
-0.12140640128957388
-0.10969092672527753
-0.09397103889516395
-0.06796093590903035
-0.048919654212607966
-0.07127284128522351
-0.09221863704969707
-0.10432795371632358
-0.10802002028772216
-0.09366624733726403
-0.06514118944537893
-0.03912929360875922
-0.03280321011818482
-0.0736615523056911
-0.11924224766605374
-0.1352116204596075
-0.1372795295913749
-0.1225837838596292
-0.06308826581103943
-0.030915451491865836
0.02859258366740225
-0.09450895896864187
-0.12128820608124728
-0.09899050832786163
-0.09265633158153475
-0.061739472485950186
-0.03978497089560071
-0.052690127128853126
0.08696113786542914
-0.04879733644453833
-0.09951707945117311
-0.11701874878404295
-0.10473472745577114
0.0007415196372365651
0.02972198265334422
0.043284166621856246
0.15529729796943142
0.09647740223830291
-0.06447636251940188
-0.10626728225882366
-0.12939111729424563
0.07911000899611856
0.16598132364505386
0.04855551055820895
0.15842895235246446
0.15490476337089465
-0.016074052276633888
-0.09579357242953626
-0.021213886323449685
0.17419449111318694
0.2598242744598567
-0.02291596501907442
0.04188488150869579
0.20042971763008247
0.07247950211987614
-0.04166803999481017
0.09441849487051251
0.10845584738711966
0.03436987000182162
-0.20937645896120924
-0.23090641897329905
0.13588919629724316
0.251221494385946
0.24545274904309403
0.14663324091013813
0.059803653920633276
-0.14541486565420603
-0.2742360485417695
-0.5224890709196904
-0.14190651201233556
0.3163930107332646
0.30612635181344894
0.16043723665417792
0.014739372473144594
-0.2062042723194919
-0.19671813188406234
-0.5345108080123346
-0.13945427349841794
0.18678507663732877
0.30959739181997487
0.21251883454210724
0.08072472782374801
-0.09724635002896997
-0.20429699611651078
-0.3158596567434575
0.011360310996968992
0.11076566021616299
0.12978601941103882
0.221821632557538
0.22499197091228906
0.06344562295542236
-0.12845146206089259
0.0598124770631703
0.11362667712234692
-0.03966587965288648
-0.14755631410796977
-0.07713311665235892
0.0665449760846687
0.1358620195632787
0.0893538533202382
0.1775341135527482
0.03466276041366079
-0.15379437572827698
-0.252080511675425
-0.16522353328299094
-0.03573477586526158
0.03676384933051363
0.04872946510574544
0.20076053306488362
-0.01650537150221909
-0.17162595599950786
-0.1790988750581114
-0.2297735259180406
-0.10808575226546396
-0.016059414277556805
0.01831891129777874
0.09217335748137043
-0.06142322121769317
-0.15798003239730168
-0.14155121315844155
-0.19146011528301196
-0.1342950127470049
-0.029770651598514747
0.030944305497330737
-0.056387107984561535
-0.08580424227276254
-0.13314630979312356
-0.10803603483423319
-0.1424905853443969
-0.1390608549699558
-0.09799063680297437
0.014688852259855365
-0.042942841270769305
-0.08026996030739414
-0.12833396857663926
-0.11947006646230429
-0.15791356587744326
-0.15726786423260664
-0.10253241685439715
-0.05798047486448987
0.3144444013080298
0.19691870264656097
-0.006718277106335685
-0.2723537133893104
-0.30872532354075943
-0.12906493289817988
0.14667273040308088
0.14735576151517343
0.37708389214558435
0.3785548662433982
0.22808011299088865
-0.06389416090212963
-0.030048426078895962
0.10697516915759311
0.1451753605840692
0.26466640433508704
0.2972777200863005
0.29533226414665403
0.2939490150624568
0.08615443650715733
-0.010279426267830127
0.18064876160630117
0.18698917421022526
0.2837899744582365
0.2827867009966573
0.18226098684978762
0.21222482094478268
0.36140638607487585
0.21938188000675313
0.3130510322404297
0.250631597303162
0.24590528704256248
0.11156541706232681
0.07945679047182756
0.19315898251725078
0.2333702933876987
0.27997994114962643
0.4223761979896854
0.3376214272869286
0.07909754065226338
-0.04180083050214645
0.03847490293943322
0.2023046598061492
0.1746549805600212
0.26434200235598965
0.42780054188552197
0.3134661489307387
0.09437102728087832
-0.3081233446158166
-0.1798027591032379
-0.01701436170232934
0.06598316029320944
0.2535906615951128
0.3649057528872658
0.32877271361784116
0.21390871768442052
-0.4965040581318948
-0.33630529972538403
-0.19451645570979526
0.07054656822153099
0.18660981491814127
0.10712501868493529
0.17223374864162821
0.10084394683802361
-0.5328631961879378
-0.4082241907019978
-0.21098022367167135
-0.10912868394043118
-0.03368119903853084
0.11803157060612046
0.027303061371917126
0.03637802903833237
-0.44122124508821514
-0.36392735921093883
-0.10659203330821437
-0.06633715340175475
-0.04968110066589826
-0.056753283370277824
0.06488300381726836
0.05694902814918834
-0.2536110544976907
-0.0862487470370097
-0.020127140374184505
-0.17196107495551227
-0.09504066709521353
-0.15453459925185564
-0.008448599840198523
-0.04732943796563277
-0.16781337731878077
-0.07905161167854144
-0.10152643674699907
-0.1667733983553828
-0.0614146524064777
-0.13531602577981844
-0.06301907607863927
-0.07313971277330444
0.07570631230075725
0.012095344699499466
-0.08365316551232814
-0.1103933022646445
-0.1058661881939516
-0.15650066430867782
-0.06852295838051398
-0.05989934344857695
0.119614490580767
-0.012494633220667711
0.004264075072493087
-0.022377166835296336
-0.08240251362339215
-0.0914453242707795
-0.07416127586286296
-0.06684261001445345
0.1384025114703537
0.02562987962943104
-0.019616047374773793
-0.030413272774035743
-0.0015371089469194965
-0.09529212273133081
-0.08576802640659753
-0.06236507431414001
0.13754918042738468
0.13343916965271152
0.127168399649546
0.08673092974243907
0.03910913812576511
-0.05386147907172226
-0.0008725220773108666
-0.0032950488593333493
-0.031124356940915865
-0.06154063309493152
-0.14072479959113704
-0.151165492234512
-0.18755302043354594
-0.23644421561790863
-0.24611314555633015
-0.16344674000679174
0.03277561280015223
-0.004982963306818772
-0.08829341445403019
-0.08860000686109465
-0.05945410125199291
-0.045523080705279495
-0.1357609936895513
-0.14494356830355337
-0.003978856320608182
0.1252131296812497
0.08801009173992622
0.052498049940288116
0.08187316042741682
0.02619130447118545
-0.06188103836200874
-0.11990010487210911
0.11092563570763136
0.1808017920483171
0.1040055310784001
-0.0018555472287725694
0.0661695709839733
0.0012645412204859152
0.0038911292798720076
-0.09391751154639724
0.22046510972809497
0.23689388970382644
0.20557291664299632
0.12901230588160506
0.07705175184597662
0.06603853797815977
0.01023317597726714
-0.08512485097944414
0.028773664856254655
0.01855002096996533
-0.07518073321899743
0.10216764961975947
0.07582078625406224
0.24214201819701214
0.11056077451224705
-0.0844098180756554
-0.302150176607474
-0.2352759180290354
-0.17843744459088118
0.1681743833067399
0.3745002671765947
0.40822122080332596
0.12720418779799522
-0.04028714072238476
-0.28734996486956105
-0.14924130156239296
0.09896796865121757
0.2487376426819184
0.31018547950712394
0.31926769159774354
0.04501714291033354
-0.10403167983697989
-0.4365680742287602
-0.15277730091076352
0.21053707119229514
0.18829978311379972
0.1111058857012267
-0.030016439617874868
-0.15281127975351483
-0.22679183519503732
-0.5261463125100008
-0.0012191759969688576
0.20469999740995434
0.08584232984905638
-0.046453698104584606
-0.14289441261767055
-0.046130313943117396
-0.06407649441499018
-0.17942745051323922
0.1871501527172485
0.17629662350296846
0.22952946634114596
0.039117210308008396
0.01392534493300479
0.02669195182609671
0.08571508369594344
-0.09034814177530931
0.060603226719502065
0.1458113896599862
0.09783474372327663
0.11553437198213656
0.04155424883091069
0.1606381740179115
0.2008055620942286
0.009553770978560305
-0.01178191739627621
-0.05372661052665122
-0.08145002551052022
0.024082436404170158
0.13727098386258466
0.1881851508031711
0.17449043824877408
-0.07393814231596212
-0.04051552082593382
-0.002555626019761559
0.04637447162073935
0.0399033230242911
0.12013811277584474
0.06471880033744887
-0.008437493920593175
-0.07786804562354677
-0.05713787410078322
-0.071100365323645
-0.12597573116181537
-0.1629550912699701
-0.12001736710999211
-0.16276282585548768
-0.04744627122891196
-0.11725495829779994
-0.14523296555923806
-0.1552498566283279
-0.1278540029157304
-0.13292399705561653
-0.13474199547231352
-0.13800292909316186
-0.001618965418691387
-0.8287056218575782
-0.36794572105064216
0.6942086773886536
-0.389195690100816
-0.7298681479430953
-0.33359733062006947
-0.44376473236735975
0.33779204519566397
0.4012274132609288
-0.0803672509828743
0.2548387368857261
0.0707290900870085
0.33066135866574775
-0.5554125238074659
-0.4194623026936756
0.17431885799320002
-0.16202966017342663
0.8741182342739217
-0.35279938460526883
0.26517605037727776
-0.2295350311416668
-0.23882890130761047
0.36993075797542635
-0.17097253707860147
-0.280113684780138
0.15448984357954912
1.308931807749186
0.44898577236399534
-0.20559586640272526
-0.13857988563233303
-0.45317582993705696
-0.09720392017451387
-0.17302119466631738
-0.1317425185369602
-0.17534890469681902
-0.02202186485194954
-0.11532680039855336
-0.15128767145653782
0.43179716756800557
-0.3852590117046951
0.1993363424024517
-0.14558238533761098
-0.04722337048915626
0.36950124908186216
-0.1580554557556248
-0.14661535907276488
-0.29161905189825754
-0.06924629056312923
-0.0680201066293577
-0.0522282607612603
-0.08370676040448416
-0.11016103163095531
0.8413388687859795
-0.16655910175727262
0.22372516300943443
-0.16861686443325397
0.7291447754673284
-0.15637017569069028
-0.21982025073772798
-0.11713487595109437
1.2057524491735094
-0.03793101425751377
-0.13356303457998706
0.370306268407641
-0.1775733705100009
0.5932225766749458
-0.37101651570065175
-0.2285127315905911
-0.07099742025526898
-0.2833716619285196
-0.1402478046067003
-0.20580016908600207
-0.2682558010488584
-0.08992290208809778
-0.07869445904826639
-0.05994606117405635
-0.10475970776146644
-0.1380339774945848
0.17764377251549363
-0.13681034151474436
-0.21095655542583777
0.40682748995487394
1.0113374073719246
-0.12823617541878213
-0.1744673918988885
-0.09690709070809589
0.3798513010582769
-0.02692394497643713
-0.10536134771731187
-0.2244268462021421
-0.1940968461061645
0.6565528296066862
-0.363407333885974
-0.15355820701892287
-0.05066189292548934
-0.21707711949766925
-0.13537793836164563
-0.18565389717103697
-0.22963857594614132
-0.0716532109806663
-0.06153524769486621
-0.0654678709601702
-0.12076663966853535
-0.14948287990048922
-0.9064863877069316
-0.4663635079277647
-0.09446495385441978
-0.08233106344488383
-0.8380396607762896
0.09951058168354066
-0.2519712672798192
0.011269620735271213
-0.32721417581087375
0.4889020951808401
0.5436138957357739
0.976467882805659
0.061870593695003806
-0.0918990502053017
-0.8509484501518338
-0.080848750041849
-0.22018994707209438
-0.21103256234755258
-0.1342499586871899
0.7228840573753806
-0.45672673942744557
0.896720892062057
-0.2562294681537951
-0.23204628135314398
-0.3911440627085512
-0.00280993665553958
0.20439004097239166
-0.13613685757886723
-0.1415786878596456
-0.13001365295770745
-0.38754850399687746
0.6158098856908267
-0.19650140268592886
-0.09839271318706144
0.7645877560538773
-0.022728880732590998
-0.09425899109548838
-0.20606047587088985
0.23094680747360932
-0.30728476760921153
-0.2800536078159497
-0.15870009813035296
-0.05398331075586771
-0.16294518553679319
0.36490534018416876
0.4055974283562499
0.4183126855214837
-0.07367770506100633
-0.060038598351874584
-0.0581816656143056
-0.1122080136803103
-0.1145659803863539
-0.3943739694573684
-0.1509607536209045
-0.17082013078728633
0.23053347578200883
-0.4510725173759005
-0.1267900383385513
0.3969637463313064
-0.14398286469800836
0.115327121621085
-0.03503786015065566
-0.10445115395860927
-0.3212474084881656
-0.1736499891424979
1.8911685182046813
0.10466736613164102
-0.15059032090972113
-0.07712153774214592
-0.16875573278134762
-0.23955857502164535
-0.19588161893617098
0.30144303256711197
-0.0856771771747808
-0.08047059641208276
-0.06084450439823419
-0.1540619450781967
-0.1605901908945725
-0.3605162993157671
-0.1311105249770581
0.45371693275761865
-0.09792558975165508
-0.3879737869238383
-0.10226009661245322
0.3657309787799588
-0.0792979120733946
-0.14458982021970995
-0.01826086283416578
-0.08630454708178631
-0.13611435298147606
-0.14743093348530178
-0.29359009280325754
-0.3071091961187296
0.984722735689625
-0.0490761810860057
-0.2300617853302248
0.6368048301694342
0.35387154635744333
-0.19361303136671557
-0.05481154054152018
-0.04753904604095044
-0.04516002818641285
-0.10017314057190035
-0.10277577558493561
-0.6562651909900417
-0.022891481467355368
0.07271785388734348
0.4852051002268154
-0.7587494375414557
0.6889644545133036
0.02272929042167804
0.2665306835185901
-0.027309937003578644
-0.07629594382021837
0.779886670660805
1.166023360177521
-0.06899122644060429
0.4591678864864706
-0.12288510157715621
-0.34505287357906955
-0.16098828505766516
0.9795217924637786
-0.35408567894844223
1.5469153637653728
0.2353816507415077
0.432829642881548
-0.16303625188592785
0.5704247054310172
-0.30646318679541085
0.6270414326360336
-0.08397551538992633
-0.036226396077532155
-0.03925486798477085
-0.03594029069997118
0.3867680036829386
-0.02297690640262129
-0.04224106748319226
-0.022049042510735514
-0.05439247386709126
-0.004336023743926942
-0.022223401025169724
-0.0492415847952275
-0.02868983408429121
-0.11135355957084653
0.5500288590542273
-0.028185228354075387
-0.010560880847770921
-0.04046693521147632
-0.03247439929648549
-0.03914419253457202
-0.060315742466004796
-0.013271765531454094
-0.01150321155236625
-0.011662922632981021
-0.0192973677481149
-0.028628288852876937
0.2628582347743821
-0.12639217879690945
0.7233875442635362
-0.12246867436702241
0.06373845559114699
-0.09519363388939353
-0.1740275099210756
-0.08836726608840353
-0.17756494087456687
-0.01959893308203392
-0.10613857988717018
-0.14965805354131426
-0.14154120245655427
-0.3126486035673933
0.20651928682494167
-0.16318472344103835
-0.04716570544726803
0.4934189029233488
-0.14680192131292025
-0.14325748519544423
-0.21260451330414776
-0.07008809907919672
-0.05437910818656522
-0.05161945077088659
-0.0901940137945656
-0.11679957177685696
1.032341760575545
1.0533532774413628
0.26861912185242043
-0.276309642108327
-0.3330627095483818
-0.2305928287648269
0.058844027513219405
-0.24296017458273797
0.4880702152697794
-0.05921839715706706
-0.22595284460945714
0.5815952629047507
-0.23912648495887173
-0.5580900530237016
-0.001400511645815894
0.2777531718083329
-0.1228161000804415
-0.3291013262169763
0.2679032009396863
-0.34766403953621894
0.7153463191545976
-0.13513639039549086
0.3296406563735074
-0.12224572268463235
0.39949805449343506
0.3337969388366736
-0.4269152780060437
-0.11022822570123825
-0.21593564382884745
-0.1142799880240223
0.1587184571944419
-0.10115464110620567
-0.19614310575006944
-0.10866380433030677
-0.18388541574860207
-0.020987866325585303
-0.12160584560143756
-0.14930860504218302
0.2619073936922794
-0.4145467730456585
0.7540254634061017
-0.160650707237646
-0.050872152597308706
0.5889374150833762
-0.12720561678546827
-0.1639872646996106
0.23604383522100703
-0.1070201085918504
-0.11392644761977433
-0.060789303772651904
0.33111649552828626
-0.12052924398620816
0.5293043883713027
-0.2918569873316521
-0.42198999364945344
-0.32749795757334765
0.31449123666100254
-0.2542307602976047
-0.3802169086915295
-0.2568976336590958
1.9903888312120355
-0.08492446305234341
0.14547076343098886
-0.02278447537497455
-0.36830719323169425
-0.24245199634314113
0.6314388630910692
-0.38829372743743445
-0.14174425561133763
-0.005406179205302106
-0.28482837576225245
-0.3363023804508589
0.5192088873188013
-0.1879444601265305
-0.19563873790875647
-0.1383522010268099
-0.22823665341501045
-0.25809223822950694
-0.6334997319261284
0.11771072120319098
0.5966588144345847
0.2176019710465822
-0.5487899977977619
0.43414946398657756
0.02756359815582038
0.22935851827671971
0.3961648063143244
-0.06952819767709573
-0.26704055498306356
0.3802110477386207
-0.324768650655242
-0.14455157720327816
-0.37781836846131733
0.11960238874627827
-0.16345078017563303
0.7486505440955438
-0.3174423196936712
-0.35716740260614177
-0.5218227603926295
-0.1942499809924404
0.4380052739879837
-0.12466715224454517
-0.26542729495939
-0.2298457830624061
0.049901938963993475
-0.12155913533859192
-0.1411118541714157
-0.15500885384130408
-0.4576526139594025
-0.15668503041954057
-0.1921843664703354
-0.09549110660991958
-0.2478539984476742
-0.022451019886086887
-0.10391175318114546
-0.20683771602091272
1.3516147340823497
-0.4602175347533555
0.1549108858378193
0.3071647396671907
-0.06231303685675893
-0.21943785471383664
-0.18710081897898667
-0.17439246598577904
-0.25242712382996246
-0.07663974557514547
-0.07250091443228239
0.6445545781473078
-0.15059887823099316
-0.14322711907119975
-0.18764367135616666
-0.07681691393914364
-0.08286722615461053
-0.07249374625782412
0.18076753579003707
-0.05518789248731176
-0.10697847265548388
-0.05406245130140233
-0.12659928750028443
-0.011178968407139389
-0.04857269714075691
-0.11368621891953906
-0.07283408767423745
0.48846112629988775
-0.15507865037380425
-0.06607552962920436
-0.028241383669820264
-0.0870070373839269
0.6324673927892963
-0.08931620417631764
-0.1411855817553223
-0.0342431491385245
-0.031638478449122376
-0.027240727808854337
-0.05510530738519348
-0.07028510937283411
0.540093090325364
0.4571846974216487
-0.28116804491583025
-0.2192932233924327
0.733558643319402
-0.19448578296280972
0.2449309342647406
-0.14609133957307985
-0.31628454518827687
-0.03780473520558841
-0.16287222724379186
-0.26613382530783614
-0.32560953235123646
-0.48011990939491905
0.7933632163744848
0.7210633501874664
-0.0836309056574735
0.2529496290371959
-0.22538696778341977
0.2797195933320485
0.326863129360318
-0.11543228039306908
-0.09177793529101828
-0.09572881204554749
-0.17322400269942684
-0.17462945625193155
-0.3561941163250367
-0.14692413690793493
-0.1722906936178199
-0.14328483439748724
0.5902133755188228
-0.10563640691274506
-0.1837766817943871
-0.11397952193608868
0.9679090766117782
-0.030235918627119274
-0.1040344961005405
-0.21172483319575697
-0.16507973977639584
0.7610352230182075
-0.3363466810555812
-0.11636436402920934
-0.06016195609583505
-0.1701482123326008
0.45498709806366405
-0.15282971502840603
0.8936216326928814
-0.09075349751868939
-0.08612195681645901
-0.05579092728488974
-0.09505034550984444
-0.11901099029541296
1.1673848640408002
-0.22921426170759113
0.7824611150373149
-0.19322119137268373
0.20088399900225057
-0.15222759112167894
-0.26654474986242105
0.4171145308674256
0.34698846980737375
-0.03568308489813575
-0.15290327512142876
-0.27865310652789066
-0.21600904608006588
0.8600822876462438
-0.384381827026342
-0.19756725878423204
-0.07520227043096467
0.18091707277032443
0.6976972509696061
0.07257600985243537
-0.3389881961278969
-0.10080453869854
-0.09479290573095112
-0.08245020737244632
-0.1466036861339703
-0.1994078520085637
-0.53718663874057
0.281138427413924
-0.33948594049738245
0.12725251857972614
-0.681688891213275
0.3582445287779771
-0.5102074273744286
-0.17623637320350471
-0.367603251687014
0.48126637683821283
-0.16218797806971497
-0.3010693228387182
-0.24546542418953804
-0.06099966663638398
0.43820529635414984
-0.2626265687571696
1.6703567193700386
-0.2969592506525356
-0.306524259975022
-0.27931952485164535
-0.4730795462007265
0.3395231646406285
-0.12751055058615535
-0.0833580735036965
-0.18423858401997315
-0.16352225092962402
-0.22999412442418665
-0.08399007788978308
-0.10792181083685282
-0.09960514122395564
0.33873295975549955
-0.05912520535062407
-0.12811034827815876
-0.05782306168075056
0.344898818067634
-0.015961208736313792
-0.06201967588975099
-0.1082172657301276
-0.08819118225760314
0.23325951643914003
0.3132861636429587
-0.07711098959425669
-0.0377367861789592
-0.10647987941701165
-0.09666113941318547
-0.10004090981025648
0.2232838642392442
0.775264630688367
-0.040902183618685584
-0.03552980584115467
-0.05976032741769138
-0.06970784587861431
-0.18976495224674955
-0.06548609449478537
-0.08131512410501948
-0.057633086227912356
-0.2415547188799756
-0.04637042637017441
-0.09854445355723368
-0.04179131943555453
-0.0992246931541807
-0.009250157399573744
-0.04395215456174864
-0.07976321938364112
-0.08930577564990072
0.40023411956299254
0.7433853282915601
-0.06069013365170528
-0.0229650199146742
-0.09395017826255014
-0.060323201671243276
-0.06830381121328405
-0.14033574442492097
-0.03616621140490767
-0.037997940032631294
-0.023659332768079022
-0.04342221489814885
-0.04699247977754525
0.5434910531645365
-0.047821350365248316
-0.08146287006024855
-0.060233255111827616
0.9171191387022055
-0.04216614403449101
-0.06948931664856137
-0.041790896861114424
-0.10472151857406842
-0.008357039190256599
-0.04614752716009779
-0.08228469796958741
-0.06456527280704544
-0.15110508967546232
-0.12301941742722416
-0.058834036415084334
-0.018530664944401254
-0.08237792390527172
-0.058378233305065
-0.06806363334049204
-0.10283176409864775
-0.02781019848469468
-0.025185083273765008
-0.02552248705193963
-0.045811271640082696
-0.06912317626036679
-0.294132118045909
-0.10436850540940301
-0.11638900439353383
-0.16110044432102993
-0.3578544987588081
-0.09779735904059297
-0.16553002188222599
0.6131543472459164
-0.2669808654285767
-0.020493067303344104
-0.08505387326074376
2.1742733601912194
-0.12339638173706566
-0.4332539922875148
-0.24128230432544628
-0.10607018542522242
-0.049208703080929325
-0.1186742676580746
-0.14190622727960356
0.43838952224043
-0.20001342788737542
-0.05475222623224035
-0.04580681397564598
-0.053460665600312984
-0.1279504919830141
-0.13528119832612973
-0.35184516898980656
-0.12696719640061258
-0.15488786200740756
-0.13629989605388637
-0.4106888757670081
-0.09390930254202778
-0.16155953754651026
-0.10454684218453542
1.5113619979191784
-0.023531849170735294
-0.10214299678728755
-0.21365908414934265
-0.14015076608125238
-0.3247497396824663
-0.2633485199104144
-0.11666250947789832
-0.04978282921476729
-0.15658159618905088
-0.1451476700087062
-0.1549551412600807
0.8714377236097067
-0.07444574749269617
-0.0668328938291548
-0.06012225317104192
-0.10551944190536701
1.5781846909871544
