-0.1894719924693324
-0.2657016433517561
-0.01773950182305581
-0.02103018116711915
0.0031190439003203813
-0.2546635383305468
-0.11120801026241323
-0.05753817717230199
-0.1660202430647067
0.007106461064624229
0.11611247944068828
0.057171001594592465
0.06733453810684302
0.0934652781127641
0.06004777901108316
-0.0008883339634607907
-0.36709534989376186
0.02932019497747359
-0.04857533016657361
0.12085211508476358
0.18020486205960295
0.0751910190713241
0.04561759087606182
0.12335298661022476
-0.38852378369626595
0.024515056895591622
0.12059335132424287
0.2794151812104665
0.2579910115983259
0.18923938968894038
0.15667487706683383
-0.026433900680782562
-0.6034353135831667
0.27654804279846423
0.1943918477995341
0.24657544929335784
0.3109129529148674
-0.040651819851502784
0.0080371247393347
0.003796348475903882
-0.5042174317715499
0.20008036723810335
0.18900363092155256
0.2606244144079786
0.0708035062984129
-0.04877994230783888
0.03220149778120617
-0.09285238338129548
-0.22237514495302202
-0.005134956255775896
0.2336277866348426
0.18282997361381312
0.011609216274756985
0.09812105770496239
0.1588519680244975
-0.1257232836100168
0.3268712543345687
-0.24332634287408045
-0.21212992897074395
-0.13040507809381144
0.24009718829751983
0.43456627596851216
0.4471964858672481
0.07235424594503008
0.8298859640300486
-0.2554051674570684
-0.20889431731766958
0.2160396669046192
0.5223137140960745
0.5379627629459244
0.7305833764131814
-0.0179741138605368
0.918156220405197
0.02706392752613114
0.09716392746870252
0.13701365386496883
0.4797864380999158
0.799958910119651
0.4225162774605354
0.16864923331304202
0.4059176104096784
0.02542503068394439
-0.20191644185473623
-0.2848605275508168
0.25001548905317844
0.28155662564765543
0.25844353105061596
0.6706461042181072
0.10362488260038369
-0.07270845915077599
-0.2077316915037922
-0.25745869444783576
-0.12416472844363168
-0.0623929775000033
0.17405100551138317
0.5700465455777847
-0.06800952504663953
-0.32922941379598164
-0.05290992463205441
-0.3462056099791507
-0.3658681693407953
-0.3363021636771938
0.14756980178668
0.4588430732462852
0.22407885316979437
0.0201725551545726
-0.046837098001844504
-0.492673079785206
-0.4137710093651683
-0.496213288055663
0.07593512723898543
0.4144365579792636
0.17494459296987724
-0.05009824786469722
-0.13335026061089164
-0.3084284148760825
-0.5847491067764022
-0.4357020170941493
-0.36692204691100666
0.11690288755811026
-0.0405130007896184
-0.10886489017372598
-0.33256581542284597
-0.48191427683974225
-0.5022325439874299
-0.4339194131190124
-0.31990471786291874
0.01622127650288741
0.055642104234484874
-0.03023523502268898
-0.26574100883793556
-0.5629422829023113
-0.577843469026433
-0.8441330501808236
-0.5871933631569232
-0.3547230073204086
0.09023158970059239
-0.016910649583232372
-0.3131180865913172
-0.2927724517219071
-0.3371111191744329
-0.4595619213050107
-0.3920114614119161
-0.324808718836014
0.15739330382615527
-0.02287418735232918
-0.22782114536291495
-0.2712142851664658
-0.1932707223422417
-0.3500144289683009
-0.4352305243822271
-0.331126609383322
0.21606307208831874
-0.17729656980649816
-0.3121914087683288
-0.22022056137286114
-0.3568221473868939
-0.37019062084393534
-0.35073025576123745
-0.44165144328196715
-0.02258364649745872
-0.31178518145482187
-0.23216234519989548
-0.24357722291596265
-0.3881399967774572
-0.5450805078590373
-0.44781141527090895
-0.5820838117085685
-0.13450591072901422
-0.2713649535577346
-0.2502282349600069
-0.24987541836279192
-0.40623168421460726
-0.3499068067430246
-0.4548665935161878
-0.7798572532374665
-0.2525383087552557
-0.19638808290161963
-0.056638826400939236
-0.09744607188791181
-0.16634248727706774
-0.19505501582542406
-0.30183930386113694
-0.7927090738617996
-0.14774157471690869
0.007909822564291904
0.058576944546857974
-0.0018254684377138467
-0.2885046551756392
0.05050777359919481
-0.06580100477853877
-0.29554138671910746
-0.2818954504793675
0.055596373562284564
0.06107767420532079
0.1334947158410614
-0.058687528542564774
0.00790683937202727
0.17922920755491534
0.3784177379350435
-0.30405527291504814
0.22238906655945265
0.2756645104269589
0.16430843659016509
0.13031757992051016
0.07745059618629596
0.12166815689181593
0.7173480435379832
-0.05126024979955075
0.21696518193598596
0.3756802894742433
0.22699964313878224
0.011994899322289367
0.07098046113946994
0.3110721763773592
0.8342506953130328
-0.016733286607204582
0.3276540996574282
0.4012535636162514
0.2771680302201575
0.11117659748564962
0.1502013558221108
0.673985134380622
0.915980797590516
-0.0007831969247357727
0.35569769618691266
0.3685151320149171
0.3129478685363577
0.1028076402684051
0.42880168867785984
0.5414710839560168
0.635588997112509
0.25555315191665756
0.2905028135762812
0.4585998259050508
0.15530819844421379
0.31584560423946145
0.34196894653146775
0.46686647476316434
0.37965018925956995
0.4088253248749733
0.3041493691153921
0.47184110527990086
0.33503575877660635
0.6406122899724697
0.37577673683179
0.40421049228961
-0.04159807008093857
0.35461037630376324
0.6972770876545084
0.7099990877928765
0.7864070435902005
0.7349811069632336
0.4519471160935413
0.0509627045373871
-0.32197903723300925
-0.25025834547100295
-0.22782027496717622
-0.1973945944668441
-0.04487004977993825
0.13107545345171315
0.13385546110534233
0.21873303787415788
-0.060516717373742694
-0.2942941665853301
-0.0646435129966011
-0.0441552607980934
0.0429587001840205
0.06493069869162285
0.2138744469872045
0.13021950331617627
-0.04900444445348117
-0.4029527996773247
-0.28516819241408925
0.04065026779378639
0.0883826888628496
0.1573907347071795
0.31473739324858196
0.08978941372587822
0.023001938670794538
-0.4326513055572649
-0.06519511353650209
0.17806332587163917
0.04185254356838975
0.21876990542806982
0.05538513799639135
-0.05896817814347998
0.07440679714299517
-0.40135096987197244
-0.030337678142816255
0.20140304202195883
0.4134170195239275
0.22634639575850993
0.08860556832844754
-0.12548433664168415
0.06712290425166123
-0.235534863699342
0.14515767826528156
0.3096962626855864
0.3870917576968371
0.0832577530079113
-0.182607976514129
-0.3081579703832349
-0.20734657664909886
0.21445906786869143
0.026089547403633402
-0.00034851518878816965
-0.500330355601174
-0.6176779281055413
-0.4584404910785325
-0.3819967356654409
-0.7966550577889786
0.8881289704546075
0.024831658096889208
-0.669419475753924
-0.8979705124213538
-0.6716315701365936
-0.5406806617633051
-0.48275031965689513
-1.0597406805590577
1.3423935833704952
-0.15003454256650742
-0.9320903986910593
-0.8738703376371644
-0.8359036042462213
-0.6687972406230951
-0.5989976663548527
-0.4846165303784865
1.6188039286533955
0.3979934572101451
-0.3000375590191335
-0.635891861394826
-0.6473786700261323
-0.5757454834512655
-0.1577221961357727
-0.22186905912997992
0.7212630988283764
0.2362838795676005
0.19923736588730587
0.08681518158125746
0.058072233727854784
-0.05689951525810084
0.056116150220395976
0.04947959176273585
0.27421300721208997
0.09114400315589832
0.08516450626935577
0.14515467983706756
0.19034762488167398
0.10630074290972123
-0.015191772503608996
-0.09450037554275795
-0.12535083847771883
0.08520605003580493
0.23291279244153804
0.16960383207310303
0.18877161503798817
0.23808121685919542
-0.04413051721908165
-0.21128272881008367
-0.23692043724458559
-0.05975525047057154
0.1590320279490401
0.285695804099252
0.1789183213987481
0.2071769531092273
0.0026860488790559915
-0.02422326614626568
-0.30331607960154805
0.06634025379230685
0.047355659693338936
0.21389451750356295
0.17519323594984387
0.23181532472687139
0.07916901285995295
-0.13916216113000449
-0.30289474932372135
-0.15517052702157202
0.011213816902178937
0.23749633220998892
0.30632267387996703
0.40419749649083997
0.33463902499995024
-0.016638607551842096
-0.2460705747248253
-0.3588033648234989
-0.5725601279276672
-0.5550591482029561
-0.3417243463995299
-0.21894809220495043
-0.31889230856677064
-0.16734666559098696
-0.18338288367550043
-0.2375797241507223
-0.23073374132858435
-0.22849591577558268
-0.2855390863203556
-0.0501304650283978
-0.2915408390656048
-0.09980996694004925
-0.17107529661834228
-0.2406691938144823
-0.09588129840966833
-0.01916441807834903
-0.11541672859609461
-0.14852146514789555
-0.24407655886151813
-0.22817944878911994
-0.4396004841244887
-0.31967278259926846
-0.37085511064714277
-0.16179678982084966
-0.040101367730591385
-0.11291855477393431
-0.09972519424493985
-0.22618711088085663
-0.5571843275093608
-0.42816970044835934
-0.474630160819636
-0.26169507094348476
-0.1996814178584729
0.02819986068050629
-0.01017102766330328
-0.1528776372800941
-0.6852117337041576
-0.37225765646008574
-0.35376976894953527
-0.31095772327945914
-0.08991778519661953
0.12928304601507198
0.26863858322210393
-0.04486214442271744
-0.7767646946670482
-0.4769095406315264
-0.42864059907963853
-0.2350924515063938
0.03815284974221698
0.03878552228838786
0.29827118538967357
0.13547820982349626
-0.8139087958195782
-0.4119033546420352
-0.41513446864377224
0.049750746346686164
0.0459480358425982
0.21593970648122063
0.05971919530221836
0.19719931033217053
-0.5144825788149948
-0.08005999661755553
0.08255786899691293
0.08085321050958678
0.13889726737086297
0.4623799709827434
-0.03914286878520845
0.23741195630270182
-0.04165377683311377
0.13987159976791155
0.09951053531889073
0.08306333507333036
0.29396850877174147
0.3091568518599818
0.31579910810520606
0.20342324854486968
0.23774479946419153
0.13758424474926728
-0.03929382465629039
0.044786662572087486
0.4863559235361651
0.4788531920406921
0.4629980816095471
0.07592468104023968
0.4905284209671744
0.3867004876508415
0.17420876324353218
0.22959274931066292
0.45324071884313155
0.6310786340576265
0.2978966421732918
0.10044303705516186
0.5561906433768421
0.47315020611306785
0.23888975161954545
0.17245210007124212
0.2680149197970558
0.38900539842379495
0.3850292720496307
0.3969225923546334
0.5069775631747282
0.37888195959842047
0.22338295363449281
0.10486697482184643
0.31170898590501667
0.594460342022732
0.37259022558957805
0.38685818439288583
0.4204135455259218
0.5377290266965562
0.20521609477599978
0.22419813313521678
0.2443104392236873
0.20969132284762082
0.4791521492367482
0.4873564765561019
0.2343236537055501
0.4595585499142834
0.6267650124779574
0.6589237395600706
0.30177788397742866
0.03263799210394472
0.1820781449843314
0.39545512731074606
-0.2949665510755076
-0.33238891739156395
-0.15754485274439065
-0.04002595352172418
-0.04061515368643037
0.11667037258518846
0.17451975517677515
0.1302333160356819
-0.42536139935395323
-0.21272534869972848
-0.1286193300334378
0.22047974155152553
0.10450735562582754
-0.013671181054215746
-0.09858488419697226
0.09235761706314859
-0.31197589019542865
0.08642200560998896
-0.02510683346932956
0.12774498884571645
0.2005258241121061
0.07442844758376904
0.16734836481569296
0.15802439512007896
-0.26544477861453825
0.14978603307202917
0.20759076117769185
0.07989877007014527
0.2277109014313907
0.14376940206922542
-0.04809044734401641
0.269683342497782
-0.23608892531372314
0.29714553878526845
0.20566416851355843
0.3424709894647099
0.2470707850418425
0.10964485197816756
0.12596969143239242
0.44969873864372173
0.23777239994824448
0.35597551726035925
0.3057421030545352
0.1999078873439313
0.0596477257940246
0.06307729753440032
0.06622426213366588
0.2723149720862797
0.49843241174197894
0.5581196891973281
0.34879280240610766
0.26719168533345444
0.24171250862836646
0.11170515060981179
0.11919049366770532
0.17246737662211817
0.919494348915922
0.6412581692960408
0.34822685833854067
0.05414212736355985
0.1961611791089526
0.18443058255441794
0.24496905433487878
-0.617740795537684
1.0652377591631685
0.671561192526586
0.35727670161669617
-0.014879309274377054
0.008688737424352097
-0.2036607891203647
-0.6270365654785065
-1.0565938677624818
0.8324969335020549
0.38315634993636194
0.1414465405121082
-0.3937694127159087
-0.6146845789729245
-0.8074665204480752
-0.7827087259735802
-0.4299937617249022
0.37871132011775294
0.23377706605005438
0.18384414311496985
0.03770237885153261
-0.07838597042797821
-0.27290136755376837
-0.1617403159060481
-0.10520195884158544
-0.181495970847966
-0.040172036234858745
0.11066211732393867
0.2114640979179605
0.12395281188028699
-0.05145092700255265
-0.04048906748421469
-0.19169875186587515
-0.30809000933134545
0.0028552352071863174
0.0028746458581580354
0.17828329261035836
0.1486225834017237
0.14897031826465956
-0.10590015015926761
-0.08321200784880377
-0.48931162391266986
-0.019842552681426293
-0.04205749171034731
0.15368955619627792
0.27666027464078863
0.1335389307107341
0.033662938286151835
0.008508995026765527
-0.4152685603532779
-0.03239533406773055
0.09245534876970816
0.04372101997836593
-0.0067699331807788915
0.3676200970832209
0.0982921798024495
-0.005718473750497389
-0.3306951258995637
-0.3008802558376068
-0.12084733386116131
0.14500405532960495
0.22608784252627573
0.2917531944295807
0.2532692962866291
0.33761142554627727
-0.08642134755916218
0.1406128659609073
0.2014707255836743
0.43479082804475355
0.7809599397522814
0.800424461189185
0.6263677872298347
0.4154735741399054
0.02451360851937288
0.09842154633762748
0.2731750316080083
0.21428861468075447
0.3484024665317816
0.5619314866063743
0.661532061979216
0.6927916430915722
0.03880273509955096
-0.004127250120818033
0.141613308057058
0.27402231123734183
0.3102757434950099
0.32733343273756
0.5834776825133888
0.5434403974402238
0.02570508964075559
-0.041599158126088755
0.08685701723045898
0.2902658373994796
0.21952868967344613
0.19055996975476452
0.3385819567959166
0.44052157986201723
-0.12647137575860487
-0.057117145184677906
0.11683058974298492
0.1721967387469527
0.06617430740838193
-0.269952045632416
-0.08905384597182418
0.12552656854030644
-0.0648156228336051
0.09988635902580507
0.0361204979428968
-0.0632293679930663
-0.2409571570904355
-0.6011892802127979
-0.3856419991398809
-0.1621913306728854
-0.17921754095991074
0.031360803154335655
0.10670100141862068
0.025520037980436214
-0.1924540212573164
-0.4732081310270307
-0.37857847784245624
-0.3520557503468256
-0.02519681409530568
0.2738364891664351
0.29901791480384504
0.31149870826087755
0.18732918730362452
0.031478948926007666
-0.24690577216613108
-0.29301215908080025
0.33091081156720686
0.5094477245790127
0.3622221964948851
0.2702129862179873
0.1667704439026429
0.06091769462687232
-0.029655004984572114
-0.255770184533439
0.14592585640800762
0.3088214649569767
0.22963050280859296
0.3350373013743963
0.2806018535405135
0.008928576256163953
-0.3421622390530899
-0.4695484111446939
-0.07726991834243015
0.18342151044303276
0.37036173480766654
0.26143934852593964
0.26556097832020314
0.013115092517498367
-0.23211704278701023
-0.39306239241296237
-0.15270313124361848
0.010863495051035796
0.1463848639190509
0.2287240375302834
0.09488425454189565
-0.18997417574568526
-0.2664075923928809
-0.32000649546011034
-0.45053057260324
-0.2345790649243713
-0.1810563091820921
0.1608093800793428
0.21162264209892578
-0.1296467972012259
-0.3588181499867218
-0.2992795895687695
-0.35040210340408745
-0.3144665924174567
-0.24263412728920913
0.13765908874175267
0.053394881901152734
-0.18826157091930432
-0.24716863435229228
-0.27723224300764837
-0.2827129646897025
-0.2296799197372988
-0.3131174065141396
-0.06256300337994375
-0.06989175254771487
-0.048352775656268776
-0.13874863573122742
-0.22527476842937957
-0.35039925417210976
-0.3698988600639003
-0.2970773998741999
-0.3224957435608477
-0.2011245350670252
-0.24673767100415378
-0.16726514080745367
-0.1530083065971206
-0.3850056989955084
-0.37036890759469354
0.03329153403640464
0.34658626145055355
0.4228840656740855
0.2589608727300983
0.22779876961039958
-0.01828053249483865
0.037132212307358185
0.376325835205184
0.3443126514913172
0.10680145966803123
0.07263840574168587
0.00790367042577271
0.26209244750462357
0.3311882888833853
0.106545140071337
0.440676093026075
0.5450567634963805
0.29253294130503316
0.28158235229262973
0.346005998411991
0.31755360796532467
0.21507618590664665
0.4023013394171143
0.4358709838799017
0.4767134344879189
0.5487210827204987
0.410391303477946
0.46575244065576843
0.1334700827807587
0.17585846985261558
0.12113463107739
0.27845702825809643
0.4727246631860904
0.48666680300483106
0.5565757179521889
0.6898258340108001
0.23773897194614568
0.1845152409602699
-0.13027136199093503
0.07865859638740687
0.0753912702979192
0.20148759464512386
0.5413141055011723
0.7485597498310526
0.7756399571070284
0.2566693545553838
-0.5111896348057291
0.004538920410531032
-0.2067257934128165
-0.11089373252900946
0.13915944989793566
0.4258385006060377
0.49466718552387334
0.35405783806849495
-1.2715131700935605
-0.7313809177776863
-0.206529594489614
-0.0562729784685585
-0.2625458953357934
0.011179251802371346
0.3786859797647682
0.2456462024674903
-1.5393188557978867
-0.9885316275712618
-0.12821229158189118
-0.4171239412915326
-0.1765967131725887
0.3107335521109426
0.3353332745455167
0.3418220162259109
-1.2985287650112918
-0.7432199427968557
-0.40407575228375975
-0.21849928587601106
-0.07155831432704059
0.34505400534263875
0.5357228665254395
0.501006104690111
-0.5299145723669338
-0.5069527938912624
-0.5577903772802205
-0.570444974868935
-0.3423898455911566
0.0023374070439887433
0.20536158161180146
0.367513148377879
-0.12745714501017105
-0.19789972444552775
-0.4375476462993371
-0.4881298654380102
-0.369835479315515
-0.06258542084894064
0.04811162235889488
0.30457095341428164
0.13430757904091456
0.14655399466958446
-0.14082067626438133
-0.0626447574003379
-0.17227882914399345
-0.09668785964689779
-0.09522613828858685
0.3065286205528689
0.20976742805779208
-0.0014672679532179071
-0.10964060203564834
-0.04990384562834762
-0.014506316032285395
-0.025305313935783908
0.22299807737481603
0.19873904601016384
0.16627056172488863
0.22862322540340585
0.14846411956229627
0.17315725837333615
0.03651023848747033
-0.37819459961658974
-0.011516559004657942
-0.13719332721661961
0.10068788788698822
0.2719235204337746
0.3809977002145654
0.6014184411291454
0.2656942682058588
-0.22619833135314138
-0.1015704122562694
-0.07982183538220666
0.30501887148579787
0.21903010964371075
0.035060400672061925
0.08761231809828128
-0.07170595394018098
-0.1735065702267445
-0.1814334302155848
0.04469775371776843
0.269341955860635
0.07114227323008371
-0.037082524692157816
-0.08208049686304507
-0.20664238698986706
-0.09725774937049174
-0.24814835864885404
-0.11694214567768729
0.37654568317890635
0.0968894210024321
-0.18174998635254308
-0.058046060052805826
-0.3036401183961019
-0.2110866145386832
-0.1719590695873085
-0.07930172420132592
0.349153964465002
-0.1394818057096033
-0.14230765652003877
-0.18883072540504758
-0.27996902492172254
-0.26495957842663065
-0.3096715686830591
-0.17695095615962694
0.20467516162637456
-0.06685277174114931
-0.2255177765678303
-0.3613379387261549
-0.43655534095228027
-0.5112833975260718
-0.45698626722622804
-0.3344893191315519
-0.06441005935646121
-0.002277376819489303
-0.21545577391101378
-0.3089879876207107
-0.4219011552408404
-0.45137771635468305
-0.442776488118649
-0.3961245501160293
-0.1178079808396452
-0.07816373736567789
-0.08563620981334803
-0.15104798957365106
-0.34452928993809445
-0.388286683178019
-0.252378751111784
-0.35591940312139575
0.043195829402010964
0.05991943662861366
0.035505404227565034
0.00875976790037743
-0.017723208663391984
-0.05969296243216494
-0.06177145538001971
-0.23933360367550743
-0.007067616153589709
0.08928450248062662
0.19576000075571345
0.10610927534502042
0.0327810592224632
0.050525693409407324
0.2624727240266914
-0.03524545436917217
0.017344654235332983
0.15746689414737564
0.4939022119584496
0.18796192107730833
0.10382987188608496
0.11311523803394412
0.2470448031344083
0.10303918054653273
-0.11991154615853845
0.29867695933775107
0.5466562862042639
0.2646170189744112
0.25164500081651797
0.2627683040077783
0.3884496584669817
0.206687780763002
0.005692159994336663
0.5509567747637008
0.5299148752986496
0.42002895084959274
0.1752988689993591
0.18133060465249112
0.34816435534834234
0.32564680022577386
0.24692411107178006
0.4951904631340131
0.3961531348209356
0.26979806498387754
0.019498048139786065
0.05317493450964619
0.3926124246707474
0.4193773161646143
0.2889000210930027
0.46460009638559513
0.3418974023684934
-0.011568511181153917
-0.3942244232313401
0.0634552483525613
0.3596270382969914
0.4776090045415264
0.24852296033453355
0.36379966094324073
0.2434844660455247
-0.27252303811641204
-0.6199753629842676
0.1176331055637708
0.3353250238202167
0.45532480587781166
0.2159733167549761
0.32005858341079857
-0.024085220819379492
-0.8153943676226587
-0.866833479516781
0.09773284408364778
0.554936331647969
0.6771588287596484
0.5258084278072498
1.1965010570603127
1.433796608625656
0.9426030729259441
0.9372098487969186
0.8984225845347951
0.4503340693305058
0.25368411077287134
0.11131772979050485
-0.26617956745158405
0.26732396080443294
0.2663673734098147
0.42831358008888026
0.15491718864541917
-0.04308515963507205
-0.3083457050018317
-0.39422441883823905
-0.7482718863535194
-0.5906068252531456
-0.6291046141239852
-0.18773866947209397
-0.479462731542567
-0.3584123474045938
-0.28660333740561145
-0.5792505957611238
-0.9543486674489509
-1.1370685427189424
-1.1916538827843641
-0.9805527565486634
-0.924253286437532
-0.5309653407306765
-0.362158515527338
-0.6392549195027647
-0.9506436718431341
-1.0255357168170012
-0.7511236798151606
-0.7934150652715949
-0.7246723489475911
-0.3820187079714205
-0.13332238800555055
-0.78147158597794
-1.0671831828493208
-0.5086142299028746
-0.2044271352042951
-0.2685755552712048
-0.40920222629028835
-0.5806833891996616
-0.36200214994171
-0.4099337750127103
-0.48820773119638244
-0.34948850864705866
-0.12121967165858073
-0.09426961202598479
-0.3292848539219964
-0.751019976148633
-0.478870083199997
-0.19945778174316312
-0.23729986189603305
-0.22225821588645192
0.13563185631422986
0.45400937305410566
-0.12978263114015529
-0.7562220585053618
-0.45954140235650026
-0.27148359238467
-0.4532068910586685
-0.12606591014708257
0.27701613261320884
0.2603675546887932
-0.25786013480727515
-0.5728959379442196
-0.30776338008770765
-0.3307399484237576
-0.39591629060228417
0.19372009299584886
0.3986667137976359
0.33158692355960506
0.1051492690789521
-0.39076865050683074
-0.26086209095494084
-0.15357246546886272
0.04793583437121893
0.25814351459026214
0.5183195752907082
0.5961224141261948
0.01937363672130961
-0.5781969668342396
-0.32583657416773004
-0.046217325553194404
0.11683579830306504
0.3160061702095692
0.6271436868573863
0.52428970284641
0.2579553528675908
-0.3851454256008321
-0.3297422794183347
-0.016623180685463947
0.15192626670534265
0.47112709207846826
0.7067706601593194
0.664103718576309
0.4114402945718973
0.1706850346226615
-0.1814467405695748
0.0767246112756415
0.2908370825777277
0.4951280308585024
0.6397069585083062
0.7108566033704016
0.43330492976600704
-0.10506212476594859
-0.02267798720627094
-0.02784632049056895
0.037926711119385795
0.32471769840726344
0.760860734819396
0.5938893238118119
0.5193035775222569
0.2068655716019629
0.17679953627346795
0.16654124881627622
-0.129626659151499
0.15883189156707028
0.010234245919865997
0.5234117974471008
0.35036404048195113
0.3943729319992689
0.3309571971969132
0.013246236056020735
0.016848341987095044
0.06435747270999174
0.15967565664806463
-0.02298150989927342
-0.04220795787842051
-0.049307876094928
0.027821461440808683
-0.06768973958380405
-0.14190984902909926
-0.19297691384589388
-0.2270077811531039
-0.2218474576299015
-0.16309630487114674
-0.10983754459674236
-0.07796453454869498
-0.16712814294237338
-0.2222273988466596
-0.2244457837266747
-0.2297623324494643
-0.23175745736203737
-0.29734196018012293
-0.18498740103960093
-0.10059611522665556
-0.15078011995586768
-0.18835763065798733
-0.20148814734046053
-0.13252199815338012
-0.1566708131447059
-0.040480313875296624
-0.009259624670300863
-0.11451745876401825
-0.17666917399654192
-0.1642093178002308
-0.16080069159024826
-0.027085502728667738
0.057321914455658485
0.08536502937899976
-0.05306347173438154
-0.1672618765825176
-0.18940803840336023
-0.2000847110897913
-0.1418868288365107
-0.024182719510348834
0.1032469494628255
0.09384023338908198
-0.032038820709445644
-0.051440461806642225
-0.2368623625151222
-0.24181606925978896
-0.2324178700954468
-0.009166486268179515
0.11066524896525182
0.14619182603519207
0.04438678954406316
-0.004214784090229922
-0.23507255012713982
-0.23327857338674893
-0.25646645190719913
-0.12098322917448495
0.09532736067206644
0.1549689868328229
0.06824716743081602
-0.013533024168375396
-0.23225079628778897
-0.27029710746962526
-0.2817574943262251
-0.1847447509896148
0.0767521783503009
0.20242821059157717
0.18594310381455365
0.007653800929570414
-0.2570663347327941
-0.2343368587916833
-0.25050643314247545
-0.1888170485554328
-0.018510635703540605
0.21223316557446406
0.22148807796958955
0.09297855117787922
-0.10915379180901834
-0.1573734774500812
-0.21986896662868927
-0.23145804290249727
-0.10078333694911006
0.19246952263399308
0.133580119123945
0.12988595928729052
-0.03205917255357209
-0.12325890527670508
-0.21549240587167134
-0.19288388718707178
-0.10224053656435321
0.24999925876471457
0.2291854901104324
0.22585021740117658
-0.008994485641116537
0.00545095757337244
-0.002998235260298468
-0.15098233155140042
-0.0062920081405889675
0.22056361067195154
0.25427306909356095
0.1957852841737851
0.04304746263372075
0.14427705911441868
0.17619255649601903
-0.01606135337770359
-0.03190964939182301
0.11930889854462855
0.27282364189240343
0.20939137283852505
-0.01056925414092824
0.17488166847086392
0.39546397123548716
0.3815348125008845
0.36058604243660297
0.27258679496095545
0.3887902201205024
0.17880204852906978
-0.025836935435728844
0.06185839014871826
0.43031302461794646
0.7155918976451066
0.7908274840953762
0.5173688791610308
0.32941918301657797
0.005939307170612992
0.159674188070142
0.12588150306832316
0.10774474852102917
-0.027740650720094764
-0.22834221353851683
-0.4297068443993581
-0.3912687345216668
-0.325802957100386
0.13176987119978217
0.041046997495733484
-0.07965720196938639
-0.12269814112405465
-0.2508006331271226
-0.41654302040350244
-0.2904074885236932
-0.24554442413759092
0.3544837890732316
0.017168832946032036
-0.22174955617346645
-0.23567409863005584
-0.4176463403688358
-0.35525129379156917
-0.1841851755783897
-0.30738270256971245
0.2898254588898792
-0.0014478980311131812
-0.21772769519425153
-0.2914016592806376
-0.2966945715718866
-0.08916301194977577
-0.2775435533146337
-0.44872059228562533
0.30619800855085283
-0.03353381110051795
-0.3801257615849913
-0.32364374062827017
-0.10062149052238054
-0.1908628741707125
-0.34962824769965606
-0.5245257226902089
0.08990442212020412
-0.0636284573951969
-0.15490864856709907
-0.15974822590315033
-0.20635609726492798
-0.20743406162644026
-0.07439572592530452
-0.159777429273253
0.062009115458812436
0.13052831454961467
0.21012218636811095
0.1421929077567243
0.0491682517530212
0.022508364142406284
-0.07744143126610112
-0.20191926170520302
0.04066123798013596
0.27600348192128804
0.2994819961282916
-0.011282985457328195
-0.1745517429156922
-0.09068922178478933
-0.05290301653846237
-0.17954936437465352
-0.042414202445122486
0.49263560805910467
0.47506759700187995
0.039509558730886796
0.006115261139187424
0.007496320444891191
-0.19026134024828972
-0.4438287072585445
0.08579797139676261
0.5426225773930095
0.45226614947018384
0.20249334250476242
0.09893701688639693
-0.07708797868983043
-0.27134187889785133
-0.5387539672376543
0.20350368235099708
0.4050938130628893
0.5009700707411958
0.374942598317021
0.2691031234932343
-0.005751841995487815
-0.3018971307333259
-0.502102424831404
0.12751961936685233
0.5181488394669236
0.48858754803464105
0.47678262389100956
0.3332778671623498
0.09142222917558337
-0.07896952044231245
-0.4352691057850871
0.3879948980059802
0.3223395680796342
0.27510033548629653
0.27573511084379965
0.2635068362984283
0.14572675814954317
0.09252088358003793
0.08238943800080432
0.4095007609809863
0.4432866017074202
0.14961134843408735
0.015131305906257988
0.2767780837521386
0.2804948147208461
0.16817041011354675
0.30929735356961985
0.548956866284403
0.17097821186633103
-0.01393744598430965
0.0038017618276898523
0.07327902553782235
0.16820142673803734
0.20516500794573675
0.36329691372738354
0.4030562127973867
0.4218241241232912
-0.08721067755468905
-0.3083295768295119
-0.3357410599953871
-0.028947961333649175
0.043586864087674045
0.2408225393730777
0.3884383000042208
0.30771832190263154
0.41373380855766695
0.0795578304980668
-0.10928868642153047
-0.011075343230273507
-0.23826914875760316
-0.09478442022336067
0.033859564516732464
-0.06290154215716728
0.08547853406817849
0.367694327127844
0.3298495675533452
0.07244368649009791
-0.09016179681625333
-0.13236098278136926
-0.07855334302621055
-0.07812548831323728
0.25096562718613113
0.35669521930453557
0.40360637065061017
-0.09771602027994698
-0.16986283787011633
-0.18660082133277325
-0.18637485518960817
-0.18008325287997942
0.22000488726696232
0.39830058804056273
0.3650147369711968
-0.15681494323690878
-0.20909502902905477
-0.264095093886593
-0.17868179720328017
-0.17682407059033833
0.06948103100728802
0.16432721105460413
0.20292336950366668
-0.14256027800214144
-0.16664445137327413
-0.4845823078151822
-0.18266980127850416
-0.2661254228242539
-0.027109323902473278
0.32859914928895967
0.353507686415824
-0.25980314530242854
-0.3592672245827125
-0.581344968436547
-0.4765742885844376
-0.30335145393666096
0.0006056654483539896
0.2365873260251945
0.44843711316245155
-0.3503666846329082
-0.4625436388362645
-0.515009052713417
-0.26660444966938474
-0.07059788384862777
-0.11170839343842907
0.31258746147724914
0.43904675164433776
-0.6071951431642114
-0.5575696266891473
-0.46747943121879154
-0.09312255280404061
-0.18569817848548356
-0.2202712213526255
0.49043330152994813
0.2513966564791636
-0.5949672286444107
-0.574115559104073
-0.38442501032361953
-0.012536468627956822
-0.3742111471856508
-0.19010017547776667
0.2728493341680114
0.23648398733847895
-0.4714517971591968
-0.5839716331726561
-0.22377403693349446
0.041657404356299596
-0.4214558435373909
-0.16507992673640354
0.2688710647688376
0.16699865240988382
-0.39667219896324635
-0.4648303172530237
-0.19724627429433267
0.22521732829502572
-0.014249854315840037
0.07049598919514331
0.3923050865235
0.22483026874437265
-0.1835664761300352
-0.40785029442664156
-0.15552660594178283
0.16156644856764246
0.10874906065876992
0.18738142093238147
0.508758516130673
0.39393952952975936
0.02011068043309193
-0.26622086257281014
-0.37488269374508504
0.19468986451851863
0.0185221681341799
0.08044499987082003
0.3546800796775308
0.3616184672096435
0.01994671344789287
-0.2450045309410555
-0.2718932015783538
0.21281381802413563
-0.0251538885953796
0.36704659374317855
0.3177824211717141
0.34775032779742987
0.2797158681553077
0.019014325202449025
-0.05716794070817543
0.15268179527859538
0.1581146236719791
0.328450255186757
0.21555638603444194
0.5544547731131093
0.7305937866597613
0.33567726560560646
0.08968707263180922
-0.10313645729035868
-0.14447105272904787
-0.1409234004767447
-0.20813867145712456
-0.24769319367039738
-0.22635384637829892
-0.1910518608234371
-0.13268491866554644
-0.1634910078942868
-0.17179601683824228
-0.19836640556191634
-0.24174584697609536
-0.2672369419028263
-0.28701661011878726
-0.2845148603916634
-0.19119317701774272
-0.17169849881804877
-0.043846964371461156
-0.20032803996010293
-0.2429495153370473
-0.2355159915914929
-0.2816487347532959
-0.2537380169383177
-0.07543817583035267
-0.1080443057094629
-0.15798087696861787
-0.17642112890387765
-0.2015762677376673
-0.31568393193187155
-0.19158190158673769
-0.008891702019525697
-0.12261721381804745
0.055517412901493625
0.11320169607982133
0.13293065898793707
-0.2585632291610563
-0.2509153304841738
0.024086529348951242
0.14717346599686404
0.018339719557168115
0.2578769508499163
0.30394457791130974
0.36360384670963763
-0.10737049911097467
-0.043748991662331184
0.16955546303393085
0.4924870510763639
0.10015263078005433
0.5639592400975666
0.3278641242531445
0.5108478615835496
0.37852927726452634
0.3558841998744145
0.5794869570310449
0.4824993939728108
0.3983388387660343
0.1932081751196069
0.24520048755138832
0.416579746597065
0.51147445729841
0.6835441007800541
0.46001075359580496
0.6308104623964537
0.7815746050734081
0.10337788315898692
0.22696129056792427
-0.18444932263431044
0.5885848833958953
0.7466204160049095
0.1361116228914562
0.2201621780087801
0.7468128726344855
0.25850525037039035
-0.3113800031392877
-0.889189907220856
0.05445900059631041
0.35172294768731266
-0.5419488212955043
-0.51480190349469
0.41635754803771535
0.2360374240841775
-0.5417540601871478
-1.0461083000298428
-0.25852648666548783
-0.17072743952552205
-0.7841239382057222
-0.4527132011570635
0.059808959175947134
0.16317394073629116
-0.7041311359335078
-0.8000781366695474
-0.5215157408229377
-0.4877626302482348
-0.5601135150847658
-0.41052006497112853
0.08888553952238866
-0.13146261309445004
-0.4979091425688879
-0.5897750418024841
-0.5542964828818825
-0.47183922105274023
-0.37575839788147547
-0.2831942981999948
-0.19797237709934096
-0.14360023324143353
-0.34905737435529754
-0.37854568301923575
-0.38283119748832595
-0.32287458699959
-0.24695035000013285
-0.19532462052743038
-0.13774521299293344
-0.24383217127309353
-0.24948409777105032
-0.22850608537993736
-0.23492453313827716
-0.22089680814491616
-0.2619638799722227
-0.15250843946268733
-0.20704997167267022
-0.11397771932181515
-0.18037275466930255
-0.19911440338717673
-0.21771309996187552
-0.23762589380173013
-0.1519143546651773
-0.1157739812489522
-0.1150223312708007
-0.11745207906761815
-0.15897828563094216
-0.2162529989725523
-0.055293254270737564
-0.2539437052394355
-0.2336581850091418
-0.32973260130208837
-0.22803041917952274
-0.23695773151416036
-0.017006287842781593
-0.09813134261843012
-0.09440072871120453
-0.09055962793768003
-0.12960412524616427
-0.183034714464123
0.07393443656978785
-0.060489188780259204
-0.040750957400558084
0.19411727282743116
-0.05581261190619848
0.08845775554578383
0.039823923631288734
-0.24646228517514338
-0.12869815349351654
-0.07773022923664677
0.016211147000244355
0.14552698303755596
0.1370383022594152
-0.05156990764061273
0.06267294996381598
-0.2339454462981915
0.27134158460731334
0.16766492583535042
0.00333638255138145
0.045146359531157296
0.1776097875430784
0.17130596808705761
0.06878460139704849
-0.0012823103625418965
0.041939332420198254
0.3607916135805738
0.08878634323070393
0.10906950087176759
0.14070821980270842
0.12630967702091142
0.23008481840344544
0.053836184572012
0.14308479855111259
0.6073628505180927
0.1670417391507715
0.2567611504981585
-0.03189956366164063
-0.05196342419999798
0.17853999546335805
0.19134561911967987
0.5659960995431486
0.38507731748653806
0.7297987200586556
0.22902503853935535
-0.06356128919415903
-0.9070450991638487
-0.27283762731905536
0.6527563336819006
0.9276871731812116
0.3267516252329632
0.7923984809982834
0.3714611658232949
-0.30197399522875046
-1.0614049412590074
-0.24304569652159463
0.7067354817022758
0.5572639114674681
0.3467687563809638
0.3577354271272797
0.18254494845143404
-0.31543323809776047
-1.2400731150682762
-0.03317660862411579
0.5945836164996336
0.6778333987673365
0.32672347039363336
0.16965295866133973
-0.20710900722201692
-0.8359667456786127
-1.0777829936106744
-0.1240635638111498
0.1864197112050934
0.9488559005925568
0.438724736240165
-0.15584662656364207
-0.3567699228883285
-1.3413321569209202
-1.2633487260501337
-0.29734308269119775
0.09834183691422331
0.7303073551729733
0.23844594730954302
-0.3262391390132546
-0.5829043903012641
-1.1677788457573748
-0.990508815510099
-0.5392445680482916
-0.022274125984308887
0.33933833942517444
0.057037370035382264
-0.29036634143308365
-0.5764890806465431
-1.1631695661258357
-0.8574926152422633
-0.6477385174164894
-0.21879088333093338
0.26705453898589504
-0.046187580690609194
-0.32430243809725856
-0.6820473190788496
-1.0023068697914919
-0.8298827738824085
-0.6630151026490336
-0.21558055628875164
0.018519035564774862
-0.07830087946674873
-0.2097939445828971
-0.5080700172481765
-0.7763387836126463
-0.8064382756165527
-0.6568979876482054
-0.16057992467200963
-0.26025330529503515
-0.04942242710652786
0.09040514483803015
-0.16510458437166584
-0.012624689210451687
0.023371980242450067
-0.23386424611613388
-0.2014315599615336
-0.29345880255173357
-0.23857651287194928
-0.002817043481783482
0.2964097192531162
0.30178262281734247
0.07943634079477918
-0.06382919219930118
-0.11326076816546414
-0.42952554751940214
-0.1059142904653752
0.003677825025013111
0.17156091324562336
0.46761787567816554
0.09666843003059009
0.11216579807678391
-0.22672566526004312
-0.4872145986740268
-0.06107682530316972
0.27187848708254153
0.13370700578257907
0.29308133256277114
0.2153865798891166
0.06409567571108707
-0.016871102766864376
-0.4162127598236016
-0.10495349106195748
0.2042551832985575
0.3144749625842184
0.2122065897651161
0.15350961176358063
0.1358520431436824
-0.08002598630299651
-0.15434628922195245
-0.20301777407160057
0.03578275301040369
0.13539162775488386
0.31990846387169114
0.23077923301315853
0.2992839572050081
0.006513825332323242
0.45335574226234965
-0.11653409918442799
0.11522178107257607
-0.015019756961080969
-0.145692214318856
-0.49394493070951867
-0.09473422123820494
0.2834489130961561
0.7368194267487758
0.47834147327318904
-0.07763873013587828
-0.39985947998102706
-0.7462394785931067
-0.8425182775080572
-0.47979703178059413
-0.009820271157871787
1.2333616678016588
0.764135198111409
-0.10887555557882349
-0.5624703785056558
-1.0250515386212864
-0.7956886136518385
-0.7333233641373564
-0.02429418917119992
1.2521951178079076
0.7102992258429556
-0.022998351496809906
-0.5529290349310421
-0.6329384866681252
-0.5238006999436532
-0.1652582626807488
0.05948926112688914
0.492265180444782
0.5500520050352291
0.21630337915515174
0.04847994574020704
0.08496275311476228
-0.048474629330145354
0.08855068345304709
0.03679555340484464
-0.02864938902463379
0.28561526158083367
0.002390433911112307
0.09083932955831395
0.1257774167352876
0.0020001489694827386
0.2554291389105476
0.15550215111611582
-0.4370875403605726
0.15639466167567845
-0.0960388188875718
0.1346945364972761
0.20017354179789562
0.19025465427648575
0.11015125635529091
0.013043025555734274
-0.44607245145327845
-0.11956398348551472
0.1328046493160918
0.051632067036828856
0.3038335718225124
0.16638488864062376
0.10128394717053127
0.027600024357570408
-0.5602901462513724
0.02073901214383719
0.2168456938817236
0.1884157405999082
0.016367503981772936
0.11122756040664405
0.22492518894213
-0.09372013760651976
-0.26462652061207226
-0.1951251086823642
0.21664907174627376
0.2812768207064666
0.3188348638214027
0.30314189673711955
0.02243169674866678
-0.05516303464625621
-0.20564209262643948
0.09418169146590202
0.4613449444082056
0.7815378834179605
0.9118369549268872
0.9860031603964865
0.8996538756639666
0.3446181793290637
-0.17584082955336994
0.2731055139367055
0.41938206996587796
0.48709653408996
0.4637386663327114
0.4892668470092757
0.4910202870912846
0.5371805967804703
0.18624590383095563
0.42171951947150826
0.28850936318293174
0.34335405134737773
0.2602678832630126
0.18614407478905723
0.5096609487390275
0.5322956558961272
0.27672333761205764
0.35747007670066633
0.448158536981929
0.4755885976231203
0.35827134491180873
0.11242661496752226
0.15311810114351385
0.6054638549203166
0.6170544292914829
0.21863885096143842
0.20806825431724263
0.4036823981304077
0.09027100456931876
-0.11244987298522341
0.2533366848614222
0.4390053372965766
0.6781318868849546
-0.025076561864553662
0.2779441601967646
0.4322141106578487
0.16613497156268398
0.056231869836530675
0.19395006082972574
0.3583591650620726
0.6943862317820794
-0.1776596250412984
0.09689514823058505
0.3042726766193678
0.24453054003558852
0.08290671960762332
0.23860771201806696
0.2557060520303107
0.3067412183254416
-0.2121863680621205
0.2894268672972414
0.4898709883249779
0.12923114483279804
0.10687992436871367
0.10801802827546952
0.15960582837622878
-0.05189898871446182
-0.17712802183760162
0.21667340879893288
0.271579134034993
0.04235240257977296
-0.07162360158222499
-0.24025250411933988
-0.3254043074963692
-0.4723409224448997
-0.2699143842640224
0.23687796843753328
-0.07285809382826677
-0.014997103742213684
-0.22476717322309087
-0.3118228885545471
-0.5359718503004139
-0.6811044326457881
-0.35051711852528605
-0.09585092333644175
-0.09722809918972677
-0.017623622082725707
-0.37238685270698313
-0.4932722424090455
-0.6431635270261442
-0.6596356694036483
-0.2481674745285039
-0.10989598087931722
-0.10533893841650929
-0.2097548966668466
-0.36415304637442747
-0.5352814208226607
-0.600498685340606
-0.5724531669141232
-0.19768418528273352
-0.07158266312876083
-0.2979360876651223
-0.2340695585984015
-0.21124337220754022
-0.4609177312901196
-0.5037180351741286
-0.518408398030557
-0.25095303180596945
-0.2564625457671948
-0.2044339352857109
-0.18459288420728204
-0.24748977189210544
-0.49072551816623633
-0.4313928297623153
-0.41948528881533176
-0.024753037093607568
-0.25082692188889905
-0.11062836192161453
-0.23663792090716881
-0.23732340837334936
-0.1958723394657112
-0.42995028879132313
-0.3392303218800607
0.020703341130475388
-0.24816458451298085
-0.28933654609435655
-0.49263222909956655
-0.52977565196053
-0.4526579121344278
-0.6213532712082435
-0.3495199338430629
-0.0005736547443397059
0.02732941054001833
0.39464426595989577
0.3916899077491616
0.3200927497765295
0.32666020504438414
0.23966948874471744
0.07998124354524892
0.217688801249643
0.32446698435337956
0.4485333999918897
0.24308812089422283
0.28021101279482613
0.24824798772074114
0.360383953318554
0.05519126524831685
0.41347934267078934
0.5005772627294935
0.25701891415504347
0.28382235326036853
0.27637158911681475
0.22131230547776118
0.29518724639898464
-0.059026634809062756
0.4731042965224755
0.459220344811918
0.40119029891908137
0.278028408256989
0.30621252870190097
0.29709122946768945
0.13385266973838097
-0.1442010183968784
0.23955469490303155
0.33473400635981426
0.24686650077603903
0.2237864960625298
0.37737731485050385
0.14869819475146032
-0.03251734796553803
-0.17769859370405708
0.2155216000204815
0.291095081992769
0.12836747991162273
0.3490278269846874
0.2622543536405881
0.03194438387566232
-0.06348432783327498
-0.04956000128846592
-0.06153462456581032
0.024677676016481506
-0.032492017951567434
0.20286369161087525
0.19369095887068896
-0.10735121677003766
-0.14544049761272196
0.014030913340397312
-0.3366497725851701
-0.08457459891152681
-0.040000118376265804
-0.003637735148034585
0.14487374914077195
-0.16088368099412775
-0.058046111063456036
0.19913372265512036
-0.3599016159213272
-0.1872068056480027
-0.1768448007694121
-0.08366781828514341
-0.1637570122565682
0.064889603395782
0.15474674816944026
0.1355052707953606
-0.31941914507264807
-0.2901772490710761
-0.12319103410041025
0.0399823984721799
-0.003909745036769767
0.06787406423752801
0.24949976465648144
-0.07181762409683305
-0.29764147782928146
-0.3000695708165654
-0.19845959045170447
-0.11309548207843918
-0.05631836641925782
0.056344795700610725
0.10277420349235762
-0.2163829834526062
-0.266630037018203
-0.18718170076914173
-0.09086378596716775
-0.056643403292382884
0.02597778650929786
0.05264105388722201
0.021992431207051535
-0.08211814182733107
-0.20202719637838604
-0.23817338119646642
-0.02499128508451378
0.027805109961408205
0.03491293410107598
-0.03932058903060296
-0.27490204082726266
0.11420594504714801
-0.2189844633623423
-0.1943349980377829
-0.11409587795807251
-0.024261515224250445
-0.008704962509277749
0.07228870492996947
-0.04889814473427844
0.12984584751733205
-0.13100822338093496
-0.13755945614112708
-0.1460661351285946
-0.05356579224030849
0.09580550197112972
-0.1312556310277155
-0.01753933162402671
0.16398058230977722
-0.12466366150581377
-0.1578258265513479
-0.20983904591824734
-0.22384130713927283
-0.19831973430192093
-0.08486849408986152
-0.05214742824981522
0.003521309982799748
0.09773772477730877
-0.015440836725921742
0.00759824983972021
0.1220475534026279
0.30352742975664027
0.07911013678375338
0.32374891418493384
0.38054459571222793
0.037864349941075376
-0.0070136812984702415
-0.28420327745222207
-0.037484037932499076
0.2456439624549941
0.15677896410920467
0.04957059555795932
-0.12069214087632404
0.22871934662913035
0.19030147415040316
-0.05641014318189426
0.0016509636860064648
0.21250754604543845
0.19068459675231855
0.13799607934556773
-0.11192456196158672
0.032178037421730254
0.15918602135551835
0.350508771003271
0.1499159840905444
0.3132894306028187
0.29296714635609267
0.08091533500092425
-0.05851051215474069
0.4862162008809451
0.1950974115674467
0.07956814960478019
0.36783693925477795
0.4479558219596918
0.2830883535223208
0.1668852020923925
0.32165174113057743
0.6033459789738197
0.39182825877343214
0.25949718498571384
0.029770677265668267
0.0343557187672786
0.09879001774809666
0.0617727152059741
0.2065376476367199
0.883290124083389
0.5164658559655212
0.17652600910515567
-0.17192753167545868
-0.299646572049557
-0.48673456971116996
-0.7385009043523701
-0.13375753608294141
0.7977646717082951
0.8795134739537341
0.24688684735804864
-0.20952747916103448
-0.43491040650202667
-0.6424939051594677
-0.9687214559187594
-0.9976822860586467
0.5225668931573018
0.807226451765037
0.5398766164766238
-0.10599539596176442
-0.2761711928508699
-0.6537463329404505
-0.8463843444789427
-1.0994924150096255
0.3360951986308157
0.7148402827783173
0.5004292463542098
0.06143880407667471
-0.17715045812073035
-0.579769259059715
-0.7135005476078569
-1.1119801041478405
0.5376390823499861
0.26501880244738363
0.4119467882924495
0.056830286975843955
0.006744711421769304
-0.5726058357559584
-0.889110527016637
-1.3253263049913864
0.32866831669253066
0.24700328857003495
-0.04794415553805793
-0.05365090216403084
-0.19824893090362788
-0.7086696045329521
-0.7453237828759985
-1.1514423456755751
0.17272270885125804
-0.14761813395403428
-0.1287799524150979
-0.18996783879532708
-0.185835374372638
-0.6414476923631989
-0.7489166412778403
-0.7832623732376658
-0.039281261960868216
-0.2160568699008556
-0.19073773399247043
-0.22801446281129065
-0.26044290149716376
-0.466300809999256
-0.6775414392396327
-0.6850444257017525
-0.15156969768188558
-0.1850179214675961
-0.26559853065544337
-0.27295911596294115
-0.13860017187709991
-0.2658521390571326
-0.4866186538198632
-0.4798823915323521
-0.09676425208401017
-0.2095780806975495
-0.31289917060782374
-0.30755047568342014
-0.3152122279152089
-0.2822245446476495
-0.4008859352737366
-0.4019037348763007
-0.27789693544485006
-0.2669655048466509
-0.22837469173748612
0.16875635753589527
0.21803688786452446
0.2394042308679244
0.23557250120362114
0.18541714743103427
-0.1027649288714907
0.022053994197929555
0.01867351636045701
0.1598823200659344
0.06070216130512033
0.05354136385146118
0.19569361127545318
0.319296558707477
-0.12116060504332142
0.06250924628674989
0.1622106877091105
0.1520360334316409
0.12746099622609866
0.18956885802049378
0.08340551382511265
0.2609880829670922
0.10384954497549603
0.22882440806323118
0.24236979834797534
0.06629330514819722
0.2331382718594331
0.09488271555369775
0.11223874566664208
0.2986104982737283
0.1706753090613293
0.2880855385090507
0.4143290792713318
0.25203750410187603
0.09170806227216907
0.016520349892972883
-0.03783969722803091
0.11517181638950925
0.2974443117693386
0.5410506073518934
0.33986692091012766
-0.04961767758817892
-0.2544246240729927
-0.3564950715440527
-0.5554967652750198
-0.6783886743966695
0.3591765049258572
0.254039376393031
0.3198521256778603
-0.04035310093860285
-0.19751675535162835
-0.26404767245155975
-0.40901434486572724
-0.9285397460049214
-0.11525449305020816
-0.08896592120468648
0.2992957717412177
0.2908540542227646
-0.061635308895948177
0.0988904339681957
-0.008795940141066206
-0.32387073482740647
-0.9202353015045351
-0.3127113309370041
0.005889604408078213
0.006566756174203278
0.22006216182076627
0.3149323514330574
0.45121297003892014
0.5695205505651381
-1.1822625020930013
-0.803085101285212
-0.5832857879673119
-0.3671058801866886
-0.08960606036473195
0.26344632961292974
0.5866708462311934
0.9103487390413326
-1.0024602469673467
-0.6447637609542353
-0.6236153421525203
-0.5697951814213291
-0.06577897787006724
0.6127527481575092
0.7450520438017061
0.9180282937393777
-0.11590245947465576
-0.17945886903905073
-0.1521686040724939
-0.005570041924593101
0.2710581563470329
0.3042261735570274
0.3200588621282985
0.8391825368668785
0.16415211447175032
0.1746552438808347
0.03288428588622506
0.033095861136212504
0.04606914953774336
0.11682304602567217
0.315887800263646
0.2652160892460126
0.2111411928149287
0.19698175523407202
0.13159695372714633
0.17685453014717153
-0.10369679874812154
0.08773304893908204
-0.006055108413937702
0.005420761881555498
0.2178665047971116
0.11171701863379643
0.15063584431683408
0.09987978358834668
0.01877642312752522
-0.12188200091296826
-0.015490623496593992
-0.002006206815321963
0.4713389600254723
0.29965131784249677
0.32297617163665715
0.19555264680129772
0.03362243471072315
-0.27292321634123545
-0.24171747393921736
-0.2018711153613423
0.0744496270644304
-0.22072063316705098
-0.4919049506812877
-0.33373590800863734
-0.34103203843119184
0.09509801274276028
0.01888120950747835
0.3195201552691159
0.056679831605334796
-0.13929249195476384
-0.01888826460906636
0.14345563038763126
0.17624449912251258
0.08391732302970736
0.1756547633199825
0.011286541862375757
-0.13327925615446207
-0.20686708611906787
0.1493999899982751
0.36024120819837796
0.3105377662896068
0.1390104750235026
0.16042389194850024
-0.24757080451634247
-0.2996822013321462
-0.10515757152814109
0.06848521662263143
0.1885595811952873
0.39325831877800643
0.19601101342234056
0.05329645594320485
-0.4266926575423469
-0.14994427059067358
0.0363294272971273
0.37979378669416936
0.4726906952798607
0.09664779036148152
0.2588417766495183
0.29894271633625763
-0.2889865003264473
-0.04153454892061126
-0.14126820388098155
0.1727855552721801
0.37677098303018536
0.5558677437655746
0.2050356855628934
0.294880022519818
-0.16415183099421482
-0.11725225315724762
0.15718643066645197
0.14193601107302528
0.2856012301407953
0.35135484310836984
0.3112792785799872
0.42061603077937304
0.2555267870288156
-0.013871270213632174
-0.08238638629722898
0.18403349584773918
0.3676998244168027
0.18585017418092403
0.31752661156461
0.20806117703028087
0.3106933399527028
-0.1898921405333641
0.19782997022175228
0.2711546370878483
0.30259964103820763
0.16368671674633628
0.5412952746818875
0.31555754271875275
0.07228403283017057
-0.3897645228524563
-0.12892724424223842
0.28440445547434334
0.15705374485729962
0.45530807547324936
0.21039714240597482
-0.11373842893417463
-0.4847047309909256
-0.6803956122395464
-0.40363201285335926
-0.17450658976311606
0.0487219993685878
0.0318591714303621
-0.053592581791626716
-0.3738154441988768
-0.8581152100723317
-0.609931044424849
-0.44928326932038465
-0.2582786941083845
0.1404742479064616
0.09657495743859448
-0.14563723631607392
-0.3201686949687054
-0.447256213130878
-0.5444676305116319
-0.37596540678844476
-0.14329232804840009
0.13522212520382623
0.2011745152609106
0.1754180980510409
-0.02921650935969219
0.011215508785155748
-0.4693674051539989
-0.44666415945133114
-0.060694927653995624
0.23739056288675311
0.26892381989542785
0.22194113801693438
0.1044210900156207
0.16261966308758297
-0.24971374113075365
-0.30026134499826873
-0.22635222720178322
0.27023749872095
0.3810754267747464
0.25817553433623386
0.31486462730967085
0.5013181606993933
-0.07343185973851307
-0.42078177917827386
-0.42049804453676115
0.08740823944549977
0.028818443627406348
0.4004428189356744
0.3068063584964584
0.40831212745904266
-0.1243453495866626
-0.16768458774036735
-0.37312141376797364
-0.44999851782645384
-0.45793080140535514
-0.24707602328303807
-0.031765477322411854
-0.07224350536990863
-0.2163803342315366
-0.31178001680488676
-0.532917626924497
-0.5378322027316217
-0.4965931405573694
-0.26565955855433193
-0.08235364259003308
-0.20533958221514037
-0.1611819815038906
-0.24565284181699615
-0.5599446792108491
-0.6266102199986516
-0.5996731438650421
-0.35815841183051006
-0.19129272304175135
0.13799881025722818
-0.0720662264906897
-0.37876435762817207
-0.6116204264232107
-0.6998632798122569
-0.4743447808723976
-0.40305912125207893
-0.26343817069779896
0.27534703599362464
0.28504155163993283
-0.32922317935804885
-0.7693991937584632
-1.037794800612891
-0.4820452712679736
-0.19186520746315774
-0.10463675396896262
0.24191789366175695
0.5412820424658924
-0.3571165957948497
-0.7632027127803447
-0.8910907395348181
-0.39738394578491615
-0.03939473941503284
-0.0072292191654105935
0.6382909554777974
0.7130402301273416
0.008506985918141993
-0.7808941973043599
-0.7311472639154057
0.008604223629971115
0.22332157790809717
0.2867599911622549
0.5665788526980529
0.6960992365091578
0.01995773785265722
-0.6587498732525773
-0.660389135594772
0.11332551609781348
0.41154647517377113
0.24080723556623895
0.3830059328980653
0.9737652954708815
0.0510037944137579
-0.8266638446420178
-0.4029622488818311
0.244196246240717
0.5789462948117636
0.4010507121961053
0.35934209226933267
0.7640420369803699
0.11935350429297581
-0.2506365080805133
-0.36297053072697516
0.10826794023000205
0.6158379035884537
0.6507548541972504
0.37652548652688916
0.22374467442172863
0.0717452268522573
0.1785477276635456
0.05042753217408401
-0.0975219186249554
0.38075410337080295
0.6686687030354295
0.36665646200568486
-0.05452290587560754
-0.12715383561996857
0.14975018592132472
0.04861925933286934
0.1295983947781255
0.2694236133921453
0.492635588779079
0.204243726301388
-0.13370735825715185
0.07780317806945887
0.16701734054740056
-0.0632009318250193
0.00783994760928769
0.2687362702339626
0.3771094590818708
0.2045168885116146
-0.16193084649224318
0.06671974435762151
0.03276704844868227
0.11500656636636951
0.007947417560800793
0.06904483721384135
0.24913211381549763
-0.1465812625187473
-0.23045905103637018
-0.08326100360551347
-0.070732898491587
-0.06310687844680583
-0.02352982596032736
-0.009021262130604524
-0.03129375182337938
-0.3037993699907415
-0.1341991296672555
-0.10201660678783302
0.02188021528430927
0.1438909332549533
0.1655743953846552
0.06108858251399013
-0.16471340522260627
-0.20547202136542642
-0.027739676873556558
-0.09494010122802132
-0.2384640184828827
-0.2591656904535202
-0.2847788484791415
-0.18025874847309345
-0.005238168086564762
0.26562732756042606
0.12081597767456978
-0.16280634658604065
-0.2802034892242138
-0.25954461916536153
-0.31367597181961787
-0.19989684928814083
-0.05420424475344044
0.4062787567487571
0.02341182699721063
-0.09358023788296678
-0.24538151777452488
-0.3595678824373113
-0.3397240808303796
-0.28897173057862585
0.0952760635774363
0.6345917320084116
0.045122372873234944
-0.1349564895725358
-0.27983477727867034
-0.38258856643800027
-0.3308238588986114
-0.17645637492798041
0.2481401357539824
0.5738745486399148
0.33171185022404326
-0.026479963978929634
-0.3161770476926777
-0.5291976851371122
-0.4148579634081884
-0.23251891235977984
0.18191800178886247
0.538895094537293
0.585861048573674
-0.061613547859485696
-0.32826366589955475
-0.3910212745342509
-0.36778196850003536
-0.04360043019628028
0.2600239550224208
0.521225704165047
0.5911061077968651
0.18014525068877113
-0.1980216653258484
-0.3901192200628713
-0.3973107365342786
-0.007174750331735063
0.3309765354947563
0.19908678184855388
0.3291523867104631
0.09996290395075677
-0.005441259086775351
-0.4144810036790911
-0.2760875755237556
0.11783491921190695
0.22049228609673266
0.13617119943578063
0.16444661289447704
-0.006785175810343369
0.11272530820234178
-0.13917670180093766
-0.21510796371333177
-0.0745289092311226
0.11816174610256963
0.033760095695548664
-0.08138365214249031
0.08377282484273314
0.008383059047510752
0.15084928539819026
0.08202522662194174
0.0025891960039963044
0.11940721848740592
-0.1105228615677689
-0.23401093823600466
-0.053194073534874826
0.20000712445512955
0.4016214375792027
0.15607528130840256
0.1181479770360431
0.12180653782946463
-0.17984810061548204
-0.39566167766458177
0.031202004450257975
0.27970434826432117
0.3684755722233085
0.366778632774422
0.24135213669290634
0.00917885668179739
-0.25576119842363787
-0.3455862736613276
-0.08849289978216382
0.1512599598877899
0.21603294124217887
0.19662634611614718
0.19582296675295235
0.058550082887678254
-0.2515475566500526
-0.1334452229538326
-0.047818267830412604
0.08094580060179503
0.16812290030530733
0.19204091315841532
0.19263651045806854
0.14113439311680734
-0.1894514342685459
-0.17420047759117366
-0.0894083847459887
-0.005103664086646763
0.1364637273036164
0.16635648481190393
0.06320210739801553
0.08282602370351709
-0.08148229857704521
-0.17143422286244606
-0.1287948610366621
-0.16420761897606026
-0.0236773077347943
0.1309769793592805
0.03668034961417072
-0.02959284442143715
-0.1225516252706723
-0.03302962697695071
-0.05226625149989748
-0.08387362256537202
-0.11735225331576785
-0.1216102804639031
-0.11542316868855416
-0.10051472801320319
-0.08828807430337153
-0.04536252512433952
-0.08083630074763193
-0.108246476633884
-0.12145124887018911
-0.10747541378135249
-0.12864963267037705
-0.1360168349952473
-0.13365961589187725
-0.14094579150076564
-0.13390719583804284
-0.15565733350066602
-0.16433635854343737
-0.1612239973439529
-0.14133267602452831
-0.16746629465079196
-0.16929853600762362
-0.12205913620627651
-0.20510782870219432
-0.18346033094053177
-0.2272196977936791
-0.23137393073246798
-0.2448537494918562
-0.1354116360204948
-0.07348692568824244
-0.12396800743552114
-0.40255351792372873
-0.3116186820473482
-0.3147835554898751
-0.446087244738868
-0.4059920809061303
-0.2533585475413612
0.2485509598358125
0.015735948617542267
-0.5012431345257522
-0.5104004639937754
-0.4208375182793949
-0.4326329651668059
-0.49696486922219035
-0.21057791783642482
0.6962925697158281
0.29695387877351936
-0.5193787283795224
-0.3689436253121882
-0.045778030411923895
-0.2470330098530388
-0.4619151857237552
-0.008273113759335043
1.0306233935519369
0.4125002220041223
-0.32745327271854613
-0.01999675729232794
0.34074612963375744
0.10905003570431154
-0.26400423530229833
-0.054710233660151
0.7797255604738382
0.2762929704782674
-0.03470391827179774
0.28085403819950344
0.47444584817052055
0.32180490846214255
0.08993450235109737
0.02186823495498495
0.4406806118896121
0.23981502198000113
0.13770104053965934
0.4488760225574479
0.542535699676445
0.31768753915887615
0.353623617764423
0.10555445449661728
0.08982295676532241
0.0442248424174102
0.19647529379740206
0.19101132808846347
0.234235248280838
0.05695939293681462
0.29359781353249303
0.23533245636431357
-0.05607097682395196
-0.0679946614841762
0.13998650442600166
-0.03250008752883596
-0.0950235066827622
-0.11455458758127499
0.1329003166896996
0.19763293795767226
-0.03094131606020178
-0.24053988782644653
-0.0025945809053422057
-0.10093905426979605
-0.12086793140756956
-0.06870715022812318
-0.07571874638330639
-0.11303120068302301
-0.2292840160850649
-0.16394313714339162
-0.09076445458434873
-0.1642051446936333
-0.19571253768578797
-0.17876469157368766
-0.16246642821892276
-0.15356748232772727
-0.18375198234352036
-0.07711888436000054
-0.09972744000314153
-0.14190940407239644
-0.16245621129634918
-0.1389752486153862
-0.12465232358931952
-0.11788038057823408
-0.10078773352821774
-0.07203286950652639
-0.09700749807106587
-0.11670020288497866
-0.13373430283269155
-0.1288613154999811
-0.10410438830745503
-0.07254107585696695
-0.036630724551345466
-0.05174216660867967
-0.10044646792259218
-0.1552559788537774
-0.1720316231429044
-0.18740176931803437
-0.15897159699261848
-0.03357944503965144
-0.02477777279343391
0.06590176336993242
-0.1298081082037971
-0.19277002228304688
-0.12394377493868382
-0.12588066242805437
-0.06584004249028913
0.0038813787422427707
-0.05696830580874404
0.16383824574334926
-0.07557886637967216
-0.13065455211958246
-0.13498446146975815
-0.13999868654938583
0.04684329161903768
0.08393165969056375
0.05145827384231487
0.27696165642737475
0.18051013236238486
-0.06869376128028551
-0.14152974028659962
-0.21603624306756886
0.19380907935678854
0.28449780234165445
0.06282659511911294
0.30244516743530936
0.2877872407581815
0.021201057396345476
-0.12633271220309755
-0.01982222269690611
0.27175202888862177
0.46872172771664267
0.005723489658649206
0.12031923156312062
0.3088170745106359
0.10882044908005502
-0.0436512578816292
0.13902525047208483
0.12498709908730081
0.08658935541617481
-0.36463219222837406
-0.29115705971631545
0.28719478076795324
0.4095219866676843
0.46172645021259723
0.20786291145980879
0.10577934600487604
-0.22449948463519886
-0.47217102873388644
-0.8235561958168752
-0.2337440836639816
0.5066758774068786
0.44002838623799945
0.25252734158124807
0.10475891041693418
-0.31185856480859725
-0.302432631599526
-0.8365880882112664
-0.1865954288667581
0.2909722490005036
0.5340673890472198
0.38608484965114
0.22645061070897735
-0.05964840024608427
-0.2805002337636575
-0.46753315583364835
-0.0017260048574601517
0.10518841658639004
0.2491777528723932
0.46871633585638084
0.41710003204155877
0.1405882221170475
-0.19750179025977585
0.18583447075212783
0.17116108846939745
-0.09475813992229734
-0.23992910534741577
-0.09794575072498543
0.11198270194344918
0.20124953424470135
0.17623269829735552
0.32513657901030807
0.05173849093724787
-0.21631401857078428
-0.37489913362300187
-0.20843619649558798
-0.018695139822968585
0.04275536415577919
0.09517721702242396
0.3655009664109119
0.005958567883045715
-0.2521662470314727
-0.24033927231208677
-0.3509868747188842
-0.15337327556643982
0.011656916879784516
0.057847733907784527
0.16789945967574385
-0.06982621110259707
-0.22458507768414618
-0.17834374627357824
-0.26582883879495617
-0.1933661199867853
-0.0021722213004152146
0.06989994627455177
-0.10193271711675685
-0.09054145306720456
-0.17699373904246457
-0.12199618783280852
-0.18994092281051034
-0.19920340087324503
-0.12465488861356687
0.05708111535470875
-0.05671176233263892
-0.0852434402000657
-0.16904167258059302
-0.13163796622349175
-0.21878224420654696
-0.22382404621079893
-0.13867540497824882
-0.08815874578549923
0.5424888109154586
0.2871605161057537
-0.01566376908752885
-0.6301640502969027
-0.6483805813443805
-0.21193120521627162
0.27898328732474026
0.18519041940344722
0.6121484324582065
0.6524415452971905
0.510835855438279
-0.12530929039097888
-0.012953160766667016
0.19617006548459354
0.16114986181514215
0.488677743436415
0.5053425296998595
0.47809950113330935
0.5692674334673734
0.1252886412997628
-0.06467652700860078
0.36051480845977835
0.2584130385978578
0.4775522331950403
0.46880469311004414
0.331800076506615
0.37743626538769803
0.6648717277784517
0.3360350760271826
0.5503676847734077
0.3618000595360639
0.31858431817198907
0.1491261957381127
0.11529986122119684
0.27400024135607465
0.43663034956010544
0.5164837485481234
0.6698046611401836
0.5385745465453403
0.05993742482843577
-0.09817725498239632
0.11188294229618768
0.3561274920462839
0.26358343186362193
0.43400767954631103
0.749942918774962
0.5159917328110943
0.1683661871195698
-0.47232437060657567
-0.2667109492128956
-0.0029362841878420145
0.09790534334685526
0.32458976136473316
0.5982064911489776
0.5591281682490477
0.46798698844041153
-0.7255640188302364
-0.5450057007552214
-0.31906495950996094
0.11523522356420246
0.27720427152286153
0.07523967129810649
0.20267074740931834
0.22351469059595885
-0.7487818014167837
-0.6887072298676552
-0.3715320065397482
-0.1836324845836303
-0.049733442984594416
0.12930517687675602
0.02932587018292904
0.034121875389916435
-0.619077681328748
-0.5390052401148627
-0.16390228677062055
-0.040964784492269854
-0.0389124088527159
-0.11166504597129226
0.06523300818217113
0.060618742590863216
-0.29420759595113144
-0.021050853950149315
-0.05186420835245364
-0.20414037169242538
-0.17603100271091948
-0.2773649020446684
-0.05407355841500275
-0.11341319455556063
-0.26993656488323947
-0.13315685920740525
-0.14629867524345266
-0.2830744543615184
-0.08746424951542554
-0.16549046129295927
-0.08751517838902313
-0.21063673643445932
0.14424941851869086
0.0006640349064745144
-0.09257850509058158
-0.139610248975594
-0.15289778095609138
-0.2707996105933436
-0.19156225612361485
-0.13549276166501373
0.19851799566710443
-0.028579977941543114
-0.0661288622588074
-0.039265195487315635
-0.12636689304439108
-0.2027331649065718
-0.2779664739196101
-0.12253158043399229
0.14433919761619288
0.005809094204406797
-0.045482417230524076
-0.03773843450437783
0.00839425751240505
-0.1162249042965168
-0.15278086301703975
-0.09006879074726015
0.20884610367808318
0.21931135633241505
0.1666802880385806
0.23231337036127303
0.11094160925047156
-0.0697233194571933
0.05443331786627103
-0.0027147632284511354
-0.019109179168074097
-0.06555243859277003
-0.15327065611347768
-0.1552093251931801
-0.1918981098924349
-0.2666738052884724
-0.36812029044772376
-0.19373003583468248
0.057970319781241765
0.013647919965503923
-0.10788076096886129
-0.09278549124283801
-0.03123068043297866
0.006810482065695003
-0.17991128362983283
-0.16410753386681387
-0.0025658192638724295
0.2475537856778483
0.13886481126132247
0.11609272491983014
0.15852732285338392
0.06220126621853864
-0.01598099870383585
-0.10352051811821798
0.14278976262878904
0.3435538141214786
0.2173906793331687
0.06501948109987947
0.12142004961468907
0.02535785399988665
0.044355420708920144
-0.0759170310939987
0.2827323831854581
0.3393926208760843
0.3239165782241827
0.17868487602502997
0.12322030459566274
0.12424011003021415
-0.022427360510760722
-0.10141758038328837
0.013934392590859698
0.07338638926643457
-0.06579585628497134
0.2029477407928139
0.08014459927737484
0.3094228816567288
0.20152515531654117
-0.05794894662912903
-0.3709216328196513
-0.30763340557750685
-0.2619137815180578
0.25761585241402096
0.5394620681192602
0.5392424814651184
0.20616062859355172
-0.04638972115914413
-0.3244546710988453
-0.1801369530500843
0.12366533171030963
0.2492347400476768
0.4062710142496307
0.4712560222081396
0.12231633002208428
-0.19070071416836065
-0.48458157613074443
-0.20249137412361348
0.3410316056561929
0.17048141157121058
0.15792352703442755
-0.0519204766813881
-0.22464915294195606
-0.33125069434466436
-0.7030792203315714
0.01454879272565334
0.2677266173552468
0.13460908028213725
-0.08968952633119817
-0.22663503093570436
-0.02905189164606355
-0.010134929239433044
-0.19782129318304284
0.26923709640752813
0.21338271966075245
0.3650426843839044
0.07699169717358327
0.05260924816226076
0.03714551555554508
0.15529305210113348
-0.1836414497309797
0.019738650626432413
0.2248458237973741
0.1891415033302338
0.19810428469255584
0.0576906827076812
0.2476354487367501
0.31340512820664385
0.045123146198485134
0.0018255290447378287
-0.06775121683218586
-0.09786550467733753
0.038557411553300065
0.19651012174436658
0.27581116207860357
0.22359006250058944
-0.06631109391217455
-0.06274671271978423
0.04015593919369565
0.11819082588063311
0.10466269866398374
0.18152846526367783
0.11087040363798002
0.02151145423742007
-0.09322052021669625
-0.0711687475528019
-0.0750090535716964
-0.1478640421845681
-0.19363592825728182
-0.13726320456198993
-0.2584758208606051
-0.04430282737552907
-0.1618004108815432
-0.222424841091965
-0.18810941155098357
-0.11383309804381841
-0.13623653748758657
-0.16244821448831293
-0.19825548539627094
0.05552867486747589
-1.0978276704929613
3.4159335240262174
1.4017159368463394
1.3350950986483707
-1.5031588170494399
0.8668022683919566
-0.11193746849898456
-0.36227635315923457
-0.9754129282162918
-0.05382816149385257
0.7460604385009059
2.273023555459202
-0.7747033430397753
1.0172079470384856
-1.5597914305138147
0.2771318284048875
-0.1234742823216902
0.8033089873945028
-0.1712530427055506
2.665400970873217
-1.0953324680317298
-0.2370620551569649
-0.5026522171191405
1.4462831487390881
-0.15389750888632722
-0.2559395268375991
-1.9565925177418877
0.6905998459247387
-0.4248725998525119
-0.21552285963375312
-1.015787483756399
-0.17051581696316662
-0.19361574300773393
-0.26678152783930625
0.7692226842821828
-0.02819614502062574
-0.2270577124105987
2.975781600839274
-1.0299328847509936
-0.8006818643149501
-0.3374938805448147
-0.39270982668315135
-0.10391305338560623
0.3462458770882303
-0.167925547570529
-0.2349434286012361
0.341251009856844
-0.13077895724498853
-0.16003610863954285
-0.11536342621871291
-0.06446635609469825
-0.15930313806354968
0.9454587083893845
-0.2023840831822697
0.35748047084511486
-0.16072013502401125
-0.7753154607353516
-0.26026555320362926
-0.12688315351168866
1.213595233012762
-0.32048320919336826
-0.05088616998576426
1.7857910903920036
0.33785720182212453
-0.32842552524411067
-0.9027566100847463
1.6587004380037136
-0.42791329573988923
-0.102390043184939
-0.3611238310767324
-0.12867386020514193
1.6992340367556904
-0.4650697247845183
-0.13786459074590116
-0.10078581187517924
-0.06531685312676594
-0.08853702427728401
-0.1794103694943522
-1.545716501836516
-0.5161251245930937
-0.6496147992175567
0.3521783488360896
-1.264194992263047
-0.35150741297682153
0.7863147979773766
-0.2701692482147643
1.1262180153058434
-0.046981466680684
-0.35217522772243287
-0.4975187937654487
-0.6518788304298294
-1.7622052552572993
-0.17560369503386908
-0.4792692442827554
-0.12613660465627888
-0.7098247975219902
-0.19810898368382662
-0.544877554691639
0.11831674226600777
-0.22998653063514712
-0.21603926618882363
-0.14818572928165458
-0.1428699988550497
-0.33638637669340676
-0.8077099350127347
-0.5022399843008456
1.478968547753716
2.4683294361112473
-1.3704368042177848
-0.7732852997650814
-0.41532121426906105
-0.6050363894055459
-1.4306142966849182
0.7814626547596304
-0.04504350097461709
-0.9480894667468727
-0.04482148924298679
0.4272003143657727
-0.6022852050815978
-0.8535622785438629
0.34762309740504554
1.6109218644116212
1.6649622221934564
0.15241467720732726
-1.369812413795024
0.46844270488950757
-0.3494663882744693
1.9766029339528857
-0.3300899759960422
-0.5745509538859475
-0.791911247619158
-0.28310696794348267
-0.1476199338843677
-0.13508524047168605
0.30894009952168583
0.9505152609548093
-0.13898287424630096
-0.1674256533101876
1.190571146033242
-0.027980989180180542
-0.1660601778029408
-0.38104222893920314
-0.49128579833696084
-0.5066964226901148
0.995361599300657
-0.25975544700943143
-0.123758640485354
-0.19712094658585488
-0.27056461084175765
-0.3096542605481831
0.07437195546127433
-0.11654699510709829
-0.09826186155791525
-0.06511901059615151
-0.0648271058558038
-0.11224806864555903
-1.9445697426705117
-0.6885354650405647
-0.7912982433862151
-0.9362994252691028
-1.1473067510897037
-0.48626387622492484
0.17645709470081605
0.0104514184129275
-0.4679562516585481
-0.19769251376759783
-0.7324366566353544
-0.6531773548172997
-1.2338384096448454
-3.6891258230799404
-1.1992581581483295
-0.5928641627900314
-0.47735199651242427
-0.17077818475234888
-0.7363448204984958
-1.0109950076730232
-1.969406573810738
-0.6454946034867537
-0.5006556877331682
-0.35504111522763615
-0.35038544353595596
-0.6511500935805368
0.2585579452440856
-0.17760963823449222
-0.4952153313220149
-0.10242258345407917
-0.011383386086434619
-0.18175559850586592
-0.28492658614706406
-0.137089818994525
1.0863717042052996
-0.016254681490285635
-0.1342588402174111
-0.15985483487585264
-0.30315615258663425
-0.35069629387206486
0.3516695518001183
-0.7758998204568357
-0.07745280662386728
-0.3351404711984123
-0.33642606859827506
0.8044534592631798
-0.38107643882412795
-0.06750010730939143
-0.06493193617779712
-0.06445715747688988
1.467069103869805
-0.10856059682204178
0.8430456071681506
-0.7474539847596153
2.723662890899822
0.5942589510463624
0.16487895654033788
1.234844325569707
0.6671795518674428
-0.5698454204738961
0.18216327738859417
-0.06562617957612972
-0.66183423864446
0.3389708403224188
-0.4020108584232348
4.648259308732157
1.4378515440027781
-0.3890334230455788
-0.17024832773083282
-0.71162729897694
2.1657173276197432
0.23507854261927627
-1.0145159775445753
0.4772369951656583
-0.14423006908493186
-0.21190165999501395
-0.141698785325223
2.4753622316710318
-0.20034889980346282
-0.07253349258334348
-0.036512142503847
-0.03489583643266455
0.9221677366119089
-0.02459818675322071
-0.01753549314056793
-0.03045937331230034
-0.05917877374931368
-0.005070607063284271
-0.036373120907696746
-0.0630735988163573
-0.038696913755756956
-0.2796972798475672
-0.1936738274447908
-0.03935190901651591
-0.014205326572474697
-0.05272401365999921
-0.02169222533597363
-0.06341170305500819
0.8663334001918653
-0.016689491472967215
-0.01694536210420365
-0.0091186511268627
-0.008820984289202357
-0.025325258777477353
0.29194109407170926
-0.16867117725038444
-0.5395374905663325
-0.10785399762038568
0.723298737766056
-0.14943813138877624
-0.16498558373981287
-0.12809973587542156
2.161629721964133
-0.018814447066680968
-0.17013360248603182
-0.18940248951698319
-0.2316054690353122
0.4557726202345763
-0.7209132901101634
-0.4154652696402625
-0.07516728782228839
-0.501488884235959
-0.1604004768379262
-0.17657814970284208
-0.3732374692013618
-0.09398020593098262
-0.07131112968588209
-0.049661618579511076
-0.06135479461574444
-0.11707760344820352
-0.41275993902863156
-1.089852397068035
0.877687855211186
-0.3276886558544166
2.026168338023482
-0.240175003631526
-0.337175985308343
-0.49759205429899617
2.2677038638736122
-0.06019093066600904
-0.4079871827900466
1.222568383641095
-0.2975450818652768
0.30978955700189215
0.747620548074503
-0.4595802598843651
-0.21326335062851345
-0.4743873805706501
-0.37973995511904135
-0.39474827717624655
-1.0912317704502088
-0.19476605391911234
-0.3356872856062791
-0.12252146528113314
4.174461956075609
-0.30227169240139334
0.505416453796547
1.468368175994195
-0.46192361401498866
-0.09519833660909435
0.1000877185334761
0.8144648761612748
-0.10089544012699635
-0.17211202746696394
-0.14205006472697407
-0.02171718179048253
-0.1962354255430174
-0.2043434892202269
0.48274356923524986
-0.8932699319193219
-2.1927041550796216
3.785521722551677
-0.06243417818325086
-0.8208749770309467
-0.11531076821439892
-0.17747455403093296
-1.1384478927509691
-0.20604452185643435
-0.229811232781893
-0.05199909618739023
-0.13969717134984821
-0.11167404075417892
-1.340081849717851
-0.36555735440822346
1.0466058414515211
2.5660451543435303
-0.4331675376785381
-0.36762073023665154
6.157296186678646
-0.37092459756737833
-0.15996697176911032
-0.061102180856696026
-0.5482394031351555
-0.758387213266998
-0.6158863396447567
-0.6256054542321544
-0.9706344468296924
-0.5644969614330828
1.4225048539893492
-1.0053333552265604
3.062397119643171
2.085083039557
-0.4432973839197509
0.7560963201786657
1.0276582146861561
-0.11723215544952117
-0.09403362248552798
-0.21763755449949793
-0.08627563979084757
0.6756122075909659
-1.0160032672503567
-0.47278060011449036
-1.6401103537850226
-0.7178176015932269
1.0652948762221421
-0.3613913077224589
-0.41116574134962947
1.3005365347954798
0.733884952299065
-0.27527522089235584
3.2231038811556414
1.5454129037646513
-0.6415277832276279
-0.06071165974903027
-0.2237381259318912
0.8825866319399663
-0.18260705493304244
-0.4104688344146578
1.8145891091863944
1.2015273929951342
1.981248200446448
-0.09918688974919902
-0.1621735737620517
-0.18579252927965345
0.14959929066188643
-0.2063074555831189
-0.16729313087667108
-0.14059135537364528
0.12439739317194652
-0.24189822342818634
-0.18581339775504893
2.244299191578756
-0.35874683936805657
-0.023491849687901096
-0.18042092476224794
0.7060183704631731
-1.6786697997504822
-1.1863244896776255
0.21782887384256533
0.40237060231936267
-0.11003100607791315
2.0334403617193177
-0.20602179262024206
-0.3034258095871123
-0.5615905289664251
-0.137745617160692
-0.16892610216700912
-0.2651892163443152
-0.14451696918989942
-0.19460048351829082
-0.3546807770003343
-0.17090141711877002
-0.07990969040513946
-0.07638034080040021
-0.32546784728950184
-0.05463433648865101
-0.0455349808511557
-0.0813716600197364
-0.17210723304049605
-0.01149859396445645
-0.07777293797507767
-0.17640078231737358
-0.12976032644874344
-0.7380769708384315
-0.24199197807622091
-0.09018429766036289
-0.04738540092319058
-0.09095304806479931
-0.09206497683999489
-0.11763709167657711
2.103605231776392
-0.04292095353263159
-0.052043390315951774
-0.02621226281157763
-0.021495448979360152
-0.058512480746998274
1.396830531587011
0.6269994207509231
-0.32464147354472084
-0.1341919443776025
-0.776608300279628
-0.31202907663033547
-0.22482267047883017
-0.16997874013172357
2.2569490762207485
-0.028808486841180234
1.1956373343870794
-0.3502983392699923
1.0839219446484574
0.455845663876548
1.5348751459452006
-1.0941973407800565
-0.11768781897140441
0.4494689481566543
-0.19293653257101986
0.48932941152591064
-0.7755397392242191
-0.15784253105916315
-0.1193779823554388
-0.10542848538788008
-0.16184883009504988
-0.17405000564107934
-1.0793492760703465
-0.34890792187555114
-0.5105102385367616
-0.29785229706788635
-1.1467931117687098
0.804263798321244
-0.2007437837901966
1.0986274754850707
-0.8945966505874469
-0.07682056489277501
-0.28549019916613105
0.7798672628056206
-0.4764376729839126
-1.8913220277458327
-1.024172198356876
-0.29257542316233665
1.1666179045386555
-0.4246140916065803
0.6791176020794216
1.3079006927530432
-1.4423263099387404
-0.30841434158164593
-0.28144562845780857
-0.10545388256744949
-0.1156450538740736
-0.21132978779943754
-0.1543477185279538
-0.5750678630295095
-0.4393883195218649
-0.23823272789643113
1.0599594255227591
0.8560187572436968
-0.21570045470779256
0.501921089533813
2.8474943817948892
-0.044817924578048916
-0.28000825393558365
-0.41454721057474164
-0.48690359677303346
-1.0620786758507759
-0.7967486427958524
-0.3184270753456664
-0.18919298293986997
0.47267020003971016
-0.3802486560801224
0.12247192752597989
-0.8215608334136231
-0.19489231892937287
-0.2018398069082624
-0.110131286075523
1.1442720258342642
-0.22975722756409997
-0.06309313885531997
-0.4418012495818924
-0.4090987458642237
-0.36543448088865016
-0.4570328044483075
1.2230387149293065
1.3590335189297427
-0.26461857458910426
1.2776714088848284
-0.16691397286331305
-0.24575416555491092
2.126677465401386
1.255606795618963
0.9679242249271026
-2.062717979193983
-0.3299788944115235
-0.187582556480882
1.022972517030557
2.740278113815064
-0.22178019349933029
-0.8608246798958764
0.5060039984355226
-0.1735811024191355
-0.050972664394723755
-0.08535790406422347
2.5259528847284134
-0.3963112394958669
-0.07787272068543837
-0.1277622446888403
-0.08240217799638462
1.3540094059956946
-0.05320722892929632
-0.04476061169631212
-0.0662667712336615
1.276552194482334
-0.02124215922705893
-0.08456194938077334
-0.15727310156761823
-0.1087179329952551
-0.5384446780811957
-0.8122114791412633
-0.0786885633204398
-0.047963028184640905
-0.10014404534511086
-0.05833866136491134
-0.1075800580259662
0.5165077806920876
1.282160194390148
-0.038177859065243694
-0.024877129788316146
-0.03054070185866279
-0.05015276361521739
0.8793779881778828
-0.06375696346412126
-0.11054101628782978
-0.048276610695970744
-0.4534812583567839
-0.044044842133439066
-0.025934231129203386
-0.06047470703944936
-0.23116927866869943
-0.014220930747698684
-0.0695717413785361
0.9754800181503241
-0.13626904468746082
-0.6776963146217752
-0.13931753796048288
-0.0714346677418713
-0.025555250294861807
-0.10737344945721293
-0.03464679990266379
-0.06786874366706301
-0.3210721354307563
-0.051893726370292166
-0.06523052414204883
-0.020459077864216323
-0.02840183522764876
-0.03805128157872022
-0.5841719220827177
-0.13231947522925105
-0.18259264108806947
-0.0823788352783388
-0.8787893308377153
-0.07567277516086315
-0.04762555686673944
-0.08584982044451545
1.1367076200792483
-0.010707182913958347
-0.11232042014228218
-0.18404967183641843
-0.1522488691956763
-0.3355221013873249
-0.35484551990773927
1.3045759095585907
-0.0402137139045366
-0.1741751359621609
-0.06627468131477601
-0.12095998613903071
-0.3651861928745109
-0.059049669142191785
-0.0713882755817505
-0.04584266053800675
-0.043592389559516435
-0.11664623174387671
-1.099643503864217
-0.355317900686047
-0.2573364089773836
-0.3282302696233965
-0.8404040144184108
-0.2529997603631995
-0.19528305075800248
-0.3092589084028944
-0.6970072782699563
-0.04773141600505829
-0.29149163078087553
-0.3660300390350549
0.2626797836176808
-1.6684663890048417
-0.6448074149588034
-0.24655317127297796
-0.21081705316472796
-0.24869809793376846
-0.23288835335696328
-0.6103766132070322
-0.8450527119520166
-0.1860745810822285
-0.14154611126859543
-0.13664243274844834
-0.19293325987529159
-0.3358860132379625
-0.12136782159465608
-0.20181452686608015
-0.23392923032254678
-0.16672970910734078
0.09646789975789129
-0.12262759202727445
-0.07270754133948526
-0.18161019872788037
1.031296821518541
-0.04668419451498072
-0.2007860566374153
0.7727020872070246
-0.26960962114818166
-0.6413180314441782
-0.5263879014166487
-0.16263205881417228
-0.1300985828546089
-0.20547775145122854
-0.1563277806665277
-0.2508446016877818
-1.0418023553617133
-0.14718195119539762
-0.14587188566390025
-0.08344718709349316
-0.06937659604618682
2.418770119907119
