-0.3847941213484529
-0.46575481871101976
0.38511330972697944
0.32138528814470047
0.418043421316294
-0.23770266711314156
0.19428949034511972
-0.2102171282070756
-0.2425541950343253
0.34973341053016166
0.347034590747847
0.19447164448691362
0.1793428018900382
0.1969851602688209
0.36157455360822555
0.043806638316783164
-0.3841521601358394
-0.025355849288357518
-0.034518365928711714
0.22128942622159312
0.23052311296066175
0.1309721000603099
-0.05790459575831075
0.21398665126432975
-0.3659900851766277
0.03308994117466541
0.19122799450108618
0.2977782082837569
0.3228260266760825
0.25311004864642345
0.11919900539362815
-0.1196670797526862
-0.569735582111659
0.26560619046794887
0.16165989801881211
0.26400890822219436
0.4046730872144221
-0.040198362536997434
0.10851987337532176
0.045549713257383606
-0.496825004534354
0.2556426036660632
0.3449736491679852
0.14635110846534746
0.144706245832557
0.08154484273171075
0.019140043899524672
-0.01608058944066787
-0.3214346850282409
-0.19762965230811702
0.23582547009434038
0.16637557974369377
0.05407466435887798
0.06716154433639848
0.24512164256286706
0.0649472551899675
0.3291569936642209
-0.3068313027009769
-0.04810674847300586
-0.06729178824634996
0.2270388848105042
0.4703607577019543
0.473635106787083
0.2554098123243579
0.7627613494055421
-0.22113860543614383
-0.18526586588971394
0.4444160862398673
0.5789669233714902
0.6052970546237839
0.7878500773709017
-0.034578550906953415
0.8487901780109293
0.08698697646048437
0.037681397583921084
0.005679033990940531
0.42534536769710884
0.7147497114835699
0.4540718852163779
0.32478408978034845
0.22752705503320658
0.12053476683624059
-0.15293621837885163
-0.23958396459351397
0.24907873955661877
0.21910886206882296
0.30179305818463803
0.7695606786355155
0.11172243132456783
-0.02612425117178846
-0.17873382995018808
-0.31796149789502104
-0.02470254562257873
-0.08688456003045794
0.15084160796805884
0.6997865679280569
-0.06803613433097477
-0.22121273021953447
-0.08535871718535462
-0.5288278508915392
-0.14752372670850267
-0.2882994796404599
0.2960635983056239
0.5735761438944383
0.466076081782492
-0.13570441848638176
0.08069293466450214
-0.5184240637863833
-0.3163404311098652
-0.46820172467426635
0.1514705216258755
0.4864571501202508
0.2688890073142656
-0.3127540947796863
-0.018053334883011474
-0.27344160022681674
-0.7383628951290442
-0.15353299767473028
-0.6535649422872364
-0.08743229770408778
-0.2884458869977092
0.12764338593410413
-0.3515464739007341
-0.6197272553121718
-0.7058982024599988
-0.5067823269141172
-0.04092595258733178
0.3430459971550738
0.23555350116840137
0.12025874852710192
-0.4133687564333389
-0.5461456667852413
-0.6919719127296676
-1.094064525773462
-0.8069732344321356
-0.6663818393425494
-0.11829036233256886
-0.15599721872202998
-0.521264142961017
-0.22042749275836582
-0.49406592553685924
-0.49301387887520565
-0.4623104147156677
-0.46174800356938445
-0.07622731593811623
-0.2666939075373811
-0.335754660967594
-0.2863155124050598
-0.1559827232168369
-0.1610991062350164
-0.7237960654836713
-0.23191020753742886
0.041745694689273694
-0.18070888170464194
-0.37663619687814365
-0.3417792995602963
-0.41086615841725016
-0.1354073702583394
-0.1921843906339089
-0.25884503047641083
-0.02135488936306912
-0.1893232505353704
-0.20417144324566433
-0.0341787048179476
-0.17048800501558525
-0.7958772530537588
-0.47391268377473406
-0.32428839031069
0.15113730014722934
-0.2303836861813846
-0.36367602808888955
-0.3488732209237817
-0.4764103389268662
0.043044019896045255
-0.4817317367771069
-0.8680248502269123
-0.29854519493361287
-0.04112238459693296
0.06467228392748359
-0.08166509915901315
-0.016560769127817752
-0.082487601732471
-0.25772021352276864
-1.1930331397859775
-0.22658648015868987
-0.1370585627640526
0.11883204440977735
0.05205077916422374
-0.17413589469132196
-0.042519836787602905
-0.2088169146249641
-0.41326507821771585
-0.38080028919658065
-0.1492789698797813
-0.010424425145670893
0.3728080920004591
-0.04101165508249416
0.085558067507845
0.0721316731436639
0.6650246790549486
-0.31138604832921024
0.17472008957556043
0.09656521912676497
0.17547607855631359
0.2752509230487914
-0.014461237921622322
0.10672539084299881
0.9834136482817452
-0.10016256096664013
0.34941631820223007
0.37473080902250067
0.11580473817565806
-0.24409190424615856
0.010210930132876495
0.5044381949148347
0.897705841263378
-0.2269544680225285
0.4235731562526423
0.3830973871389912
0.4221451508473645
0.16591986873326756
0.49294345535149453
0.7920952862222319
0.8453209925148506
0.11122486757764727
0.372475788578762
0.36861651786057703
0.6966541189026811
0.16887138667137097
0.44704274336077165
0.48843357934189674
0.5453887778678388
0.35333973438757277
0.4474207876749423
0.7873203045690987
0.2955805473591169
0.4542163605537483
0.41717301202979234
0.4984951510891805
0.49904614735115455
0.5801260282952578
0.48458108532243543
0.6613653720838059
0.4504975201168669
0.710782811202072
0.3476895236141184
0.3818764356190372
0.007531614544457579
0.5059973487949381
0.8748050817482064
0.7202787086416125
0.8888235913097087
0.7621458740343614
0.34483903778898484
0.20474663454372266
-0.3866271770022316
-0.48830608814413123
-0.18414244510748023
-0.4161560178742054
0.14027827809256194
0.4104810152174936
0.1345679632134692
0.5288877023625479
-0.27997710930067965
-0.6047138237808309
-0.07672658323229875
0.0966245044043838
-0.05846068986911018
-0.03626743678605732
0.35573603510612933
0.0636733785028647
-0.21382970662391781
-0.5527675359012756
-0.6783494584248868
0.04872122502485904
0.3503020054446358
0.12059545301032237
0.3236369154818841
0.02711630005103602
-0.06658691957583653
-0.6365175200454337
-0.15239649673258177
0.18417357470220125
0.07747571982150891
0.3596102286813835
-0.05920832070082699
-0.059030349168407076
-0.1463467826033672
-0.46663284617255996
-0.4247112413815707
0.17903412814441022
0.49651590308298393
0.13144211011210782
0.11477045254399729
-0.23093655272374922
0.2579017773103043
-0.5872386832471007
-0.03643959757936624
-0.03960194493286928
0.3172300018747678
0.013672059060964054
-0.06654933156799991
-0.30071095336102693
0.266394529492585
0.01896088337724954
-0.4123035987405763
-0.055400542120188245
-0.2722761087449106
-0.5278189720389761
-0.3678522612940571
-0.3908497966496638
-0.6389697578818239
0.9607122582227371
-0.11568672515485062
-0.9082657296873776
-1.4137109752922683
-0.3106888878423002
-0.5790758385918937
-0.0011992898711766231
-1.4325513212604717
1.6644162588381044
0.11637437192257732
-1.5780506932939862
-1.328100912959992
-1.418308503259677
-1.0050692815941014
-0.6134996826048713
-0.33486523786817496
2.2661397678998534
0.9839922671259806
0.0031668958846125528
-0.8066598776588287
-0.8060374926954
-0.4907563191200603
-0.0069301244094417125
-0.295522995835946
0.7485158254042522
0.0828373750361869
0.12327841943096879
0.1738073277960285
0.21776276742876013
-0.18419385074656558
-0.025947980424018136
0.1627880705755241
-0.045732005182462676
-0.23620904670149911
0.3111907147890839
0.2397179238863078
0.20380301570714776
-0.01892366549321812
-0.23816853023021545
-0.27105773351386253
-0.34816630744407157
0.09293681967527478
0.37910410988642845
0.27724858977827205
0.06666075082864431
0.46345639890690116
-0.21581069931512403
-0.20467131696661722
-0.39126786954678583
0.07450840670036551
0.029944568362041835
0.5363295268051842
0.23819698059897054
0.2268357087229204
-0.03884281327545491
0.022199835994805128
-0.22297085724807772
0.21777820024901673
0.11871948501398688
0.44003371553834103
0.4752959110132115
0.2579876000632819
0.27416908102249515
-0.36715823694497407
-0.3654841306922649
-0.2778388658753458
0.16582771597993978
0.37221423791971764
0.6352348060950729
0.9948103107285114
0.7109571234913108
-0.23757022963527158
-0.4640921044304156
-0.26343834123238774
-0.6577021523126075
-0.6569887261701937
-0.4110337528568188
-0.34767556651162573
-0.47392222504218035
-0.3203464219953591
-0.19574809606643423
-0.3919487107652805
-0.11213117340945615
-0.29199874525393293
-0.5306699903649155
-0.060562334773972354
-0.6005124401112008
-0.20322062398270882
0.1386273181314413
-0.1347103131934157
0.14859348858543192
0.010790494577603948
-0.04731143171199512
-0.4518483076517046
-0.34763337816268025
-0.5480643245744212
-0.5521641244678646
-0.35683936243287195
-0.4183845090680439
-0.09504457073913763
-0.15760458491870524
-0.2674633085671586
-0.302417394475415
-0.44977406705650325
-0.48194679475864644
-0.5319148116224099
-0.482165887386543
-0.3738317102672294
-0.22818412536589625
-0.05144281064478318
-0.3467716927082252
-0.36798804688393694
-0.8108362660703688
-0.15615394478635658
-0.15081231586875993
-0.1545724279080396
-0.27039549151173947
0.14563725464768168
0.19152267242431398
0.08559690541422127
-0.9874182283418776
-0.39175020062479454
-0.3235912930551789
-0.017007132864710617
0.1800074797061877
-0.02332310658125597
0.5319671296787742
0.2283013197437586
-0.9811861835691992
-0.3169740377658784
-0.47033603107302246
-0.062216682485441294
0.21811212140910496
0.3066951337764386
-0.03492024100507857
0.2826695252047412
-0.32851905953233107
-0.08197791600050369
0.2600534668435469
0.08468934778471637
0.15785954140396335
0.4615586723683349
-0.13172934741269954
0.5338142219522685
-0.04554364478216816
0.06364629674943358
0.14886237828507162
0.04989513456377862
0.3283210705047889
0.18453278021577227
0.3366617183394301
0.2512172497658034
0.34778128099820094
0.07538307689527246
-0.09181252072038687
0.08983745507307639
0.6589775584627877
0.2792094915645157
0.4841802391148626
0.12516121309167277
0.524035389299293
0.4575207454065985
0.33363724353827295
0.19745761956578817
0.4326024083441052
0.7650127992324007
0.49127469291522907
0.0418639647822745
0.4724121565405148
0.5935982275838794
0.26447500139137153
0.36654182749282577
0.24776188254198173
0.31422412571299496
0.4667207922767172
0.6112962930381296
0.49874219315366247
0.47823673184619486
0.544781998546568
0.20148529077207555
0.3115644991090542
0.6760635253107705
0.3909134972877824
0.49452424112832316
0.28084653776874813
0.5008671470911987
0.4650431810309709
0.4194276878218634
0.4348763975063053
0.29436811163098997
0.4971168854103824
0.5230683790761546
0.3570530447323463
0.4822102733593213
0.8370185668656528
0.8763866368990938
0.5161412781503012
-0.0892770641288059
0.2867189854226435
0.7544472426829055
-0.5903085315236878
-0.31311263256599087
-0.025506929653969113
0.24344585138175484
-0.1292519580017056
0.06259757206633426
0.6340370193459368
0.2614026187595983
-0.3941745058753441
-0.1088743620239997
-0.2044459036321789
0.4188135860778355
0.22058740153497342
0.006102658735313127
-0.061381726698925276
-0.013004515907065473
-0.215450975676199
0.14022286514729393
-0.04813086819070813
0.1035918138044287
0.30427147366591334
0.0076807547432627965
0.350742280480446
0.02717922625030955
-0.34524716114703446
0.18047709610571927
0.37428403353634554
0.196917902695113
0.16669310113565278
0.3228681652834407
-0.10152082740454599
0.22677800754890362
-0.2990322465938666
0.3382225312005644
0.12831298547727493
0.44498237544334973
0.34455793355866354
0.1641174716191599
0.14267812341771163
0.5690424532228916
0.358316173152233
0.4108956534306831
0.43199297737254255
0.09619011755060874
0.1258209554829427
0.11372048035278631
0.18675265944080244
0.31861396153366645
0.4810192547326482
0.5842161134658719
0.3322884764080975
0.323098646180106
0.19667224060938754
0.12334847039476379
0.03610393246302132
0.4965571581689744
0.9734572615182633
0.5927549437470009
0.3469890710858467
-0.09287767912641925
0.2248568131109866
0.2593582418950376
0.29253869810748667
-0.4568628525147044
1.140887311960042
0.774107015536354
0.3980794560015705
0.039460001837286436
0.020271156337006893
-0.13533512443776152
-0.48215657891525854
-0.78158289326113
0.8511965577653902
0.4902255428910261
0.27493361319534004
-0.2366380840130291
-0.4609763192236538
-0.6451688367782052
-0.6000091323308514
-0.43056982582255865
0.3794945607766931
0.19779561461110112
0.20413313440651326
-0.027126577778076255
0.0632901684703949
-0.22639432475815563
-0.1574694152768426
-0.10543208403237045
-0.3997741667760307
-0.19796801461282537
0.07825876076140259
0.29271363072521167
-0.008387924946935757
0.020946661711968073
-0.1718354594781637
-0.24388741282854254
-0.36436445065919487
0.02243353061772252
-0.024454805613355668
0.1661790462317828
0.19539045401320454
0.12893197323365277
-0.13239679434351856
-0.04551603799434012
-0.5440703825022566
-0.06936283107645053
-0.09385635667867723
0.17462832328663855
0.5034632322295404
0.09039911383246896
0.07679208438054255
-0.027634300158053293
-0.22266421837065298
0.1964978078682329
0.25191685147800136
0.2568654111540082
-0.1320620184905949
0.38943587159231813
0.11133059054557744
-0.20925075767235177
-0.4435066216000092
-0.43728881029527084
-0.158211974704712
0.3261601335734645
0.41569379895224373
0.3018898744125573
0.28937360528604056
0.8354660883695592
-0.338092225645545
0.20038213764052915
0.48544993512127965
0.5734411684741074
1.2166527131565643
1.1155240622686593
0.9977028715717307
0.7253832903679567
0.14318150855060596
0.04490547516563065
0.4888671242725975
0.1569979557601393
0.5924155924613079
0.7688712810745928
0.882344704090829
1.099569854871183
0.19580212560900126
-0.06683719134495492
0.1890528257814098
0.44215071860613003
0.45695004625504343
0.4299658524071129
0.915784831480806
0.43711316057046623
0.07863186765379328
0.040115403615726464
0.049403229643261715
0.5355421076708734
0.3138920411608988
0.3980506826250497
0.6344633213474438
0.5587885238893502
-0.3919666462362965
-0.17894214553279092
0.14458502264225886
0.31111030551100227
0.06074919539096452
-0.193606102030967
0.17544984950957332
0.2972965807955575
0.16807832682037782
0.36969843485070353
0.04448984839154793
-0.3543105779454012
-0.3435777204272559
-1.1850109903626234
-0.6450609578626272
0.15301777309474976
0.04678688085798044
0.05828324096833956
0.12713188565410563
-0.0723653825214357
-0.28998329052057636
-0.6012499949093509
-0.6065508464067018
-0.3366365535237832
-0.08407861495786545
0.383974049647975
0.37458676726233253
0.5807050879754606
0.2313107933809564
0.1499268726539708
-0.4889303018695005
-0.5028379703001241
0.6370497414949654
0.5848668387660461
0.45581311370948585
0.2355671408723745
0.28063545309857807
0.126189320007518
-0.0994110874764198
-0.5697133268449335
0.23514110690521423
0.528915781522579
0.06241750339204233
0.43212503608735575
0.3245253610624901
0.12353126216446282
-0.678091318886632
-1.083274572260855
-0.39569450909366766
0.29138797598031474
0.43989073490666825
0.09808402230919289
0.2871269922365059
0.19016988277979335
-0.4560765541417347
-0.8811788129394778
-0.08949996705309472
-0.05533833655512166
0.111529877700865
0.29955298443221556
-0.14214951217487745
-0.13227840791619655
-0.33406306934475605
-0.5496793470956489
-0.8719381910910056
-0.2362871491644074
-0.5420858809682882
-0.1196482495668302
0.17723890100601164
-0.3109637124206097
-0.7017098979193054
-0.5899158069125253
-0.3679919586933991
-0.8455125171958782
-0.4995011584454021
0.14769124615145923
-0.07075690736759851
-0.48481229021154015
-0.5935769450948849
-0.6134792998009065
-0.576686001700143
-0.3767678271875342
-0.6315711437109593
-0.2609762148377692
-0.34742068927367686
-0.12382802007351769
-0.16148616242842306
-0.6583932309858638
-1.142721955798089
-1.0048291281156696
-0.4892390865653478
-0.6952423015648461
-0.505194546785516
-0.5509051436927754
-0.3387085982136242
-0.48229094734527644
-0.3776133135992567
-0.13813154429680272
0.30129865657087784
0.33133528796568607
0.568486520244477
0.34791000000361094
0.3229089064767399
0.3004983134115661
0.22643874330256542
0.39623740048177686
0.45128107457627076
0.3107127647717312
0.205231289871493
0.11423180927129845
0.20684600376633525
0.5534225551502399
0.01854822979481259
0.257911005052527
0.42852495164707016
0.32516251195467366
0.341321007886189
0.23464244934452916
0.18756952809979033
0.051974735805507793
0.48380484370190163
0.26964735208638024
0.48610390231051515
0.6131565735146238
0.14819916026967156
0.16701526999682714
0.12851479998391524
0.04415302302167341
0.2755587635951605
0.3950603580208283
0.49850570957882684
0.4120068666759304
0.5774764957992167
0.5320206715799672
0.0014914879221544775
0.09614834733012025
-0.1625914705440617
0.22591528598771002
0.43976889421853527
0.17414584223718466
0.35960534465520166
0.42664275507529054
0.46327211698843473
0.19436829950175766
-0.03524869816918923
0.15127011006045912
-0.17457436077879587
-0.024260053501217738
0.08683192948079443
0.2469695486242791
0.5134078087174151
0.32848034356932876
-0.9306269565511383
-0.2543852002645536
-0.3474445548251777
0.009731507736802696
-0.05137607552565181
-0.04857168359626195
0.2315731358298339
0.06592916999278908
-0.5614865447429829
-0.8044640321367573
0.2485505330939985
-0.5647413947095676
0.08822132536175523
0.4450320450288042
0.31108226006409406
0.33508295697660234
-0.24849278610818665
-0.6709645914144254
-0.24774708133106202
0.2510483352004049
0.12633659856540408
0.45012681675514316
0.36051628903945715
0.4978057032536545
0.20024411544877133
-0.3159777756266414
-0.3098847189744505
-0.3963717248050674
0.12888645586089614
-0.06480335498510237
0.41953135602882474
0.37627820604340034
0.14350272885432253
0.00909580807425625
-0.325826626357158
0.02077231133115176
-0.3106268349089764
0.17315073422715077
0.21567488336072954
0.4015707363561345
0.01755081097189698
0.09282613567458187
0.036563536942471386
0.09033750249655087
-0.006286610012582489
-0.07349165720247908
-0.19328294083733005
0.20937368901397302
0.06302653529206798
-0.011156308610518084
-0.04978489010536724
0.12494520353361677
0.07866553920357566
-0.23515798263429288
0.21918110252508044
0.23758548604727114
-0.039815966968425875
0.2287198816578666
-0.012808889899726283
0.18832932351631568
0.10335631726044185
-0.2621428831038305
-0.22463584043264573
-0.016283073783861846
-0.05632813951561608
0.017537308062050172
0.16347129236571528
0.5212626380323253
0.2723784110718799
-0.23208205351122774
-0.10888956400291189
-0.0250953962963284
0.06181165375266226
0.16239350801278807
-0.13564007180204296
0.02494470749836253
-0.1920362783867428
-0.5625460495850496
-0.34667899794745505
0.3596290863210518
-0.1312595706036224
-0.10275674021369316
0.0027725065085472123
-0.10252906799606581
-0.39743379491570413
0.025766212086242052
-0.6493421269016977
-0.32959414403800924
-0.10064962400637312
0.12705483769852124
-0.4741052193078448
-0.08749799608748104
-0.5092787662148297
-0.29202704613787756
-0.30566291185443184
-0.020965667377090547
0.1991304493315767
-0.5879994964846493
-0.37444931281919525
-0.43911702013138665
-0.46168805818086844
-0.1773720921211633
-0.47327159993587165
-0.07746711310415347
0.32271537830856034
-0.1937621083878998
-0.3703609610706955
-0.7005474259172784
-0.7415821553790055
-0.7783473469483377
-0.7833272559636713
-0.3853475378667839
-0.2654358719653279
-0.14123297943316976
-0.1543195342304764
-0.47840540988761593
-0.343391720854608
-0.5019545537970559
-0.5022322685478446
-0.5855064596205141
-0.20017917687969328
-0.07904661325796425
-0.05265392934795832
-0.050001761786994336
-0.5037991583726661
-0.5331235949496382
-0.17391318176353399
-0.5254532309903659
0.3521113052306832
-0.042910058355170866
0.0504589650472827
0.011640563275822802
0.12381067957265511
-0.17917892611361697
0.265327033628579
-0.1383880548041022
-0.1295819774830012
0.0425224810610203
0.14530440651264015
0.3789088161281554
0.04746649989339746
-0.14828389196987668
0.5282133219541953
0.11592920515348021
-0.14468614087232662
0.2663840290672319
0.5144856681334611
0.07120897013760981
0.1681816488535332
-0.13339159176423643
0.1460261831900994
0.14438853688987086
-0.24526838462941264
0.3296094666743299
0.5529147550125
0.11597706095241878
0.2961053799951157
0.30021663381498864
0.6234027763040438
0.4409726209297552
0.10047553083973132
0.7464238417003617
0.5223451167662799
0.41817920620799415
0.30788834149140587
0.22750844745305268
0.49959176621264256
0.6661001176015555
0.0631199944418756
0.5340451031924195
0.519955302359117
0.2221048861601584
0.13871146762242015
0.08952528751253519
0.6499874209724177
0.7346201541658659
0.7133599502924224
0.5652250994764166
0.6084947915712033
0.40423274168067647
-0.41667815083378035
0.17296765924565521
0.5864304350953354
0.6775786128726942
0.5305534443941453
0.2750251512107546
0.4458329361434938
0.16973665266840537
-0.9343140092118712
0.4853166913258417
0.6035188223326834
0.6257095052586439
0.2909899769112338
0.8537836314332483
0.5214826614316732
-1.0122778121682818
-1.3857109417421034
1.0507151211578134
0.7847445894155576
0.8279634353870938
0.6028894926829352
1.092002530774311
1.175734814266323
0.5169953724493104
0.4379660284478638
0.6557821369035829
0.5736274605313024
0.391181374745925
0.1952756132995208
-0.11059838459542581
0.26555260793998825
0.16528999362483804
0.43101212641846104
0.1856251992410431
0.20932899989784665
-0.17749359550387206
-0.2780575083409446
-0.20578547770349448
-0.480234943781482
-0.33431052094903685
0.20172626852907846
-0.10919177226247609
-0.28081887813992
-0.29054325706821427
-0.6807274980266127
-0.8211290713817964
-1.1003564130211128
-1.1335808004942234
-0.9609917578370657
-1.0673087361930749
-0.9223585347246502
-0.4197971002815466
-0.720403064521565
-1.0985785453481678
-0.9125556521432767
-0.4559965001551734
-0.5960170529671667
-0.42704243051775875
-0.17850945763027587
0.1292442527272381
-1.3910694639382117
-1.4935643133320204
-0.15547754103561073
0.2354327902846862
0.01806981858945461
-0.5371505852343446
-0.3600262150260398
-0.547490217655179
-0.4070453819858251
-0.04611835454121496
-0.067674071701287
-0.25296137217738746
-0.13385222526622748
-0.12361802718183451
-1.0209928408901299
-0.8377632406558302
0.026863658022209524
0.11398701096610608
-0.23531560105344795
0.02529334391692517
0.17712331646781246
-0.20422502878941387
-0.431213020947761
-0.9052671572181241
-0.36028297839361034
-0.600863732113441
0.09729950530192047
0.24222273200065586
0.03713252078606258
-0.23161781711694895
-0.1568994337971668
0.08533256805659184
-0.4010908018845457
-0.2202408202920797
-0.07447845207805809
-0.11345857575849272
0.38014748622534794
0.19459138510917748
-0.13225568559278625
-0.3061159257297622
0.048928215531867436
0.15338478263614055
0.27949323246284213
0.4246894648899055
0.24529405785758956
-0.03279875500476176
-0.49593675548412725
-0.27648547232696197
0.09672304887890404
0.4099304446082467
0.1175749136677009
0.39454083553503205
0.3261010292294356
0.15842434063119387
-0.1360022563809602
-0.07120818608675394
0.22308313128102003
0.24071981722241884
0.4275141508392588
0.7329050970033897
0.4603054611270617
0.23001161491236316
0.6710124406696909
8.006106720524764e-05
0.059319519204327265
0.3643551781830258
0.4131743809317701
0.4539859161204696
0.453855334783429
0.3355074130991222
-0.12726233775064227
0.25923647439337555
-0.006570716193514126
-0.013118672496606212
0.08822290568237069
0.41436415827693834
0.6131690618881306
0.5912870864048768
0.2074526145439819
0.5308833836972164
0.4386107926127254
-0.057200950072563234
0.3370924956633989
0.09707169990037581
0.720434096316142
0.11867542694338003
0.344129445770208
0.5940477985052661
-0.066822918967411
-0.04133133306737202
0.09985646428227185
0.21425738523254584
-0.2118596094206588
-0.10141534011322612
-0.1789105295335149
0.1538134835071324
-0.07151614630948597
-0.42470515690667215
-0.17049080430211883
-0.6329109262086923
-0.3654591851541925
-0.2719801324858481
-0.35693239161530876
-0.2540228305694455
-0.5202474744908218
-0.6730082747409211
-0.4985728472516934
-0.5636768626379953
-0.3906288277457859
-0.6639152752919577
-0.3748937437374328
-0.12311149990433368
-0.3622943601953422
-0.24563148318734773
-0.356982599296962
-0.12394961170672886
-0.45137633968840435
-0.061072193706955366
0.1938849711876186
-0.22352789206881246
-0.18869138046518463
-0.19830528636397216
-0.1549921803342095
0.06781205193187623
0.06744484531376807
0.18697795545044682
-0.21646340773747288
-0.41823808251789246
-0.24299003472058933
-0.24000922278283615
-0.2673970365654222
0.050003922702976655
0.059366963767952974
-0.13303687880766887
-0.1039281271987439
-0.14310228896858648
-0.6231792211622893
-0.5913664009026016
-0.24842512681605447
0.18605855293858653
0.14279733661182045
0.10248451354484878
-0.1900872452075126
0.11862551764382573
-0.5322983650272608
-0.49219518218093705
-0.4890610523575596
-0.1242994709954347
0.16714019725199641
0.11109214012922075
-0.043087690789096134
-0.04532666190612255
-0.5006564132946326
-0.5668857563984364
-0.7185531769248596
-0.13190290702755464
0.08969017228839482
0.15545197776457048
0.31343782434387246
0.0019541732376063825
-0.5164881531005728
-0.5180619533192969
-0.5453773353858941
-0.11270034663787529
0.0410181995381107
0.09296581336344398
0.2822565052095554
0.21800559606026812
-0.12452300735434946
-0.21051031860294617
-0.21889941073300012
-0.2944156397484531
-0.05711264601843785
0.11429068222640948
0.003907822894592336
0.23229615969779166
0.295574428690759
0.013946224377078736
-0.24066423519697777
-0.20393879282158106
-0.08828584443236162
0.3156266961390055
0.2183577728302476
0.6558876076100084
0.07669323198002939
0.1545952426375482
0.2248860963998252
-0.2584217873838387
0.06177456136470405
0.43621755463276124
0.5521057522641949
0.35871504125839493
0.22156320147814473
0.15381478007141994
0.1789736692117333
-0.04616497117553048
-0.08494149244501809
-0.10904767670921389
0.20591133644847703
0.4014518551968899
0.05859910365290357
0.1616730766820796
0.4437933275441036
0.8288178493289207
0.8010382526612926
0.4424093775705154
0.6080418515744603
0.3257244060655343
-0.09984703371646741
0.11754091829537894
0.8378357827893108
0.9831505683337414
1.0062967721311455
0.5016454888880395
0.43446924613981697
-0.07961326965302118
0.17837224750984446
0.1405388525721376
0.12291988321655459
-0.14895405100907477
-0.47269447437453815
-0.8226407967360472
-0.6284800576621645
-1.122635772856472
-0.29228565117445415
-0.18963388042008333
-0.2817412739410366
-0.25552137104540124
-0.2092679209642443
-0.7383484870117862
-0.5855280396371807
-0.4701839095486713
0.39884159578689354
-0.2769836698342108
-0.2674045968440306
-0.267494783896859
-0.6338944576513881
-0.5094580137284622
-0.034341508731571824
-0.4997968845375709
0.06899391443354047
-0.14968005326564393
-0.0996328000413011
-0.4436028730747098
-0.26186956168990083
0.04481353071215638
-0.37487824465894315
-0.7315987417631139
0.43013931873954003
-0.1273086840483492
-0.599505567780796
-0.2039778575052617
0.05126238995175664
-0.2075590656765098
-0.3979380264663871
-0.9423311386813189
0.047807530990932934
0.0693228527485038
-0.0008681665089315185
-0.1537195281764686
-0.37078256258109576
-0.10311338247391044
-0.17789324299557063
-0.16728133234139664
-0.005875806626691634
0.11028943820232934
0.35753359947527263
0.13658705758052866
0.035599972257328416
0.0782411303272163
0.09098675270441298
-0.29549401445640144
0.14982608477467907
0.31156354183447715
0.2775037150803404
0.12307875653854855
-0.30033891081058295
-0.16002404858231412
0.03568606308284064
-0.24354534527578914
-0.10580338911305626
0.3552082320137544
0.7678239870597219
0.13886958867879667
0.1774441694055478
-0.00999886948321356
-0.09302924065183925
-0.736555624141416
0.19746255511037455
0.6739646105249102
0.5092310357595782
0.3070110783735253
0.131028079635487
-0.0349860385228018
-0.1297936924049587
-0.8926966490464103
0.29210885630003885
0.36133367586455206
0.41784444005785737
0.3989840953083186
0.13866748962747488
0.33082038052397816
-0.15112097527313895
-0.5774756251860133
-0.18345679305010865
0.6493594669655552
0.5917740869421595
0.380290241199237
0.44903069340623875
0.13608968370437763
-0.08817737358778782
-0.40493967545013754
0.724804849251558
0.19529315926189028
0.36189385830760706
0.36276098113974503
0.08948484484443875
0.0875051864202841
0.14720875407215317
0.17863736628425156
0.25736885097478535
0.5884179674247574
0.22702864914077203
0.17835262478420616
0.5060252593667629
0.3515534082864254
0.04180948575295071
0.28450312024411584
1.2236005334668785
0.11826482426443674
0.11197048678156496
0.4596358876573668
0.19912769276098596
0.23660035717536057
0.39345259872994626
0.4273476882444653
0.45878731147451646
0.8985835673444994
0.30641683704655814
-0.3610697804578928
-0.5012231031686343
0.16239237530935638
-0.022598398378101132
0.25851500591004617
1.073153974921926
0.32750024248574106
0.7194001720985046
-0.09977069949794937
-0.08916878713928988
0.03922857910668354
-0.5077855198048966
-0.11649209355249396
0.09420076858737952
0.02634884809695698
-0.07849015878924481
0.19870593541333387
0.27960069067993026
0.10440209483592136
0.1962445500229651
-0.20955555003674686
0.1766774960545445
-0.11070876125465992
0.32516917450496835
0.19262509180809206
0.3490816267376556
-0.15879918695716894
-0.09922052614583798
-0.33514774079338405
0.0002985581571045698
-0.06884334183210072
0.06781087580255091
0.5388688018733039
0.22190076156124555
-0.17210600941955628
-0.16389085793867308
-0.47979815438233964
0.06201499476906264
-0.060299022326390506
0.03669969809963691
0.13281386218368701
-0.012068241359816545
-0.2575854272112357
0.10595205927409254
-1.0914680453769907
0.18748496380911345
-0.004466619551881601
0.05525581155881042
0.479381933131821
0.3791509999365873
-0.20093055099145668
-0.2732982150890495
-1.2039146719382998
-0.8379978549061572
-0.2978596997287546
0.008547226325240687
0.010731494819586268
0.2929368253117503
-0.09707693804816975
-0.9472423988659641
-1.1875763308609315
-0.21269796748844705
0.07304220715408152
-0.3430465419562145
0.07928728601090385
0.330918412700206
-0.8231070962492452
-0.9804342489079731
-0.7595221164550043
-0.12763495930508756
-0.16864538105640448
-0.1793458391648205
0.35817382887205146
0.07639367882711812
-0.728070983841639
-0.8189659917047761
-0.8378317798798208
-0.01093036260578463
-0.3595728745240232
-0.22567647812737118
0.036350693360929914
0.04880895413129516
-0.22489907944060689
-0.9679460496816673
-0.08317025065026432
-0.28943367766323247
-0.6938214529709721
-0.39191891292172665
0.2164403145175449
0.18771596148999886
-0.4898195901957193
-0.6143249310101023
-0.04212606403731098
0.48557566658383045
0.1956228998656271
0.23896497619078003
0.34561776724950105
-0.05533408498437045
-0.23929159783733397
-0.6008138850010432
-0.12254661085202795
0.4718516579886069
0.3037431627588255
0.3002264801166058
0.5298736305492766
0.3595999569072206
0.14454803912264977
-0.011048244192374379
-0.7199866576053324
0.27152229773157927
0.0065473337004432475
-0.19816172836496
0.2972202318112637
0.3495298743568611
-0.23969764440116031
-0.13448560982930485
-0.2957686823987236
0.45807263497399314
-0.13110384851093526
0.5431030143994502
0.20233791264996787
0.1805384540658498
0.49583250637990384
-0.11724501010149774
-0.09510226720822659
0.18086200291313131
0.5881870905797647
0.2223560822478572
0.027329983784189688
0.7424251304795936
0.3680446872283231
0.46739284880378384
-0.0016458188956297304
-0.07531429155777286
-0.33013049429910823
-0.08867140098745283
-0.25334799508661504
-0.3057015693480788
-0.22932802596090568
-0.3041677347348082
-0.18042113886165856
-0.08005771448962673
-0.21403464850023715
-0.18237695354784011
-0.2379775976515503
-0.29134359239207636
-0.4639769005509169
-0.3669242127987066
-0.20018555960343054
-0.2121255019108611
0.22798965682101707
0.10331602977968637
-0.24908846749448327
-0.231780919902297
-0.3175675695866888
-0.20461172921032694
0.05188373051720599
0.12450199387375696
-0.012372802062482275
0.04289242907589039
-0.21267324016191003
-0.23206228126620643
-0.1589418682039234
0.35466951452110207
0.23386356321977625
0.29462113821152
0.34011049240477664
0.3225282954796757
-0.17903004524026545
-0.019122139559042073
0.09379603134072226
0.17750088469416192
0.12103578022132139
0.26063403192416773
0.43217078097089134
0.2699962944490193
-0.01021063467529168
0.3066552289408411
0.04237296022776765
0.6846832658707881
0.1253928728635016
0.7249045782351964
0.3115245859914162
0.39936320553866206
0.11680046373629722
0.19832375713331415
0.623549217206036
0.4824497509654856
0.4860741494008378
0.13276324446318544
0.2509902833275067
0.7605954218109829
0.3643437308762611
0.5601886013638642
0.5613783546602633
0.8025295581986112
0.7243296466117182
0.030021661121543364
0.20397176580085785
-0.12614074439815892
0.6445934918985706
0.6419065341003414
0.21238972581194948
0.4119485845937636
0.3828805677304013
0.4437351291143216
-0.17998956693107082
-0.7640764347662902
-0.08552678164484645
0.22906192466661526
-0.5325157870650783
-0.630145032468372
0.24934308277499906
0.2861882124637476
-0.5509540470631007
-0.9171058487716921
-0.1660282211765234
-0.2497293659272405
-0.7177445989990714
-0.33329990027311485
0.056792241463488824
0.4313793292246703
-0.64880624617825
-1.0458257621869398
-0.41672162887886377
-0.4668600328176383
-0.602831074545516
-0.6814595575692434
0.15437952253237325
0.009027853262162738
-0.3033858907413053
-1.100700098295993
-0.661804123875923
-0.60553318615393
-0.22691195036533995
-0.3218485801300682
-0.06619382921446446
0.0244071850006225
-0.3388129565372334
-0.8496283969492013
-0.6536435514967442
-0.28153370736691125
-0.18240630508807135
-0.2881687035577228
0.07546465513262016
-0.07762797718347031
-0.32462905541865394
-0.49495775071658304
-0.3475661134382111
-0.22895349485781163
-0.3700474976277242
-0.24642341552827168
-0.46950523367788444
-0.16761012516238144
-0.15312496149546817
-0.16344266683997993
-0.4419703245191626
-0.26768567489416795
-0.17556214491753766
-0.11473958095452547
-0.14932913469721099
0.18931734564730263
-0.13537682058245215
-0.05128428635186255
-0.052926526499079696
-0.1212830741452533
0.06628504217549547
-0.6793020233268559
-0.41225131966495165
-0.11384464378944872
0.20697653246722453
0.015288533229821183
-0.15510023483583368
0.08583949611328198
-0.0380270978794498
-0.18631272805409493
0.11857330871884356
0.4466787174651944
-0.3395478180683894
0.24817450326314472
-0.03613872023740844
0.26788293696911747
-0.12206936916253688
-0.36406006553157755
-0.11554034817625644
-0.09558775426148924
0.38751136347177406
0.03364990848736008
0.06847241752160274
0.10852910523472203
0.04768724695463669
-0.2985767209395287
0.4344026160462885
0.13014894506955135
0.039845405436533296
0.09183911609219209
0.1481287743276682
0.1932055878133851
0.04829060379902539
-0.015279265102533968
0.3838531340974967
0.5124867954158585
0.2541347375624423
0.017659724304759594
0.007946761016050404
-0.01603117170720819
0.2950292572396247
0.07043266684770105
0.32750319955783563
0.5357746517138795
0.17899206340717777
0.2494277380997581
-0.21599113817520682
-0.03436150331965959
0.07345766579953683
0.22691247809585585
0.5210451395489494
0.41653998690257227
0.6386264957765746
0.19117277850791842
-0.02143979628081516
-0.6980416024615975
-0.06818317082543424
0.6649044097231418
0.8703952583511306
0.25121537969733704
0.7618405769918595
0.45154229919344924
-0.06744210365695591
-0.615640606452758
-0.13527809257873402
0.6858274700713979
0.23207789381598432
0.42192731745794526
0.3489254600214318
0.1473700497068033
-0.05810131004508967
-0.9872638730896062
0.23805062054329096
0.29290919856940684
0.5742902952930377
0.26522639653563124
0.2517665114778329
0.018337395319751204
-0.5230071223392184
-0.962585497888156
-0.048223455999858944
0.16218662738580691
0.7629640300178187
0.408059456239775
-0.23570287326609657
-0.2508099614979241
-1.064858017490895
-1.168217842028531
0.06340499716847559
-0.04807812698586457
0.5875418437286046
0.17340778292344755
-0.30163914719734086
-0.01743850398217485
-1.3319995296570868
-0.6881525010494873
-0.28163867743291127
0.15112048896178412
0.3010579851913608
0.3247147716383356
-0.18007147760232411
-0.3507893777495794
-1.8711965802954378
-0.5878206714516212
-0.08825086155151984
-0.07560608600230806
0.48826193259125517
-0.08411054121409514
0.24243066112978545
-0.727584698118459
-1.9458714893747024
-1.1995100526177827
-0.22872276956581383
0.1827346776975915
0.04549867157863884
0.35308543271155635
0.12389218159808812
-0.7102736160077388
-1.3756572766186892
-1.2960092767480973
-0.6732977743152865
0.08374616828440212
0.20447345413080276
0.0714686455710209
0.02912945699854387
-0.36498995259174283
0.30492019926841885
0.22700937110069308
-0.015027090297356771
-0.09039008211776095
-0.279757508521218
-0.5417563435852644
0.056949915598647156
0.31146756801451775
0.12204964997953849
0.16314727294770348
-0.18107693122656998
0.07453668775476208
-0.4454807807761654
0.0313586922578471
-0.10614280972995477
0.07331324111157111
0.41114162476951477
0.24083082297986697
0.0805873319002054
-0.21016962294807234
-0.21052553437489763
-0.02865191203944145
0.409188495747999
0.09132068342486804
0.47134278901744603
0.28700936165060204
0.030952179973221583
0.06041587115670116
-0.3117903720126797
-0.03465789838181138
0.10242567762448296
0.5286076209330601
0.2810587656081271
0.36116556679428813
0.18900585341296294
-0.004454299539725981
0.18373391221480995
-0.11609587380037494
-0.036558264058750845
0.17908346886591972
0.37260848559106036
0.3743626189040951
0.37103149956837533
0.12240182858513018
0.49114615756008323
-0.17605388630585023
0.10458381469684877
0.04908662519620666
0.017998609376799146
-0.07167407689504174
0.009501751843415396
0.3705111744564221
0.7324606377495073
0.5494847511554924
-0.1338829156413548
-0.4422231375676081
-0.6748074432395188
-0.7951577675248526
0.13209508857578928
0.3843281035119551
0.973039985684072
0.6161905134730042
-0.005810979173608233
-0.31601405765700674
-1.2448822859191022
-0.7619791632521407
-0.7908109678151289
0.04546195290672242
1.4774310729153937
0.7173425451755697
-0.010583600662331905
-0.3733128402266657
-0.4954282995460466
-0.5513727259420534
-0.02829797601079015
0.06645876460010011
0.28968284405849587
0.22351931017467452
0.2546495604517359
0.048710774433973966
0.13801867683458016
0.041624749850431325
-0.05231347025932731
-0.025103523538411138
-0.016266951212464298
0.06543095720452517
-0.10792911445677211
0.16019538223836804
0.16946990914106122
-0.0836159506657631
0.19204722454739004
0.05372534252982536
-0.28555952071787555
0.14371752555140252
-0.12283887030490319
0.11453170522607414
0.3999296920817424
-0.02280993266561071
0.13908373278998826
0.060505975056749886
-0.38412660257675624
-0.3869291885124984
0.12910998254268835
0.09932676368644278
0.32277784766022904
0.4178266098594895
0.06566136033104783
-0.07004876529692158
-0.41204981168322463
0.07532783228041132
0.19606437163314605
0.42070984432499714
0.2821145042856745
0.11437136877351867
0.3577989586084952
0.05096630949106834
-0.3694855510644893
0.003392878161275731
0.5326334883005832
0.3172303431433805
0.356257941937606
0.75735352481928
0.08036111225899173
0.04160501834479999
-0.43270689187093203
0.10813797637564038
0.4479358484888658
0.9749252812742513
1.137648825358156
1.161592514432506
1.2242249310253308
0.5730025570858739
-0.07980067972169796
0.2590884896030935
0.41525001679004164
0.7040395361956823
0.6111342615925468
0.5804221499623402
0.5514677276373773
0.5044347349092586
0.27664216684928433
0.6823499527626375
0.3204883441264852
0.5031911034127198
0.6882014561221995
0.43095385190186086
0.7725341649983064
0.637902973821843
0.2720858131058591
0.512097021471465
0.8149656598982074
0.43517056389219827
0.77156363622199
0.38392074933083487
0.3451529521185039
0.37056120811502924
0.685467706021988
0.13253788114839146
0.0331389184245478
0.5113263807162954
0.21587571573594078
-0.013197962891185149
0.523620841988607
0.4952207953019927
0.4962769176115943
0.11969639159588302
0.41330809413622105
0.1272914126976672
0.08910127394704251
0.14917054266825708
0.3074740183585919
0.5631061664308401
0.74236890761519
-0.14932593720460668
0.05823069316633239
0.4492449865583191
0.24467204607817128
-0.1468952496442253
0.2776126728034478
0.40310497468200174
0.6347433891862175
-0.2392021386644412
0.14454660382838902
0.4845659930809711
0.10775459326036713
0.128758868251996
0.06713364657353946
0.1543483854800359
0.0637118117871375
0.15333118637973364
0.16097424682020361
0.14535399289426076
0.11822125454321505
-0.02872223138028618
-0.2842696023644272
-0.226881859567413
-0.1287131966026005
-0.31919778036958935
0.26229984232980247
-0.11785627026846673
-0.006005744096507504
-0.11367516067447131
-0.346225778488645
-0.8155200848704538
-0.910396030902616
-0.06495168318916833
-0.045070024960925964
0.05920534203570468
-0.02635947932402885
-0.21993211749102182
-0.5712847521035875
-0.9363551671972555
-1.0188081948847239
-0.29356395032079247
-0.14298728469696972
-0.16799705772958498
-0.4117118682173289
-0.5016067302919329
-0.5608904470480376
-0.8226224046924339
-0.7595269442791993
-0.2888565825717957
-0.2747165969241725
-0.5131962878051992
-0.2907743338612443
-0.19227451085942118
-0.5930374417342723
-0.35520791116596107
-0.9659888759819628
-0.5910945469224665
-0.5297388673583909
-0.28188459435013546
-0.23424430453769174
-0.36358746410536746
-0.9458762037599567
-0.5023495042618061
-0.5140809423137536
-0.13603885689696427
-0.5575609655461803
-0.3062120036761209
-0.28544015524633226
-0.5840585110276312
-0.13298705920219767
-0.7447254186943857
-0.33727641997565094
-0.38621824233001856
-0.6164875150761355
-0.5118061118280344
-0.5389549485785967
-0.4878567616187329
-0.5148239760708818
-1.1593653004684246
-0.47549310564757447
-0.11833750161317319
-0.1369134430140052
0.6867645073233426
0.40124984953791326
0.3385237538715282
0.38379071307301504
0.4050471473769946
0.15225082842696225
0.10867245602131964
0.22896638688152265
0.4877845814571216
0.330181894316647
0.6017661980197316
0.25280455880690417
0.6331256700282399
0.25901221781927597
0.2619723384483537
0.47126590159997556
0.432638249231556
0.5448484653097422
0.4556400341181077
0.13547642790075237
0.5608627548052402
0.04989580204760391
0.46244530325561495
0.42302573457637754
0.4135965208260423
0.3884797948905047
0.263171141411021
0.37651028327410024
0.08925924998484652
-0.12211901056522174
-0.022835701966537725
0.6043138947371516
0.5784357186461271
0.17051201704956795
0.5516152808930195
0.07179635196992573
-0.08493753131697993
-0.5256009808020208
0.24419363705363423
0.33957144265094263
-0.027355889800983302
0.5922228431011114
0.1871841056799775
0.17251085802780342
-0.13740321434072975
-0.22359113477928827
0.06853675028124812
0.056207451977506984
-0.015938887638945215
0.20771255401468833
0.1312964975861119
-0.003995608740489154
-0.04711617645171856
-0.002168570614766021
-0.6382471272098852
-0.32398307787263125
0.003007349821338212
-0.1605094066607255
0.37348448283107805
-0.3658217538362216
-0.061187389631710276
0.33009608643091765
-0.5434673360503895
-0.038035694219854754
-0.23433335529382454
-0.07821093250737093
-0.3683528182220234
0.1921798507143518
0.08336554941058424
0.24804897782158952
-0.5064915888088953
-0.3816951200089864
-0.15380881500458454
0.20372479442456604
-0.08138062350722775
0.15492786728205116
0.23056264169406782
-0.03366086721954831
-0.17416816582425598
-0.384336911672802
-0.527446691121069
-0.04366372550338604
0.11363849777067042
0.08442929431347151
0.19927253771997383
-0.38141699413773145
-0.15413381606667031
-0.11409380089470811
-0.0176852851612484
-0.2922024117406934
-0.09234133387068166
0.05553204073528831
0.16208469363086714
-0.17096659355317023
-0.06695937696925548
-0.2696228538981956
-0.10365046167792336
-0.09761298697194759
-0.08255925311801104
-0.11185427634683681
-0.754410342727212
0.2654856475484263
-0.3187813150052602
-0.2883403417278467
-0.21069950958050515
-0.0840302595344099
-0.3528133715575795
-0.003379123725632427
-0.09033769021858307
0.1778787653115288
-0.20213740944167674
-0.1847070909566863
-0.14241321875083057
-0.023621066987298878
0.09031339596459181
-0.5782279400370837
-0.29149415135791923
0.19721336005009887
-0.21976018917750018
-0.13120414785669765
-0.17076631177448956
-0.12889360920333376
-0.23416954039146348
-0.28785871689978487
-0.18114103754340366
0.003572786485768434
0.6331269886126687
0.07226460033208769
0.04836016015758837
0.4909191472878757
0.8167571518865757
0.48046726776173276
0.5270623288709764
0.6544434506963859
0.2554835367112072
-0.10378433091714402
-0.31673242600596346
0.03133637772135622
0.41852675743964274
0.368950081319651
0.2054629498586258
-0.09651633648300151
0.5937396072147599
0.6654673719392871
-0.08018819931859211
0.04678700650666073
0.37124904585362895
0.19569796392434205
0.27144224755952784
-0.1682187000064394
-0.1448565961827437
0.3803981783501805
0.7549123632217454
0.22117847778303007
0.4491114345170703
0.32609263370929104
-0.13786347097300589
0.020718419469104993
0.4130702105203177
0.0319896279894043
0.19291977981582775
0.4193003412129334
0.4456943013038262
0.320688694248286
0.10024059182035047
0.35130794222670975
0.4798881741145927
0.5086224478148719
0.1695616416177566
-0.02158523130801869
-0.013366345628095707
0.1281497530251522
0.3200604259249033
0.11603430911463572
0.7566733761364931
0.4183770774147521
0.2870501999370656
-0.167237002995395
-0.18969303767606166
-0.3975503754320607
-0.6180691668135567
0.4419400924123709
0.6374381874206849
0.82164966527231
0.23996292998694976
0.04364314587967273
-0.534945862851295
-0.37531786000478196
-1.165281655974609
-0.9935171247701351
0.668145525780365
0.7834710403972505
0.6150364421276864
-0.050761492746365044
0.1185115212283413
-0.6689249764623836
-1.2871354759976568
-1.39393997744796
0.26222683681205405
0.6930167528719369
0.4429488624135068
0.1864748584921751
-0.14634683660558062
-0.3628609096837906
-0.9753349476336477
-1.511220521919549
0.5532877792178242
0.13748101643347366
0.33297048397031775
0.05499087845898459
0.054597217456067326
-0.14715726023279307
-0.8869119512152872
-1.922795833813657
0.015894734315118952
0.09069951083388102
-0.14895069339552933
0.014548425807173526
-0.034906553103745866
-0.7286905555213351
-0.6888996299927619
-1.6659101849612323
-0.15521531591167295
-0.4027840165795114
-0.228392796335533
-0.12579730886915746
-0.10605193835846137
-0.5164596901874502
-0.7982670516550728
-0.9125948774663255
-0.23508485617476316
-0.3106718893507653
-0.17637724887181605
-0.10063744987085577
-0.20708943032983002
-0.2595059224922514
-1.1186110375742424
-1.0036751296558135
-0.47757524880698343
-0.1964853277844928
-0.33586682346214164
-0.3111090144246817
-0.10533646418049442
-0.10096601823662038
-0.5719335807155078
-0.8657965129771477
-0.2573673397324555
-0.4757001249788238
-0.6661006906896488
-0.31145183315886155
-0.6490374371548008
-0.028268898132557174
-0.5037361916389209
-0.9268017275185567
-0.5590105594959442
-0.17231674837634392
-0.028266991211186726
0.3921953859825643
0.48802368490332404
0.37985304969426215
0.3108524619809202
0.3754840720863948
-0.010474747514178373
0.1171011245688521
0.01955597223498612
0.10587016177417008
0.05163549391142744
-0.027763886657822062
0.18439842449914579
0.5196779524149434
-0.39676440550244796
-0.1587554850093248
0.17513696364842984
0.3118853724348767
0.13917226182272172
0.08347656134087011
0.021227350537878997
0.2623534964978212
0.30709708184691537
0.17750914577686963
0.2293977224171143
0.12560673640692804
0.20739249299256957
-0.05208362508727643
0.10887928829605065
0.3718696420565918
0.17748337405431325
0.344837533593784
0.4470158919992039
0.3555480412476728
0.013853889575934433
-0.1923130066800173
0.1790271992975429
0.3344072483805722
0.1503681954124227
0.6118634907191469
0.3349058599239157
-0.07546989497346662
-0.21452244130464682
-0.2228170905496167
-0.9619240520504089
-0.9935159401733795
0.437808857571542
0.3205731113124565
0.24759762018735826
-0.2676089069127047
-0.16254122921948516
-0.3826076260865344
-0.5548156175557182
-1.8708283447255682
0.05976904610818795
-0.212369218490303
0.21588357097063632
0.21251079014852392
-0.400330823450903
-0.05214055907901005
-0.5256523298438951
0.015896619810100987
-1.1542059254552306
-0.5634046456016943
0.062431549001999
-0.18339890232196857
0.20353772230363498
0.22531130034151783
0.5040562226466831
0.9518651830955172
-1.580654910814348
-0.7312018373489952
-0.7400014390439764
-0.45756740455387096
-0.1772719114848585
0.23624483328969553
0.7694273056426452
0.988649582777706
-1.3608099560005509
-0.6929476797444899
-0.6258706911402772
-0.5614515028226198
0.22356330761127408
0.9121169286040027
0.6860386911274161
0.9607250634104697
0.43904032521327063
-0.26964135301463893
-0.09915279915669412
0.06586641140637597
0.38197739209463394
0.21477625417035773
0.4860235570881618
1.0937578934756291
0.15015184255274971
0.24256349165289365
0.07765611404831751
0.10171004768375806
0.22107561079456142
0.12176810400904314
0.30078471707011806
0.031048815869968938
0.20730763486315318
0.34630752993164154
0.13599725303124782
0.441071630514969
-0.3813508529976368
0.3006753527826722
-0.037592339784168705
0.0016743623216544379
-0.0756648602809121
0.3183051924343989
0.1651559994318898
0.12678569826023836
0.24284039043154956
-0.2900104048223347
0.08684309569600296
0.09092873850848548
0.8186630710457948
0.14207612396939623
0.3379312701202306
0.36966764276216924
0.023651595054593133
-0.38649844359412744
-0.3506765341306087
-0.3371798124025972
0.33337394362405315
-0.12502207233295218
-0.28785623046964937
-0.5712891060812996
-0.31975272803044175
0.34847515495172504
0.01757994348056585
0.8977214462985643
0.1726640859605057
-0.34520683818983433
-0.00328794938080057
0.307715936397143
0.2600790421885115
-0.04115020422000942
0.11386748110451289
0.04864764811182809
-0.032933817385750574
-0.3258252538206504
0.24414543957069737
0.37912170943198664
0.37132355267868594
0.11460638513582358
0.33380811964724827
-0.18834623492165742
-0.3076605186183305
0.06231302575276304
-0.006412174848605345
0.28458732465008246
0.4541322692220626
0.24455476782726593
0.014859828331012293
-0.3721974395318811
-0.21490389913318886
0.0435175499974339
0.4922393658773767
0.7074842843126244
-0.17793406119605165
0.3520622678342765
0.32258576123558425
-0.24139313523413797
0.1411551575539703
-0.11882070254023369
0.2751834223778848
0.251235945493852
0.6072856652277486
0.17700146810149855
0.22869372023719897
-0.12508452291472172
-0.22024072872770428
0.23917281962865167
0.1139477369334469
0.20898483034993398
0.07143286889514644
0.18593700522397183
0.5227269941455126
0.31080599585078167
-0.03580237588125535
-0.26946864679338556
0.16548957873844788
0.1697384467898972
0.24528034785543307
0.2901804726328124
0.018220603950344416
0.2525618648772298
-0.13421029289281544
0.2926620137742918
0.15800416843500617
0.2281292766406655
0.17078355006350004
0.3859750622064842
0.17993676165924521
0.0022425272312213973
-0.3993243377520092
0.059689811923248154
0.4328774550290463
-0.09301764526937956
0.2629851614733542
0.06371168017190776
-0.13617251569984534
-0.5348464068602903
-0.6321550841057919
-0.16226912635763563
-0.26951578567418033
0.07345702562311227
-0.10857354900152026
-0.11012943701296138
-0.1926036070203821
-1.0438174799689723
-0.7901763534024011
-0.42496391176086135
-0.030432939004716386
0.21699030941942632
0.03187189493201964
-0.1654112568999072
-0.22959487426585018
-0.31204423100330025
-0.609930010862887
-0.2273962799188063
-0.2716523314520214
-0.006096513851657548
0.019792354433261383
0.08487653110268628
-0.20071559651563964
0.07013028582279773
-0.9785819128061957
-0.5293725657230652
0.07174890147532771
0.24375992640506305
0.2894439036048114
0.16137555384479108
-0.11919520676337875
0.3297254663722259
-0.5454130026504952
-0.2323393602147099
-0.37091902339684596
0.17363567205352104
0.47250929071564673
-0.023476333429396368
0.13045366446833512
0.600595740633844
-0.22107797064074067
-0.9163560867987541
-0.5710516864099446
0.20633878319919105
-0.1936643232768921
0.42381686284122216
0.5420492957655101
0.6318064110349171
-0.10131487110442922
-0.3660298727944181
-0.7193044378245615
-0.8140495571542121
-0.9477336782444125
-0.39322794692017865
0.1960135840573089
-0.2423776030269329
-0.43626112830351915
-0.18751811895669968
-0.7583841994480224
-0.8006098833794958
-1.0375321271390319
-0.3302289157777599
-0.052806194266554515
-0.3727542107595175
-0.14536070055150058
0.0168913892815718
-0.6588785589208397
-0.9130280305789059
-0.676635834193322
-0.26015754047305
-0.19856927794285428
0.15643739855650973
-0.29314201058871414
-0.06811395279495519
-0.5984188062341461
-1.0066917044735653
-0.313622939398506
-0.44615035097313577
-0.15463093042615517
0.20572207333634884
0.17381775835908503
-0.3096323887649576
-0.4964322975604224
-0.9014680514286517
-0.28955526420131905
-0.10074167962934166
-0.29309850333285997
0.34956569188593495
0.40449137510000066
-0.3824884677499123
-0.3891869420236373
-0.7278286286398826
-0.5351842851891193
0.012198242776923107
-0.0326400163843536
0.9738405403205399
0.7687684368015953
-0.06559298136878955
-0.8977077847767865
-0.5909341654402149
0.2347752556331949
0.06736515329157955
0.4681261140019333
0.43761808926434365
0.33046027714659
0.12249075211457083
-0.6014061835516195
-0.46550613384353995
0.26411612237315396
0.33849903368441653
0.431361139211789
0.25398649295575426
0.9866176547447925
0.29053738694101966
-0.7258745934521811
-0.014260730932037502
0.31778984755266193
0.8410170998817075
0.34218056217933396
0.35871338884005427
0.8404165644266655
-0.02972218795566478
-0.06056747363283371
-0.3600434363191932
0.22262940067076264
0.5238807193250632
0.8068519598135843
0.2687520305527884
-0.18349508516223578
0.26611197579390017
0.35770793099324233
0.16034081235486286
-0.010046135048395577
0.2792507180441588
0.6055975638836282
0.4888427730772932
0.06320658960722839
-0.2401963510751805
0.23159283237142464
-0.15863854275680056
0.29450561743595105
0.23698109829129133
0.5878635903061651
0.23313777663362256
-0.18023333118783091
0.17717696900942426
0.36408518555597985
-0.1804599901249554
0.0031529045311611825
0.6427297623831446
0.33826582171816694
0.2992003589840537
0.0839473209490253
0.16680957947742503
-0.10532216287364321
0.4331316231306843
-0.04157217952873016
0.23083290827645675
0.6885003737632089
-0.16422229509896524
-0.5438805305508558
0.17509894605690735
0.004749628042364146
0.053007566055639804
0.23824413236347664
-0.03415146656338769
0.3173974616362859
-0.22177326907625383
0.010341170285829038
-0.14317605735415637
-0.024401054663531208
0.5666970010095457
0.7341060525984245
0.4131751422000116
-0.4420071606038566
-0.13137057179007117
-0.1512565305640779
-0.27571142077571253
-0.4990860486594212
-0.5096712541961032
-0.529038328933628
-0.13204072938681832
0.42887861870182303
0.37278979162750175
0.21963442327969945
-0.2333252735248066
-0.6299162829867484
-0.6529815303132203
-0.8452826708841288
-0.15873239038414683
-0.11234503761764542
0.457805932304513
-0.07679793988815342
0.1547654626964708
-0.2290231248121219
-0.8330904782951456
-0.8008215374943466
-0.2777214101204034
0.49937199228535145
0.8126791245695842
-0.2554997271271463
-0.2461248296288355
-0.3047733239517112
-0.7604424745596582
-0.5601595005795506
0.009550874508321483
0.46680729396862386
0.5665376300097702
0.35376555094928963
0.06546865001620161
-0.15778294978346863
-1.0731378149832602
-0.42832315306701535
-0.17913763265488514
0.18679804544067063
0.7401682235291946
0.7828628542541904
-0.11091267282604322
-0.31099650515702176
-0.5245191534250102
-0.4072398705374516
0.019067481056415425
0.16928909466094366
0.6787882922442051
0.8366065797093245
0.2392042122756759
-0.3256921069299255
-0.4766218056777815
-0.5405766349838089
-0.19358769932398373
0.4831337781971867
0.3239615260309848
0.40799884335025954
-0.06435227260166196
-0.06136205442169246
-0.40633737128764186
-0.6330221948986776
0.1511086082928244
0.22739577013356918
0.08118019339702814
0.02600057550758765
-0.4284997105694417
0.1025775651669917
0.1334608656157149
-0.30177651875090883
-0.20552485395995856
-0.14604682467559132
0.07769193702224397
-0.02226375288597618
0.25569016014246315
-0.10643484404772996
0.3078515617986406
0.11115713462243929
-0.170595468700377
-0.023057215417826446
-0.34736238503202804
-0.39860711885570205
-0.22499637917296755
0.30180432192322293
0.5062120663011762
0.11814731393907693
0.180115315084021
0.13689973729094912
-0.3055337851176202
-0.5655889335962505
0.18884305577083255
0.2566162745022865
0.3790161547419924
0.2927670666884572
0.24972584284752614
-0.1834062969160308
-0.23042087905414133
-0.5179820791487975
-0.1642191330391768
0.19591003853058542
0.08819416301097122
0.0308525781224554
0.27040799497069923
0.18348547522832628
-0.4396081938475027
0.13045852830986854
-0.23398601192736013
0.0840024063586906
0.3376267437965944
0.07286620911981156
0.13717330305782596
0.36957209007072817
-0.48340889719380215
-0.3656942895366453
-0.15533618050992803
0.07427263104237955
0.18160033200886477
0.3297866801165059
-0.04191820239585098
0.050117839907258196
0.03007485970896935
-0.6352156450954058
-0.2774513512773068
-0.22706265082513138
0.11756965518274864
0.5817459454662871
-0.17368679288024885
-0.06883131429938733
-0.46138121197700815
-0.18647306468753497
-0.17772334378123145
-0.26072904952410947
-0.1344633330856956
-0.31431141224494186
-0.1318610288757004
-0.10167991341640431
-0.13522445773133307
0.09191047537107387
-0.2031079491443175
-0.11001931192357173
-0.25988171564060253
-0.2701147189391836
-0.15374609981267684
-0.15034087926343861
-0.27167161772587545
-0.15337266868784938
-0.2288521022684623
-0.38238260282523473
-0.28449168480075826
-0.2543317081145492
-0.28081709757574735
-0.24663791027610865
-0.23828590441225433
-0.0556536538324964
-0.43095853350268254
-0.21888716018144805
-0.4828505881071396
-0.39080975777266846
-0.4878394339624581
-0.4080314554260165
0.1981408981228358
-0.0500197013395936
-0.8830205044081099
-0.3114761479545681
-0.35259690425523593
-1.0462924019588375
-0.724465477334304
-0.486397856159193
0.4400874718307542
0.11125981524580236
-0.6117273558537916
-0.6433753517490535
-0.5436021155363238
-0.41674591142689044
-0.8564007917085719
-0.32562529678961655
0.9631609892398787
0.1780790623522922
-0.9510881887220656
-0.39040382127451523
-0.2919466244462413
-0.20704964282134497
-0.7086831736840665
0.1088027045285595
1.7100249687988627
0.4343329947119642
-0.3925602856020013
-0.1214080650834583
0.4154700407084708
0.4073711575353786
-0.49101616880986826
-0.3044513529574172
1.0376342164370513
0.16769367468485186
0.059133120829140434
0.45493959935883715
0.5705860210842557
0.5700603846074539
0.40066883442002366
-0.006845732344853583
0.2809669283177404
0.4006592944903195
-0.012798116321919517
0.4829097850606242
0.7325767560957271
0.22468764442462852
0.2814677946304083
-0.003670827917375663
-0.13302280794685103
-0.39623779974025514
0.15735676179843838
0.5015014300164802
0.4764984285056253
-0.05403469481653111
0.2052381603274948
0.1321043908238349
-0.15079701659001932
-0.07551526517339427
0.2058008547219135
-0.1562179167216331
-0.1402946054512198
-0.18204416373897825
0.15930023950774536
0.3411558657414321
0.05176695697101791
-0.2404762699493393
0.28331865592735483
0.020010058730079043
-0.0615089272876963
-0.06014359325935115
-0.1707707334259141
0.022296298313473684
-0.42263851327052215
-0.1757529607076903
0.27805577569273454
-0.27315858256086256
-0.4264900601419919
-0.2980957263728835
-0.36439315081681695
-0.2279202323341547
-0.3799735894436362
0.09657509657971984
-0.16600774949762365
-0.20245688149394986
-0.36174466997423627
-0.30838980266771676
-0.10929663296439474
-0.33456297547802033
-0.29559447432117114
-0.24821825718616483
-0.26955817457647135
-0.3118644197297812
-0.0925365041409763
-0.1924422484848393
-0.28419644603099364
-0.10654365150080652
0.031333071489903275
-0.007281807861315381
-0.2577084600698727
-0.19027041915790066
-0.2996354106263669
-0.18748658703157595
-0.22248854122786066
-0.0651324345190269
-0.007612470637968369
0.2966698276074179
-0.28189220785013747
-0.33465938547695984
-0.09888805014325286
-0.07573028645887067
-0.0017773376218138508
-0.10236850187761568
-0.18347309772684744
0.3655508989533871
-0.010118969339855732
-0.08502350666137876
-0.13775698743664577
0.033262005804368174
0.14957176877344075
-0.026846287906352406
0.12718856563304207
0.39857995551605235
0.474925706798826
0.1882106493985224
0.12350076273979399
-0.21152473984226988
0.21734021559867062
0.45758332743447144
-0.34268361453604557
0.3124594615443528
0.2968485362740525
0.054915844022107196
0.06390955815916866
0.008736382456591626
0.09310374429101559
0.6919057362237871
-0.23939463120530424
0.16063782974440977
0.49944488182190583
0.12535399053186386
-0.03596217448101868
0.28685164996047774
0.0003791249641812988
0.08068349366523958
-0.5471051511280158
-0.2988315527140711
0.23647995179859538
0.27032411186777144
0.42214423313386135
0.26788878223562274
0.21433702112061065
-0.1256648993071251
-0.9116892303133257
-1.4146116811009868
-0.11592227086422374
0.7739849098217797
0.4627142272643503
0.194547981626303
0.17210136731526612
-0.2974527335640542
-0.3744290257124723
-1.3335575514029836
-0.31745547181114786
0.27712811471839116
0.7407256304519314
0.38058387761303536
0.39992957734157697
-0.0579734647091248
-0.5708112630124805
-0.6233885402686115
-0.008997806104368733
0.15235474082337147
0.36453412285197623
0.3733652307286996
0.31134355488605947
0.048536816785352654
-0.15702664105632666
0.36649896379429286
-0.09849989641611254
-0.2713694329889945
-0.1905092347561237
-0.21777773174187554
-0.026266395818407395
-0.05445781423205581
0.40584174309802346
0.3248899568197375
-0.16096497646259325
-0.3319843895906515
-0.5937664795093366
-0.09046399794968057
0.03765797671308288
0.14499677489513585
-0.13722994591439863
0.4908151278368564
-0.0759662980031307
-0.3171580840236452
-0.2681229140376108
-0.6692429243190361
-0.35776208956509636
-0.23176207534197935
-0.014492970614218087
0.0474463193804901
-0.1204450392492224
-0.25736663132562626
0.003428157977393209
-0.5193728179926184
-0.11416187182506693
-0.05463898493879152
0.23788599937005547
-0.3574790508629052
-0.056777365698753246
-0.3152971005852003
-0.09655947261770592
-0.3899261682346325
-0.28970574902515045
-0.06982691352767062
0.2576402869903741
-0.17675334232817175
-0.1029324570043415
-0.31602055758496506
-0.24693619361300012
-0.4093329551848489
-0.5971386813141479
-0.2325730048418031
-0.23687693521752606
0.6601134831487394
0.2074811422921089
-0.0422557367329425
-0.2706810329241383
-0.4085082169001666
-0.041886093692692
0.5245655465804383
0.21880455051373765
0.6975927486174134
0.7524207184605348
0.5428431534005573
0.14244507572886161
0.22581474446980626
0.08037510695494926
0.2393731150282286
0.4863337722004074
0.4153986694804598
0.3702954175407788
0.4628661225018685
0.12693763635117436
0.03420470252679003
0.38461894165037014
0.3725097790893133
0.1564671942485263
0.719855201588121
0.3617281269393315
0.28340181509308426
0.8853467365623887
0.5278458225702517
0.3616600519793029
0.042227830038642666
0.5768125497122536
0.40090831936918686
0.42757870401512776
0.38849719705484403
0.33083645726664046
0.572540667129827
0.6839058356310853
0.5238447438596243
0.1913517072858676
0.4887976663128855
0.11212959336914016
0.6100358973614979
0.24183586566413523
0.4523450421939956
0.5901322114638831
0.5746366802230571
0.30969329201156076
-0.3725029393935037
-0.2628862967810647
0.05682650170504777
-0.004807883421445704
0.5159938470737411
0.7855739659288181
0.8852245180976379
0.5596341094999073
-1.3203991292162298
-0.271350040377634
-0.19820915460396893
0.3683156486936886
0.4029850523177582
0.12617564529756936
0.28498221034112403
0.2137183374970096
-1.7225281022363652
-0.890374226552872
-0.36031336830096583
-0.3815149182200792
0.02858874112152815
0.6486343496027722
-0.02240308645288025
-0.021794142052533938
-0.7652660970124116
-1.2250452406634
-0.2671791188347257
-0.06865167048249052
-0.15296394353249054
-0.19676063493404064
0.3520570909192
0.3919305429252754
0.1313278537395266
-0.10045821094000959
-0.06619682509045904
-0.5343520873733181
-0.4567147144103043
-0.521859719981606
0.1388343584882098
-0.05628856595189602
0.0642331324918618
-0.2457933114344451
-0.16793529474882846
-0.28850039309441267
-0.04560604971369378
-0.1523823179745627
-0.30818955372971923
-0.01982595309372359
0.14388616895412515
0.10796729666021787
-0.39555390621841274
-0.18273502223313393
-0.36848143350043194
-0.37593691319739797
-0.07377820060246221
-0.17393546799594142
0.09357097079747329
-0.13904174512272072
0.11427734998757849
-0.1446338874412873
-0.257415394969684
-0.1185651377068247
-0.20553524510103657
-0.30445505644187265
0.10747951403023293
0.010128730890886721
-0.22841131613818882
0.08752880231143383
0.030209173195850494
-0.4434016551847031
-0.3133398839818131
-0.46881656975237285
0.14236368399127525
0.028612124947978407
0.48086301836361206
0.1669091033637854
0.16821947142538288
-0.21121447123880616
0.032042854604369675
-0.013327300723701085
0.027941120383505602
0.09960805682033519
-0.063838497910957
-0.10765550567189772
-0.038948165677491264
-0.6413427190230087
-0.8956500670296879
-0.5287361565200852
0.549772489816622
0.20535630245662495
0.11208941372959319
-0.2768338513659738
-0.0897739051186765
0.281951483736576
-0.16706534617238677
-0.4408505301555597
-0.16909912307582947
0.13777832427531783
0.19600391058758693
0.1321016613518276
0.260010953300406
0.12656453068493717
0.0879116453935605
-0.3838214004033008
0.18223768121082726
0.2537970578511995
0.0463809867295234
-0.029868583386327197
0.15757857154776742
-0.13189957787204903
-0.010332303995325365
-0.22238757885950228
0.25274140314203264
0.2973245731349509
0.3906502733295883
0.24429619053603563
0.08147543934131826
0.06506359238262695
0.044038872339316804
-0.04016388712289555
0.06691416154015228
0.12699853725438925
-0.1248830137731054
0.13577927922572183
0.02993518481373142
0.22201449292953696
0.16347779573663165
-0.0504120208274397
-0.3218843642206907
-0.1840744685934011
-0.26869128512448714
0.3644006823131582
0.6021413114252252
0.7147983160482358
0.20961120863604676
0.01360902105891907
-0.4653233670876984
-0.16168354438745636
0.14907660527195013
0.24223011530863098
0.3029594700919782
0.4905792796452072
0.08568453528525599
-0.20770063899082764
-0.6296662183394255
-0.1485019362718561
0.40638058051611453
0.21456134272907645
0.051199299216160565
0.09737380253482801
-0.018987740249233852
-0.47168006220631964
-0.7594972542042094
-0.09792091464869063
0.041094417082950724
-0.016290331903359045
0.13899448048057994
-0.06711445424866047
-0.027678282621370676
0.08855741719330756
-0.30567202999301823
0.38937350967659945
0.10677672835768869
0.4452432828161622
0.003972581377258824
-0.0020478549228579723
-0.031920729635608214
0.19794920506149805
-0.31223568001554547
0.03078215137654601
0.2698582525785494
0.12035914846655749
0.0660477364886023
-0.3057135491657765
0.2753260625665335
0.22870063190719614
0.14447638557756826
-0.0758167935245288
-0.16140857001636427
-0.06409328534968067
-0.04087373162318708
0.2924032166282695
0.2913991825658028
0.4241876171659159
-0.09575424636103941
-0.12049642374122115
0.08946870894419293
0.0642679781598677
-0.0006208674697144572
0.27391050639572545
0.2662871719841251
-0.040827803742533975
0.19826700853974727
0.07897946527709004
0.015813696943307365
-0.2556017952670413
-0.3582528862144776
-0.17465418907039565
-0.4040097948351673
0.11679599607256275
-0.1591221242413327
-0.1447754315751183
-0.10760761551032971
0.02258124117978938
0.2570867628904578
-0.24127047500023133
-0.5200773827936986
0.36558881627119755
-2.592214577116722
-1.5449614690726237
1.4556344116260922
-1.6601590241859816
-1.3748549432896557
-1.5310271987287483
-2.114066875694912
0.9984680685941294
2.2528439327353937
-0.2965945024523205
0.6318916409485016
1.5120176706302138
0.6026763664366475
-0.6153123157446043
-0.6671084517975454
0.4474405689669009
-0.5314073038636078
1.9573886303713817
-1.5608975901347573
0.8834650264897752
-0.5415329952284306
-1.1131807180137698
1.060706052043603
-0.7676326969023763
-1.3865802154996412
0.6714772491646634
2.4676702026185207
1.5241952738261544
-0.7774037653494565
-0.77880886242468
-1.6918129370524457
-0.4010912254231406
-0.7098279972943957
-0.5685713761250865
-0.3775850531853323
-0.046867835715438705
-0.46038443293313064
-0.4414445910233237
1.700297124292891
-1.2252632263845253
0.9535972420736653
-0.4923967891323071
-0.06356309662780313
2.1332607441329423
-0.7193736837281283
-0.423522519313716
-1.250532026530005
-0.3317233587650323
-0.4072309463070217
-0.17493814154208476
-0.5609694231498865
-0.44821221321217647
2.0813182959322165
-0.8282607933495266
1.808751577472207
-0.8281195140765212
1.331639247797891
-0.7810459539421208
-1.0425244867578172
-0.5613162500478869
3.9124338634874354
-0.29231011404343576
-0.6259859162414956
2.647094238611667
-0.6987297276553278
1.9946086519826935
-1.3587151903493326
-0.8908179556883156
-0.2866679751958849
-1.121542761354402
-0.5587423416375962
-0.7829890564549947
-1.3889092539948127
-0.33238092051324686
-0.42147249411945115
-0.31143354233267156
-0.43562877561932406
-0.6466931477672907
1.2668642068127491
-0.5491171704447211
-0.8289972154602644
1.6320881609933344
1.9653326649495144
-0.5646610374413227
-0.8838395533675478
-0.47041849416396486
2.894217479164118
-0.0028404119533851913
-0.4909461308772677
-0.7627258095375639
-0.6447119570858342
2.1487225838503266
-1.2342958200891478
-0.5435977335078954
-0.058063042966181366
-0.5882506549627107
-0.494699784390491
-0.7271768142860314
-0.8257780140902711
-0.17642163539381306
-0.25109726524504195
-0.22646179246945153
-0.5857132416421498
-0.5365862907982123
-2.5938134620597872
-1.8157534450666426
0.13311878951253625
-0.3692379766545309
-1.5107610188054506
0.6463635892508436
-0.9913147151362177
0.1464336729518454
0.8037943820035542
1.6432175513924134
1.010021022704656
2.3627186631847215
0.09598994119507875
0.1213857237132202
-2.7697655662047502
-0.16647545326642366
-0.768870576581965
-0.22172424533365928
-0.27991145002106443
1.7007831233508064
-0.9658166872034984
2.3460368048350384
-1.2250754336170366
-1.0700652136883115
-1.9420250940381591
0.1888845273940184
1.4343039570039404
-0.5385768786580053
-0.6503959960261767
-0.5276998241181701
-1.5250666484071362
2.348298383463291
-1.3469800872452633
-0.5296304885390454
3.608364051375858
-0.05184789177633324
-0.5174332183563954
-0.4905889458856748
1.3793546477280365
-1.0442593753060698
-1.155537977305379
-0.6361739427031621
-0.22417381948594806
-0.7625636315427373
1.5917239551743456
2.0978930853979687
1.6939688182429808
-0.31719613780643946
-0.3972821755763892
-0.26865974345064575
-0.9978011848772914
-0.4729803156823184
-1.1010071913974262
-0.5580292742604284
-0.4929534283842619
1.3189662872404366
-1.5507192346842482
-0.5116001165204745
1.1101384801672851
-0.7447206737917261
2.1980240282343315
-0.06194644313374134
-0.3119640683829951
-0.7582290469599613
-0.5945300616121835
3.4180001243347813
1.2159250652869642
-0.7302644489248065
-0.1672628099680697
-0.6053063375703793
-1.0610525803149202
-0.5882289860775931
1.614007484350242
-0.401298425901247
-0.32566619160063526
-0.2478501284684712
-0.7696698784675615
-0.7250055070540683
-1.3885406566217124
-0.6908292808483176
2.1572277474519073
-0.511778733781551
-1.4610244971127306
-0.56869888537292
1.2960946470274501
-0.4050975919285445
-0.41574857270158894
0.02137772037728153
-0.5516421373991452
-0.4368079659228211
-0.6105704388032348
-0.9919636163937968
-1.2208051977102095
2.9561041878604666
-0.23998563663961264
-1.0164239786158795
2.124444336727693
2.196854247933011
-0.879232530143579
-0.18233635181636587
-0.1388239020025992
-0.32077781361707475
-0.7887278954139247
-0.4567786137957478
-1.66314013248714
1.1274272368195601
1.1211576732752073
1.5966721534126158
-2.004780570247768
2.6280484408804603
0.4772403898974887
1.5315342948986337
2.358455543741591
-0.17695763263627107
2.5629027608086816
4.201677053096917
0.6176069867997913
2.192211369653999
0.5221851789808686
-1.1413029716741265
-0.4152187468857549
3.2392373398332768
-1.1870789909329678
3.7378282813099375
1.1397039969947482
2.2119576899665465
-0.6474225628126509
2.762663596917103
-1.2101290640399835
2.4654250306957337
-0.4008314030686044
-0.14730553346216999
-0.1558902307763539
-0.09358371933469223
1.8025049655510181
-0.2224655677495712
-0.17086860974348578
-0.0409220613082141
-0.22264481379312645
-0.12282801868820381
-0.07754586626355468
-0.21227255745166643
-0.08356498991305045
-0.5389769760241232
2.21428544190239
-0.08123460828568851
-0.013473610231338272
-0.2506696943527814
-0.19858098284033662
-0.10506306046829217
-0.2934908642174425
-0.14605525633924107
0.015322588259213357
-0.12876899221335658
-0.055537214351359845
-0.030166791768935497
1.1051545626333728
-0.7159133458457962
2.0014728167265274
-0.7101386436636268
0.5315088397974258
-0.3872529816245214
-1.0858969929909605
-0.38087276919612345
-0.5721011288367077
-0.18723923965036254
-0.6285629034628265
-0.4881592686759497
-0.7165911394395246
-1.146073592852376
1.0271314808939649
-0.5554616847144155
-0.11790482477145475
1.880581318274281
-0.7821621642021284
-0.566029252948879
-0.999966026825639
-0.3345496239722259
-0.21503533210645354
-0.2583598936335427
-0.6002779302974699
-0.5964636884539097
2.937289528941961
2.5086879125233597
1.9824033746646708
-1.045222837013214
-0.0016676092718699853
-0.9737912199933296
0.4513387488321377
-0.7757861181551888
3.5495023037697413
-0.3520998569155597
-0.9879127570592356
2.990980442959265
-0.814564613818878
-1.4365312719511505
1.0665208983809635
1.3673132652962665
-0.37775877835198
-1.1342335230404406
1.5395190192517996
-1.0161847442957221
2.559725033554764
-0.4730169012194242
2.371818101246665
-0.644385806072349
1.821681231439481
1.993177344708218
-1.5052738529397618
-0.5619121691988554
-0.6883723541350215
-0.5631244765587193
0.5394172870539331
-0.37700119530077
-1.135810414961163
-0.6045526688306312
-0.42652087131984073
-0.1644300871613179
-0.572393939390467
-0.5108003650403264
0.8659057015437208
-1.207313682087369
1.399753065877583
-0.8534393938810343
-0.25887793143210786
1.859527168340539
-0.6952625818353761
-0.7332921209338901
0.8750886857378908
-0.4531107331524294
-0.7430587444844863
-0.2840181090050817
1.325431135393571
-0.5288860478100404
1.1179817870541116
-1.174778084340552
-1.5981463851656912
-1.4151366377657528
0.587322975860783
-1.0701669971614933
-1.7067757774693268
-1.306343468407306
4.1418972315733305
-0.412250710635777
0.7277471135365613
1.3233892732494659
-1.4782007124016265
0.23483587832290376
1.4318117581096268
-1.6127752207456674
-0.38815563743464865
0.6108117375834168
-1.38892446452861
-1.0691877567142396
1.2685878084083728
-0.722143370461711
-0.9695575997236892
-0.6572631848865458
-1.2767712123632884
-1.0965549498228042
-2.041583421802646
0.5214238731210057
1.4843011320110713
0.7492925280775083
-0.9299982544328972
1.3959330728410142
-0.2789609202460688
0.5028322222749265
2.3165911988723273
-0.23262051602063577
-1.106009146735663
1.8923620326451351
-1.4908858000042993
0.4017701154938278
-0.6507084263147433
0.5150176723915426
-0.502261089528193
1.8300389668186636
-1.458879839892389
-1.0884410945996223
-1.8786178859133884
-0.9681203138460295
1.4760231373828674
-0.6402288093907722
-1.7079744759628024
-0.8932916520888116
0.6275419308020741
-0.4504212782838658
-0.5963515754925848
-0.7694950223586625
-1.5986060179341128
-0.8238491179940559
-0.9958903939578332
-0.5429755701772457
-0.687867475698861
-0.004110711499505482
-0.528929752618807
-0.5317932607252015
2.6052906518445846
-1.3868380280570456
0.6905072620311483
1.1902680115650632
-0.18565334194311744
-0.895711291947257
-0.952328942650659
-0.502071782238851
-0.8909324967645083
-0.25449874584966065
-0.3561811158456862
2.6811839689816432
-0.8923224682903236
-0.5429527503820025
-0.7407069324526067
-0.24575927807586267
-0.36394159656216674
-0.379673157683294
0.8714464215132449
-0.3162992801006196
-0.6131275421081998
-0.17524557301556293
-0.26036578345465383
-0.11722084208434014
-0.180267058304161
-0.39772055720389776
-0.2482629589383533
1.9291806172117432
-0.6173699756034269
-0.2963057601703647
0.051120239382933294
-0.4816181881277397
2.403354519187105
-0.5656595023150702
-0.43475647961117325
-0.06131333075543677
-0.0734897447010251
-0.06882502352206488
-0.3675823748097738
-0.3365062789614365
1.8854482823141132
1.4960548083685126
-0.9472677917532559
-1.1660073603775496
1.5633757461362572
-0.8871473537094889
0.7122044390549822
-0.6223675861262468
-0.8096083553728576
-0.23669718272386767
-0.7846809906546006
-0.7049302749989277
-1.1867820530233493
-1.4709547403997114
2.015745619979888
2.3558239168907598
-0.40423449791243615
1.4234323706554424
-1.1800474861909298
1.7303989467812924
1.6674650230428774
-0.3478008918460961
-0.37957179837648514
-0.3788741944722641
-0.9152394316421478
-0.6063148696554385
-1.0333435741107855
-0.4954972027943351
-0.5747665493191014
-0.6569798269330664
2.018588918907991
-0.4705784887157939
-0.839712630175975
-0.5161498963927346
4.17488098679973
-0.03530795606770873
-0.364107625642071
-0.5592124169843321
-0.5256151003666758
2.7819226135160124
-1.0218403485645808
-0.41983648254278844
-0.20555549830954867
-0.6479550287219398
1.9607460197218691
-0.5297107435107871
2.6278957174291113
-0.18882427511353944
-0.2500637137031729
-0.14502580194970963
-0.4715718029131271
-0.3540384418393522
3.1173371087734036
-0.819699335407247
2.8340511761426366
-0.8021247874289253
1.5259244049417224
-0.6162908421308022
-1.1125392107761747
2.3906551812360832
3.2924725400473616
-0.10684341274134354
-0.5373723535779581
-0.5863365411080731
-0.6694458341936552
3.1979497285113094
-1.148636445173179
-0.8186326587180109
-0.2917089100598701
2.2156836315187283
2.5476076913173467
1.854594123724099
-0.999052380611159
-0.37029293855214507
-0.3397145081931453
-0.3158157814346938
-0.7644445653583182
-0.7793621015535834
-1.9078995544895405
0.747248511601684
-1.3121537410459325
0.21397374880352749
-2.469359892364215
1.4528439300419878
-2.2480643000576137
-0.8417837541464235
-1.0662455962556119
2.8068537392657325
-0.8219708590027041
-0.8700985247135463
-1.0839470298888307
0.5286478200011009
0.8183469211604213
-1.0138578698737155
3.929151887412247
-1.0985004652282155
-1.5954894044783479
-1.1593234188136972
-1.7681614181000715
1.7120210429949902
-0.7429214855623639
-0.4566354221555623
-1.128032457749462
-0.7631162467812154
-0.9841839013728368
-0.3328400659526951
-0.49735645435650483
-0.6039593879652568
0.9989997389547468
-0.31970436338453107
-0.7605062470464958
-0.3115307894237074
2.9616869723117603
-0.04407599621792302
-0.29936514206771436
-0.2672801433966661
-0.40292766762056087
1.6289147446774428
1.6214413435042507
-0.28410617240600927
-0.227016793511014
-0.49871160807642123
-0.4946491282945321
-0.501242203621028
1.1169147920231277
3.7970037178490057
-0.14718027934650502
-0.3131592515981952
-0.3327746635449953
-0.17716979035545694
-0.8751970032627698
-0.3512220666378031
-0.3179402566916733
-0.2564500985582574
-1.1609403093598978
-0.15152032872861698
-0.6976713518786838
-0.09471147392041507
-0.1963658015315496
-0.13561856824031143
-0.13815222709914715
-0.33632424718514664
-0.4155842253103602
1.6096991912457865
2.088936919390884
-0.17533088140419228
-0.17509476794564927
-0.39533066151287366
-0.25008421120414226
-0.35108853542182367
-0.667378313189428
-0.2310663659680673
-0.10561062391698867
-0.2093903634225933
-0.22061775915096726
-0.1412659478833883
2.6501192569643512
-0.09975690723475983
-0.43768532700318286
-0.31318615994488375
2.5199215461780073
-0.19330787155439588
-0.4462719287257156
-0.08759446685697853
-0.16441833319204746
0.10162510974823816
-0.1213340019510139
-0.2063636391139196
-0.15951584726769974
-0.3929204385541518
-0.45545575891916606
-0.15734778259097026
-0.1470034623529362
-0.26469908239569073
-0.17658634247200253
-0.31491477780023697
-0.26120637628874166
-0.19211167692956924
-0.14930905866714395
-0.057611468324963486
-0.2334901098330382
-0.3278062295518918
-1.0885936423957316
-0.380369082353306
-0.5230216097791323
-0.7686167267698157
-1.264202669056892
-0.3737254521428364
-0.7985570043149968
2.764325590293868
-0.5160403421672068
0.02614338737880989
-0.26703824615173744
5.256835501196534
-0.37776683271404643
-1.4990482715631899
-0.8413114800362667
-0.4168540602833368
-0.19961039264218136
-0.463808163167975
-0.6385074480611768
2.821801145685417
-0.69881538987485
-0.32933619357779353
-0.10888481035295217
-0.28341511953432463
-0.6289481935940547
-0.6114415124152816
-0.8974577291165632
-0.3896422291884932
-0.3854412663809441
-0.35531370679028285
-0.9333127100171156
-0.18296706934684637
-0.7447342074804602
-0.2640325709799113
5.1263867533520795
0.02874228635974526
-0.2741659198448224
-0.3654543989331812
-0.4322710456398531
-0.6203999729995063
-0.7663247411425682
-0.3432748945119891
0.060659675381670136
-0.4132412085680284
-0.40798297669178385
-0.33261549936896817
2.5939619235605442
-0.1920614568029934
-0.18557742623634554
-0.24512253436554415
-0.4256739964817121
4.127060648398801
