-0.3981485118565429
-0.36983793687111977
0.27691554957448483
0.23254202249693506
0.1207940017605332
-0.013598718113430386
0.1582639693835327
-0.1959603787451173
-0.27776611869574286
0.3576008088917862
0.18506442282123653
0.07907160387490014
0.07336687088746735
0.10023728082491062
0.22804496407503444
0.011442125286347749
-0.49110443737541676
-0.17122074136659496
-0.22820658423565413
0.04509149414346264
0.21552016416717887
-0.047536887351620594
0.07670426790080029
0.1748438528641013
-0.3343387579938448
0.043630671196518575
0.11019104177278721
0.16178943346932015
0.03756978725078036
0.12137060266788971
-0.18963447562259422
-0.3777728635779265
-0.703576596217799
0.22807100535464297
0.19227859043462964
0.08151741401400864
0.33896602719828395
-0.08969726407879391
0.0690898954921757
-0.08591880353578563
-0.3858578327172665
0.20011428041341967
0.2647261030555848
0.20105612754922503
0.06578969485156949
0.10827005774439163
-0.05638879319938597
-0.15539624261978835
-0.3203208242735659
-0.04033564877971302
0.24537903155868993
0.08479156130558929
0.07687731556319319
-0.02137009499055001
0.2535728458241606
0.16604704569603496
0.4039283952719058
-0.306097109049267
-0.05664106145590747
-0.11367719243690122
0.26181785348218123
0.5710197121704326
0.3422278326060332
0.23685574577512847
0.8144675565055834
-0.1969268978564723
-0.1408387641614377
0.30343591561003724
0.46787431127058365
0.5325424291412459
0.6655520285125416
-0.16400946465742333
0.6971023876947939
0.1476837506253536
0.10635407078279402
0.034817051210747386
0.45227042075859336
0.6639222901834765
0.3436471877583503
0.13613781180444462
0.24493216587295807
0.126385921484012
-0.2242510312523327
0.058663198060640964
0.12173819268969804
0.17972969178334441
0.25369154714990766
0.49269497338579127
0.10251609444245435
-0.09369942173973222
-0.1145748932130462
0.01023962425022662
-0.19581662994352828
-0.11194131564734108
0.024855833516315595
0.7045203743244285
-0.13104593667766395
-0.20618601968631944
-0.20832606256277167
0.26592078881064907
-0.37658511643528203
-0.23820550119846787
0.3173970411764103
0.543855110886879
0.49372432378404324
-0.13028080459184158
-0.16720046068215713
-0.09926487198497325
-0.2346298985750278
-0.2192372942355746
0.17417641844382714
0.4874470324019167
0.03950316722608685
-0.10689335476773237
-0.1784210442949638
0.03892170557761489
-0.44248490583765593
0.07285731568214054
-0.4174639359000897
-0.04378174393029538
-0.11875738072686759
0.08971142246287134
-0.6826112777601122
-0.359172520409699
-0.26918233924946033
-0.3873993970453051
-0.13652866859166912
-0.30137133030964935
0.26960237522872943
0.17734607661318358
-0.452992161288442
-0.5056848253668174
-0.4190847557372544
-0.9067667256617887
-0.8447222451279341
-0.7697973555249806
-0.11599212134548552
-0.19361331517550762
-0.5363426019163123
-0.12600880035555545
-0.4240305448822824
-0.421288559685836
-0.3488455783678124
-0.4252016037259446
0.1549092425930621
-0.18659758299418427
-0.12455333132900748
-0.3580202699547208
-0.199278946220475
-0.28319503479963004
-0.6471307029320265
-0.05099867052972701
0.46768390533888166
0.07807990703477907
-0.3133974770002194
-0.07243807916155054
-0.21186073498266483
0.01816902467195179
-0.16293544093458515
-0.5190963640114669
0.3098246948064638
0.07230630305745858
-0.11802160152161154
0.20269153454834876
-0.029040351710130363
-0.6742910944802412
-0.439529839304832
-0.013871935131284818
0.24764089024035324
-0.14261110387153927
-0.21141204628304122
-0.11415815087916469
-0.4002103449976313
0.13179858659211152
-0.4540652862070913
-0.6610878533324379
-0.1335904736197137
0.13007089064802968
0.08523351675893548
-0.0002671330217998702
0.049481771106628075
-0.17687355926383447
-0.15467436528614154
-0.8393889474262222
-0.03396734220425762
0.06123735665353902
0.1372360708604735
-0.101688064613765
-0.08116551490678947
-0.04304415481320595
-0.13022842001566104
-0.7428861531112343
-0.2991142804390915
-0.009947860497538347
0.023937452135199086
0.22674315701595316
-0.05651651108682948
-0.03101891876622298
-0.06058792584842017
0.219993094232326
-0.37065270512797777
0.40663708961436695
0.4027258350782058
-0.22026181679022222
0.2354472350070112
0.024411203554909028
-0.012048348342602877
0.46406761586333306
-0.0550595551987562
0.22009915468002195
0.6384293642308644
-0.04988200410139493
-0.21465579844654348
0.021393533727979364
0.09203819642238595
0.5616089952231809
-0.09513950047269137
0.42722329820677335
0.35998216520338067
0.024714993421499576
0.17762386795499824
0.3414777136313673
0.25117769959058117
0.5709987963780486
0.17372864515320185
0.25279862039503076
0.481661289668811
0.19151688260250693
-0.0538990218891264
0.29694727648255964
0.2609704313351488
0.48677103523273363
0.21556924080307824
0.5853712402226676
0.7129894991883193
-0.19456024291911533
0.192924663614449
0.46745858806345864
0.25449402072040656
0.1507025991274489
0.5577573307276371
0.37761630335930685
0.6663542660153712
0.13088311230318922
0.43766802660959164
0.227491974917617
0.43659292242183373
-0.15641611137953554
0.7512110356966288
0.9655386325489432
0.5572413589331772
0.5939109414816783
0.6854038068247006
0.36564416303536107
0.15942552091117612
-0.5920569748148535
-0.5855656532912883
-0.23369100080415495
-0.4505436081517538
-0.21392304680652782
-0.03340104773765801
-0.006896681223971524
0.4704105300206397
-0.1410540886014794
-0.6970594144715924
0.052773693090153784
-0.10536719098859326
-0.22873827582654274
-0.1125975721168962
0.03405465836907934
0.16634850144393343
-0.25019663131216385
-0.637015441915143
-0.6119773748878554
-0.05484250734621249
0.17801436558571132
-0.03596779104910969
0.0977228753818723
-0.02110233238308118
-0.1778545818464863
-0.6243797494097297
-0.10129590822660828
0.09224515583886439
-0.08521823093889941
0.05180509872470507
-0.13768189905075431
-0.30271715156292006
-0.09445884170454627
-0.2850313581786406
-0.24710324834059122
0.25379561228964165
0.24284466537828076
0.09282391454130046
-0.06895067772074731
-0.0810983442835858
0.012644577583089456
-0.4550795589778552
0.14841417061874088
0.0624311104507905
0.2818023758747419
-0.17826370886554385
-0.09238703212739208
-0.1629372992515985
0.24488725932790947
-0.09278837253801338
-0.35812735645467275
0.08873093787724118
-0.39064693263140043
-0.46239369375794975
0.011038801248331453
-0.5122364331698075
-0.6003183166238867
0.850671518892796
-0.15812228236411058
-0.7368540260194171
-1.4243159477637664
-0.25453390957517874
-0.3760277342869943
0.5159009145556005
-1.1661884979083585
1.5266215705196435
-0.05089922129445962
-1.5932166917232256
-0.9733251717525875
-0.45973312768640584
-0.39581325899937525
-0.7169115443650975
-0.2245651923675012
2.0551464550096856
0.7714582945758908
-0.3794630859223418
-0.2861414858374175
-0.8225776279698507
-0.6737417336324449
-0.18254666943002434
-0.33287052625035823
0.6609641281970782
0.16724637659877742
0.11801538896258806
0.5267582749194204
-0.035536965985797475
-0.17553818757931167
-0.0732562072383986
0.012943958086028336
-0.12460801617333911
-0.2050854806340577
0.22920154294987227
0.6735479171685093
0.1745342543860453
-0.2225424209394603
-0.35776433080564574
-0.27855238956754247
-0.3767378457177649
0.2542817005905301
0.2430943399804804
0.5961436486094072
0.17253823512534416
0.29800173102369026
-0.23969160481085572
-0.43201271574888933
-0.03412873887696907
0.15535364959343068
0.055612693939759296
0.8199228740564515
0.1476468217774441
0.3003036359640038
0.1441160853907042
0.12707781231237533
-0.33367420145246507
0.3558905130072424
0.026897612785953318
0.40695960472844184
0.5025454341301994
0.22022289031943412
0.25440973049916726
-0.02965059481891305
-0.5745497620502219
-0.327537026138922
0.1799260652094634
0.5425902142687523
0.49094797587929584
0.8111772239702717
0.47294531192200917
0.41999353160472513
-0.22547049283932138
0.019690985106037118
-0.4219424386554754
-0.31195135688362097
-0.031791750605350555
-0.26176204561077987
-0.471554935979446
-0.3999988907187595
-0.12166102517306536
-0.3471180896028088
-0.16905633598601166
-0.11325674515227861
-0.4509123433856395
0.06688959392494043
-0.4357803399495789
-0.13105832819751306
0.47566546450227065
0.03193688357652243
0.17374596706153586
0.1535461838628736
0.13792190619278083
-0.1763351030412817
-0.15476926446052083
-0.45618934749028334
-0.33030310511013594
-0.3090713418143664
-0.2737837514534813
-0.07951197073373756
-0.2681050576918015
-0.24303529921135114
-0.2356632613060378
-0.28192995947680444
-0.36925436011293133
-0.47274959711732645
-0.31274072431463623
-0.008084803017107983
0.06655089168701439
0.13579534596021414
-0.1697075990916604
-0.09065770638951953
-0.8335982533163133
-0.27586769680507045
-0.25649285780474973
-0.2040040216291606
-0.11185622975261
0.1266621142059777
0.21006217140217986
0.076234138781623
-1.0978902785008833
-0.6776505398638972
-0.44111667063343074
-0.2329596339820359
0.059669679740064874
-0.006585250843000268
0.32491778695944284
0.20791165752131097
-1.0642665444308097
-0.15465809310667078
-0.4536540256616718
-0.17483083052049486
-0.05703735663634668
0.08971225891761672
-0.23981707374003525
0.03953855789706434
-0.1049512261748235
0.16247785946263293
0.36070713607341676
-0.26450204451770076
0.1026474985890585
0.11571787123809962
-0.2198061334267949
0.1511876593287669
0.32814090789440337
0.3910343950346882
0.2519402401525217
-0.16274244944365882
0.009534315140087124
0.09883879435548837
0.18251720038570332
-0.09109482593322238
0.3881492897278085
0.21407369563225026
0.09251005832580195
-0.18952298455013564
0.5921267413128608
0.18212888070427297
0.15232327855350858
-0.09508491918394077
0.633203668308461
0.5928091974339307
0.5873118160334241
-0.1471517459245874
0.0950354230198259
0.6018237059521196
0.19146625448819188
0.06999218165942367
0.6222392677218821
0.5900099038541662
0.43677420674142425
-0.10088658251296567
0.25122191771320657
0.23352764858771768
0.2982382854034239
0.49871390155950857
0.5719313844943485
0.4050333322903567
0.6959213632514769
-0.1877235125232812
0.09863107002347649
0.5071732591519895
0.01784397694856929
0.3929543878003887
0.15540530125784152
0.6461240258316048
0.38142356180346243
0.446255127821792
0.03412648436736465
0.12153889982377561
0.4640837464536082
0.3128098277428401
0.3285706640932086
0.39178094663209584
0.9672712671467418
0.6739112178900359
0.5510564042549447
-0.3311418523660282
0.102094401291558
0.42251362507053997
-0.8616532272267348
-0.6332689152432484
-0.3238860535197049
0.04921543612660384
-0.20848395290881544
-0.13132061921990953
0.4878866527429234
0.2487517000385499
-0.4740996602915501
-0.13822227764323758
-0.28594747497504586
0.15140178178000835
0.012608590962800037
-0.13850044105198064
-0.26584311679012174
0.13677832772062598
-0.3697220275858205
-0.0138692812522202
-0.03448500275953571
-0.06292177404294974
0.29403932632028557
-0.1414318561280445
0.3369940289306005
0.028020674763262032
-0.2819279499270207
0.08766354049307262
0.2808355850174661
0.12869023991292422
-0.0181225546027573
0.18366489390473562
-0.1959927568490526
0.1562522283766057
-0.3383732413988434
0.2307639156302057
0.06271191151200545
0.23211854009726973
0.2454014332230899
0.048675785603379984
0.1164784180317937
0.43305115712116693
0.4160538290452744
0.26130297915738676
0.2898740717600936
-0.03524065448242042
0.10291554289522231
0.024634586497672806
0.0658828521092033
0.12120082316562769
0.2884461290805588
0.5689664867419189
0.21836975499255656
0.16289396707990533
0.0986522477592
0.15556545161047794
0.10833132760132624
0.2817067257329905
0.7944518022663014
0.5129225468827949
0.3389609343303684
-0.10738134708607366
0.21974472339053816
0.24480520855182908
0.2608970776348563
-0.2737554200062996
0.9710066473688554
0.6030255887906584
0.30174745627287014
0.09790784926554932
-0.02504340641676918
0.03778423900881332
-0.3758300500518599
-0.8375006259827305
0.7039604740323029
0.3657366354656798
0.1873252378930157
-0.21747229949145053
-0.30768472154586435
-0.4758014817423928
-0.45062510113218057
-0.17474769196815343
0.3300140953414321
0.2193250793440163
0.11738128369937093
0.1457239716333194
0.18274569694247755
-0.021682693192386943
0.01705061826227633
0.013268208832443396
-0.3841511022047379
-0.1749029717469524
-0.035253634288519686
0.5674491543416185
0.17450725895829616
0.07249977106884986
-0.1282702838988945
-0.09414886191143323
-0.331623808357129
-0.03137277040146863
0.03858655125930749
0.3666193073474222
0.2216231855871128
0.2828128433421691
-0.07398970378909732
-0.262155245573296
-0.5374173918418552
-0.02029883140531341
-0.06706956480901041
0.3733353738313063
0.4327274837940981
0.36573197692911746
0.14456207040116353
0.13755428760154087
-0.302363219628599
0.23340923029773192
0.31103807800289474
0.11001161614295796
0.040282874238001594
0.517146758698136
0.38781252481519224
0.23430022792239924
-0.4276586684423384
-0.39742916662526573
0.09444565503379933
-0.0030908324203664517
0.42560854473875287
0.4053922750795915
0.47014358829809294
0.856325517434032
-0.32060988323700945
0.027730235083069044
0.2466962762556537
0.5324673945786995
1.1207742212740146
0.9595678418252844
0.8017540190109897
0.7286322176118206
0.05728109746640958
-0.07858243398187104
0.3379114083570194
0.01178273973497762
0.39912106874961206
0.7235021831169748
0.6353314448916154
1.061825902948351
0.03096868647716028
-0.035395563219377424
0.14699086786251958
0.4544538736409351
0.4918722767737278
0.3622308487945706
0.755338180925457
0.17662846639280338
-0.032053168533055454
-0.07161534861844454
-0.02759058670034481
0.4450498169611776
0.1887611902128622
0.34152020047500686
0.5980376050501501
0.9786127815128527
-0.33974379737220073
-0.35673294905698516
0.09936672372123725
0.17008456061943383
-0.12734321024322184
-0.09111166948050409
0.1520283709981941
0.1351738587494336
0.03272233667236718
0.2925374428282739
-0.005535057732274223
-0.4577726029529001
-0.09687652413368103
-0.7785953843330504
-0.41886817031122725
-0.03422761289085911
-0.11874384202872523
-0.027098447588158492
0.21034901705047823
-0.08084523626449153
-0.3595715933802298
-0.6986410374125708
-0.4868674562644011
-0.3804827135215174
-0.15315915426096582
0.14824957370201836
0.18791663029449054
0.5084628081406227
0.1533824137572558
0.28101427928178324
-0.3320783407867003
-0.22353201255834987
0.47807675175130204
0.5440359762754452
0.39946047682903163
0.20504874909775336
0.15980189363000075
-0.06458256066767071
0.4209961866006799
-0.4999627565286603
0.3261676842895691
0.4096978784044312
0.2518497475611672
0.15718389454298443
0.21647484678585768
0.02580317715748139
-0.3781240000500472
-0.6363764253804544
-0.40539147541730136
0.2465092877104843
0.33116589630442833
-0.05533880894870191
0.2186555358535326
0.23358084585832567
-0.03029438387607563
-0.5700763284584727
-0.18407865877278862
-0.3142757355731982
0.17759935541891642
0.33060519736565686
0.06339179039228215
0.030546750328960037
-0.1353568351867982
0.13583031834678377
-0.9076788615312157
-0.3952306623915235
-0.36338063248933267
-0.0663684492912985
0.0842717778571509
-0.3316333872333734
0.04853119104806086
-0.2004582936414685
-0.36243182490577736
-0.6177883374648909
-0.32273623721357203
-0.015824512397521556
0.04179303555769298
-0.1766883042741631
-0.13656044333629108
0.20644471074058177
-0.4926829420486052
-0.20496893053312704
-0.38581063591994175
-0.18356299406789922
-0.11070033442308869
0.13757526047557705
-0.08956629551665751
-0.37397724560772483
-1.0819280391490826
-0.73726700001265
-0.43737776760858865
-0.6971445144872066
-0.4849063053920723
-0.32658138920849916
0.2765831869878228
0.25082687565259926
-0.2873761570087717
-0.20600001757563063
0.3465937641455524
0.33106320776543136
0.5404931510468711
0.2607398064340166
0.16217363951689895
0.22353053830804645
0.23110709329231127
0.4535375739295208
0.4316949077170303
0.32615979996570205
0.24042961612574965
0.08253102412059879
0.20276570820146092
0.5751447042575456
0.06635070321247004
0.2737896206190575
0.3880122723629069
0.2880168401625934
0.3684366170612048
0.39448214831125744
0.10211271173274741
-0.0434652573447883
0.6216255006226752
0.3938315407654111
0.5327731518417366
0.6633228870378317
0.19890617916822462
0.1406831292286514
0.11910497494944505
0.2706461981986939
0.23345989089322794
0.44863886643122586
0.43446362319225157
0.4192415583667031
0.6041619043590725
0.5472591594430568
0.07989633242702959
0.025140507996854827
-0.08156594214805721
0.3324343540496366
0.42776705760801215
0.17360742961930387
0.5070145878768937
0.5121570890849856
0.57392569401534
0.06111502987167439
-0.17584128355384854
0.13114008728217488
-0.20599812607107185
-0.08141352940026439
0.13985389449214952
0.4259796824961414
0.3476536183522857
0.48050845012010024
-0.9738319147526533
-0.2925629073134084
-0.32800759442583316
0.07725622825758857
-0.10250980317321534
0.1835634551727128
0.4267750621406222
0.4269288239475202
-0.6591633688755383
-0.9023257302688463
0.34392555459829005
-0.5675512631724924
0.08617427247826648
0.4038880763484264
0.4388488965915741
0.5157333855112529
-0.30171341713676303
-0.7646338265707324
-0.4727777198068595
0.1396484170316627
0.0060510591701803396
0.5703849003695878
0.11032506981293938
-0.03941315111906707
0.06689463594374237
-0.4345706926745543
-0.34532989128323244
-0.6085833093411575
-0.03917260350583246
-0.1692237061780677
0.16528875053907904
0.14448865290565197
0.08923260112367354
0.10735558371493459
-0.3386637263802311
-0.3728304042397317
-0.5551109222713575
0.007139154428228156
-0.10444891479730184
0.22031471939627228
0.05939230198869211
-0.04211342084516767
0.08181612723030202
-0.1457512535582014
-0.21201082959621476
-0.1772302452754757
-0.15244393831840142
0.06298483080406214
-0.13582159490060342
-0.031811796909109125
-0.0921141327737105
-0.012554120845437167
-0.13141864082417365
-0.3133182449333023
-0.05196426647937402
0.10002347510962448
0.032604645125277276
0.2498685088713044
-0.03793685441146327
0.0876510524282082
-0.01634769804095697
-0.4263787419493525
-0.22813074466322236
-0.005574945017971178
-0.0761541730056022
-0.07186989267083971
0.16258158425809943
0.3134164959980829
0.43867222644630455
0.03603300398124917
-0.07357850706838903
-0.2884330399505083
0.20382372584583033
0.18429289166238788
-0.004968191081180323
0.08117206936613719
-0.16848468781267342
-0.45739191830158626
-0.2528115947047913
0.1451213036765931
-0.08318642856145458
-0.14486037320236456
-0.14532044480315387
-0.06876723278172331
-0.5100468020949678
0.0621035673491227
-0.5312393935574972
-0.40993011833980225
0.014256122238437585
0.3134765150016268
-0.41804638761930635
-0.017280522156623568
-0.6231136343753851
-0.1996192797903763
-0.2466158724275535
-0.09269732042234125
0.45560312798885955
-0.517560908779227
-0.28710866112338007
-0.2855219246687821
-0.3779076558230844
-0.06536332999011403
-0.423195203646311
-0.1457282847788981
0.42503344879252347
-0.1173192958793729
-0.3895549200555956
-0.4378138230978752
-0.7410622579728351
-0.5527427248876742
-0.6889506051328769
-0.24504332485442454
-0.07187808761352063
-0.015655727124763985
-0.09128259227108754
-0.1816109985909814
-0.20015544365007965
-0.5554215975318278
-0.41009492152607474
-0.3400948005962803
0.0033414265121701203
0.07007911928432037
0.12579131234511132
-0.06082600255663126
-0.459064177599742
-0.5791017284196259
-0.3076805847395614
-0.6900530009899308
0.5287024432413242
0.12840140552062124
-0.09212390330352836
0.061222140988850926
0.29563020492289704
-0.10368031155172719
-0.10561250533087119
-0.3595762922781394
-0.01893127835142827
0.03889744930388228
0.20467925172283186
0.1747195470295948
-0.03281461063278207
-0.17969861161952771
0.299411948780862
-0.212405730169277
-0.22245831987228293
0.34063130795189
0.6198688636757836
-0.11208568062281751
0.229478345456638
-0.0841663352082497
0.08923185818249979
0.001614845421918698
-0.2000843595993215
0.4078367381215058
0.5949543271797879
0.23117862390208962
0.3256824799038685
0.158681364950363
0.38833252776198224
0.11892170534409592
0.17201815282067118
0.7727523097469238
0.6319096731350459
0.17178612757666734
0.2581033233185501
0.1106606565744323
0.35351391818520594
0.19466321719163993
0.13706483399317781
0.44096454609433033
0.5222375066767599
0.05255160714437812
0.1292060368589114
0.11474817377069801
0.33741693307579995
0.6658327633028401
0.49377110816504144
0.5381187423483832
0.6030453111162464
-0.08710147313163014
-0.17737104933050968
0.022467445993942237
0.3267193009599322
0.5088501490262303
0.4269434942971888
0.1812479563073764
0.5075953513434313
-0.1669329054608274
-0.6189548214424515
0.3560362376738801
0.4575477971536991
0.3985399103136216
0.1823173804182818
0.6129382545108
0.07719347610448579
-0.7843097215879076
-0.5980644930007352
0.7882655843837686
0.7969846192770822
0.650583168736828
0.6651332510229322
1.2937170124542838
1.4493211889005497
1.0813037475648768
1.078044945054263
0.7673567814139692
0.5837224289323444
0.5552909788549937
0.15815781221549108
0.044470848931440765
0.5975154968798362
0.5189232312172859
0.6225439526500218
0.26013002924092227
0.11625380811718727
-0.5248077291564011
-0.3766838158653858
-0.10681147827915359
-0.3431678660303137
-0.1544568926325357
0.20135766229387747
-0.44455085474580014
-0.7834341557230735
-0.9446044647997648
-0.8548384555438125
-0.8020221820480687
-0.9102152815741256
-0.7571944556001466
-0.15615386408349718
0.3279269691997902
0.6635355689842293
0.7720788612360273
-0.7957949387335435
-1.1406476445212472
-0.7278625060372667
-0.3047635005001321
-0.7389735046351749
-0.3648488317552659
-0.13494108193496995
0.7117411617619759
-1.6589678630680287
-1.5172954709360216
-0.25953353368579757
-0.065105787311684
-0.10442415638854376
-0.6459773992584736
-0.6145069770072876
-0.3757780849085147
-0.379064802626947
-0.0952618847788673
0.0006729869128587161
-0.206872045553635
-0.06821578807105466
-0.3586765255718527
-0.7436714603523179
-0.8922464181386116
0.08996323185000316
0.27510491500677775
-0.13950168124568862
-0.1748385798208847
0.17709039806218957
-0.40066483378823187
-0.7822947082897485
-0.8610590172779229
-0.17790326778199528
-0.46260879227821095
0.0003780598752432217
0.012331677147691789
0.044330977453169565
-0.3026150529077014
-0.33216162226183515
-0.4561413223331435
-0.2864242934159506
-0.15741305703214847
0.04434831929446226
-0.21420311776746995
0.18513710565020847
-0.107104539853694
0.007105241223607964
-0.3706278834135862
0.0186730825085637
0.10196121823878265
0.4188942253712169
0.2249009495406789
0.1674061425146556
-0.22292023417107423
-0.42567149074133576
-0.04978465642555817
0.007835160282264858
0.3825391187012439
0.2925043549440943
0.19900985080654343
0.22060446802930075
0.09780689653984714
-0.13189487847238734
0.07888914546558223
-0.23410116361020417
-0.09064420465996281
0.38792998850280264
0.36583096418280986
0.1896426930249035
0.08953109868932008
0.4579756064026158
0.0690110140405114
0.20157759111114504
0.3163492621868972
0.4350045681000681
0.09364169717203147
0.3681531145105069
0.2579518678323924
-0.10156304119468486
0.29244088656684836
0.03886614925434917
-0.003027126363316769
0.163980890598399
0.20794155032254233
0.23026427743458278
0.2615431064989794
0.41345757883137113
0.14287374423134183
0.3562657523078715
-0.0461803362507786
0.332564380731146
-0.08221784034799794
0.5231239712138385
0.30965170718952856
0.32056867357808416
0.6097725198965673
0.17410312194339383
0.37855566015977415
0.29225769085428727
0.6945843552056012
0.15290247661157375
0.0402606715368341
-0.14900665038984073
0.14481077754168448
0.08550842322861199
-0.2741500096530777
0.07088744840345568
-0.28261597950890993
-0.1187636619956618
-0.03170950271340923
-0.19679402736796647
-0.18157767991285229
-0.4438628210171333
-0.6226468006616042
-0.36233788763518054
-0.36543841951620804
-0.19328180837197528
-0.51641037688713
-0.20153608091770334
0.10400235444302819
-0.5291210341345298
-0.4164664368018024
-0.37702466162100856
0.007037140554142313
-0.2346216301007668
0.08802713278104476
0.2204134657980722
-0.4733587210260804
-0.1765706198601319
-0.10224890944785298
0.008751436102688512
0.27578430123864456
0.21672716072627388
0.2183077976291093
-0.16368980258397697
-0.4738969111754152
-0.23819261131002556
-0.19658648242781593
-0.04246015251779872
0.09170421679737195
0.001060000380948764
-0.2217553523143559
-0.1481537639760412
-0.08861877930997293
-0.5971266472856527
-0.55379891011576
-0.14597903473508264
0.23644202390370006
0.26862698998874934
0.21959302980789452
-0.13713473898793344
0.01158203518154094
-0.46718971306525603
-0.4567008091490059
-0.4358039395214545
-0.2770363737349645
0.09101995867574386
0.1356181407806378
-0.20343638151839183
-0.20115375845223452
-0.4474063790235826
-0.6333665257228112
-0.6997824947663969
-0.2735358232181534
-0.14523625665775958
0.01992971174903091
0.22659828785079816
0.06338775513306302
-0.48157150953828054
-0.43080179048422007
-0.45533955041590635
-0.28128796223241104
0.007549234272932137
-0.05611438960516002
0.2735621608252713
0.15101162419020286
0.00457144271789911
-0.2195367046184514
-0.3388106624180367
-0.6817250847562214
-0.08678477134163408
-0.09576861993601149
-0.17788790323065512
0.03495092767270766
0.4905411005410747
0.09310118277062515
-0.19800965551782412
-0.6963951887924461
-0.3488718635961557
0.13676201479979427
-0.08281986255371968
0.4041113198179896
0.2800334780208971
0.37136639024291207
0.2701464898352442
-0.5855470634968254
-0.1579869183095034
0.03604565862015369
0.07905292802041591
-0.03636938887612812
0.36153465149306624
0.279287299105217
0.3182834119766578
-0.5832822816271774
-0.23071467265273327
-0.1819518305432541
-0.09756201407842319
0.11534946977342092
0.09433236707235661
0.2192651946444817
0.7122333792373077
0.5917879064151526
0.39978952687271563
0.20783860659489334
0.48109073624612825
0.1682274417093237
-0.10952751978316062
0.27140566070292266
0.9510152819243811
0.9424491365956904
0.6318164318849822
0.3557489009949158
0.07242444792105596
-0.3128914858305963
0.11169648723937811
-0.03749815857890129
-0.11851490020543609
-0.2966511666893047
-0.5254706863598088
-0.8323172696036106
-0.5710662576682817
-1.1504882987129792
-0.25970690624459697
-0.24754544633002096
-0.23160382880216984
-0.1615270247159018
-0.1725097217846714
-0.7479526906954228
-0.5138986084697805
-0.36589994132865633
0.42877382933842006
-0.22990175839907723
-0.32925225425035765
-0.35502558488782965
-0.7260717306484581
-0.675479427687623
-0.0978464643294335
-0.5680506080377683
0.21618152209704072
-0.1011078285987132
-0.24951135942900327
-0.4562575592863949
-0.051023488282273675
0.011219981141232627
-0.316063366748125
-0.715752573430766
0.4127355751565658
-0.05985635240310927
-0.5173658155076096
-0.19330281066248245
0.07024866055549825
-0.28751498662811226
-0.33619343775402344
-0.9366524075396533
0.0528670125907951
0.07468009875774989
0.012878706538313748
-0.12742696624186126
-0.18691812131240151
-0.016765697770784904
-0.21249408355370875
-0.21093266292990465
0.0670466293412834
0.17736383047414933
0.2799597137231641
0.19472229898539578
0.09154733935151482
0.08651940441918476
0.09006696694691096
-0.32654970204776357
0.08059950508045646
0.22931511716873737
0.21498568271262003
0.0072518445405476036
-0.24999736312482973
-0.21137699766702578
-0.13335045052567437
-0.33362114803691606
-0.060661302754082824
0.501270146043428
0.6942523765270994
0.03739648137973889
0.17762233005200423
-0.04260831620816377
-0.2004552083559403
-0.7711271241876101
0.1933591436536904
0.6574706272879596
0.49501061237148286
0.18056118658481282
0.18570069829786762
-0.11963836304097641
-0.09867898523584728
-0.7081766878049127
0.35544486529265096
0.3176889826641793
0.5211737968997328
0.28059425138616534
0.23027582591780743
0.1714058759458063
-0.24294431919547949
-0.4638214657287802
-0.24547113132241488
0.6151270233891529
0.5379600251850807
0.24313904803361683
0.3699633046593925
0.30225584758415186
0.050434944865592184
-0.5108112829662613
0.8065835248268418
0.07732566658878898
0.31965159031580426
0.11897688006997537
0.20060182790256337
0.30467397167913046
-0.07700139088175789
0.32149894767268306
0.05762849293671746
0.6438341428112802
0.17402039012925102
-0.06399130993345559
0.721072922159418
0.33935410077778894
0.028012717286750324
0.3689437400596941
1.2145587205017319
-0.018984806578610708
0.08494120319096785
0.2821774979210285
-0.11578611376292364
0.43871289928445045
0.3447199954271836
0.2155992017801344
0.49771793247338936
0.8358181473899059
-0.017876924919619896
0.06869216859001875
-0.200688777321294
0.20246271696340118
-0.04668019970635945
0.30547615387478044
0.9717516906882931
0.044039187119895754
0.9137186350616637
0.32850876832124476
0.34280542835560646
-0.0021045386854795095
-0.24281699642260474
0.03791783515123465
0.004756698895386491
0.19762576027283507
0.16799426324861993
0.43377502864806466
0.40866610138237436
0.08524515952704603
0.007467304934853813
-0.09285931465827837
0.09797710554049036
-0.01825728099310074
0.5209991140726724
0.44510812127678046
0.6327333345819737
-0.048586984977855074
-0.37316480962578374
-0.6907505957277918
0.02068948374240897
-0.1407704683790568
0.22405119257366732
0.6273716635739186
0.23804196055058852
-0.003427568901536157
0.3183116069043895
0.09035846252106483
-0.09405527766242643
-0.0081382753345417
-0.019156652507484218
0.1663629683175988
0.1503211462700199
0.010500399438994112
-0.024040165733965557
-0.3939184637268581
0.11293106811542783
-0.24105987481996327
0.1320012739768011
0.32746780536502695
0.38221487027408696
-0.18776785352704706
-0.01846751575652969
-0.3542734120663643
-0.7428822387027066
-0.32364340916356427
-0.03670560430430232
-4.3132979365978485e-05
0.27057043788059987
-0.22435244975443125
-0.39685477849452666
-0.19264995769079685
-0.4130190630943745
-0.06210072759034829
-0.2999843581762403
-0.06834659619306198
0.20811970347026992
-0.8321134124008228
-0.15045197843855024
0.014987167900255949
-0.1308431906225032
-0.2249060585354996
-0.16957131870002562
0.24385693759283059
0.010367241872643873
-0.8746021237923202
-0.1072486768387699
0.059751774056389595
0.02455262773663805
-0.47969691445983254
-0.11720742832929221
-0.14449994031860508
-0.0019922692463635316
-0.4754310002034184
-0.3157732098496048
0.13867323595185144
-0.3756539910917908
-0.6200367936761335
-0.3400740507223794
0.15176228438156183
0.10346403455168957
-0.6526990740561961
-0.1221541954805827
-0.021057507092137134
0.3893682389915834
0.18391309174402007
0.34549903804218457
0.1322965766457448
-0.11117495708651573
-0.3003182043151039
-0.08965288877889288
0.10424541733183551
0.2605346187294524
0.09290125654119497
0.25888416534039405
0.21390974884064323
0.12250929670736388
0.05080423054122163
0.25853285287148925
-0.5412305286237541
0.21112115333027953
-0.11704540237944283
-0.07624306313915352
-0.07950224568231506
0.10064100562339798
-0.37111646480992605
0.1555944127980787
-0.018087275310759765
0.47812514629681807
-0.2104359796335898
0.556465036807269
-0.010754185223342871
-0.1611521255254873
0.3773532799313317
0.0896945380530327
0.26224077615817853
-0.008954317434871767
0.43590421683996283
0.13406033140242102
-0.35932300428123365
0.5199782455258363
0.2784752508714642
0.5523158426572647
0.4555359044945569
-0.08262386953966411
-0.320523084837327
-0.06752523024584545
-0.2489143242017915
-0.36103884542786324
-0.26606792152772357
-0.35701909710881696
-0.11364925470558629
-0.11177402631960687
-0.20674611639252136
-0.05021439204920208
-0.14456648042657294
-0.26593732053856245
-0.47898375646800295
-0.34073073615810623
-0.10968350120563813
-0.4328546654850503
0.09355700108737613
0.01762488079078592
-0.24433082546076768
-0.08150513261054415
-0.27738249847814855
-0.08783935139442572
0.09701130570720798
-0.19189422330895195
-0.08011384167056143
-0.36048248439171293
-0.44662123761722133
-0.2707407329618573
-0.40226535397632074
-0.019940527050993074
-0.23769244541776158
0.028144741693357414
0.13062496804810975
0.18154957226410506
-0.3784925203528371
-0.27291995783811274
-0.014602061952229795
0.05586983097603737
-0.20792113526041034
0.0932526805889548
0.1473806551085437
0.13272830571405173
-0.09906760928045637
-0.04983627147519577
-0.042866791755650724
0.418559389732058
-0.060692615114943366
0.564546746296933
0.14884987301767705
0.33734296718906603
0.10813197163678219
0.1684382098857189
0.39919872894280756
0.45825856271053333
0.2276493302413273
-0.03555107115259723
0.38381816383092526
0.4522975056838535
0.32767293163637834
0.48116874830488743
0.4559981237217521
0.4620131453721897
0.5083415366427472
-0.0509524695655609
0.1859644389206616
-0.15742462477022534
0.5623895764665375
0.5238415517689353
0.22970880823764117
0.27693614329434524
0.5647488422946219
0.5730453107160487
-0.1633263955079027
-1.014748002961206
0.3014261015830707
0.3401382389969729
-0.039593672210978925
-0.3231277134856585
0.6346108790417386
0.07747552127916385
-0.40259161262210086
-1.0364934780103283
0.1631896584250197
-0.10515504934177983
-0.29444185077355434
0.06191703551604533
0.20181168108023656
0.5503058639317204
-0.6196337707688189
-1.3822711581825649
0.08311367614419907
0.01975122551348237
-0.39131897334682175
-0.0255154032670184
0.4938502921805265
-0.1320704672930748
-0.2436685779025511
-1.3581087307429205
0.22571211281517253
0.15002662276814582
-0.7252338532270041
0.391402571680162
0.1288889056423767
0.14665404572496926
-0.3577497519937096
-1.1020412220109377
0.12385384524385007
-0.49741255584024313
-0.7503076182381749
-0.18213038051658703
-0.13539025707236005
0.023157371118208536
-0.27541088079375514
-0.5662503857393162
-0.4248827145748586
-1.0469801600446444
-0.7836040464866177
-0.44492845729625513
-0.9893387668929823
-0.09876495614147013
-0.14205499441541164
-0.18114021210954984
-1.2356089484608206
-0.8723015770537962
-0.5966939939317343
-0.7027913414999631
-0.7773409584997999
0.45147352590467543
-0.16172669216396074
0.05585250607822417
-0.16962614946332238
-0.45428133214413857
0.29867547450150356
-0.26209931856358937
-0.11992847339679939
0.24921978345429993
0.24445532163719758
-0.01578325482888404
-0.21357951353287746
0.20412446173196075
0.03586171747391764
0.019699023598388987
0.16105590174838363
0.37185594957139223
-0.11911135815762453
0.21399302713091625
-0.025615432538198202
0.20555715443383787
0.1213569233366415
-0.15814349712492345
0.0253366673907262
-0.06674009077656051
0.21234458253894656
0.1300949919043638
0.10995158843699315
0.02040806651088084
-0.016410277305051513
-0.28659651377515505
-0.12056108418468392
0.14299668405888408
-0.1214178154048362
0.10782512378150017
0.15104586215355548
0.193593616984771
0.12794436543920173
-0.07424864498671502
-0.04686622131393092
0.4979462593157452
0.1037869911064795
0.00686687996396218
0.002738062474846435
0.0857403512722055
0.2773904060072123
-0.07626504791609978
0.06605121257119961
0.4111275916593713
0.12489862819400183
0.10027576328822098
-0.06887664837012333
-0.09776305410065084
0.07885771332705677
0.25994641291362297
0.40151114820218387
0.2912436447977635
0.5238350189894145
0.08374720959003795
0.23567529543441204
-0.5690304546300955
0.025156870056164293
0.5051141398251018
0.762596591153905
0.10951030459381067
0.677182081802078
0.22234489555489884
0.2812458958371947
-0.5558633447053724
-0.061897286034641175
0.578346524136001
0.4833843229206246
0.23416256852851836
0.24952735470500978
-0.01557825670795826
0.2421654666937649
-0.40246396246394023
0.24972825420813216
0.2905788687700939
0.3640234337359261
0.10835381508701106
0.279017138937666
-0.31657426621159634
-0.10816490485772648
-0.4746723682650469
0.05868595199508908
0.043380908379202
0.5001223384019837
0.3737585598913761
-0.1406848794268905
-0.6435681363923547
-0.3625682510114331
-0.44213062063733116
-0.010310642567711026
-0.22112057421970094
0.41177585909124526
0.11647953908654984
-0.14572404663169114
-0.7156570541889008
-0.12800706257018962
0.006943926352819818
-0.4238887257521282
0.09177398084545624
0.1037641314006616
0.19820373975880376
-0.281532800723992
-1.2916990465548084
0.2622608848996583
-0.128531385330125
-0.38177622819668344
-0.21860513311602553
0.2442012657238637
-0.20753432411222852
-0.34286068112177104
-1.3293905829329509
0.23239170337899095
0.05652797525905824
-0.5270045692773251
-0.22406136562265294
-0.12338070961781336
0.03713300073358644
-0.3481200187647069
-1.0820474893861172
0.19866414310762015
-0.10124802023319246
-0.5880465525916828
-0.6307957306878796
-0.8253497947690042
-0.0035783599614326866
0.10173674601983491
-0.19666236249759905
-0.05827287302508588
-0.16625960386536792
-0.1910542949752464
-0.22326143489778527
-0.4809458441186791
-0.3494698208678103
-0.004172563352403708
0.24253291376956876
0.07497253246598717
0.11423760324543791
-0.161009802892498
0.08277483152455103
-0.5172705396505628
0.05270829527802229
-0.12340473868256713
0.14084728572208527
0.16552602021585272
0.16428288124582582
0.10415484679855663
-0.22614850768737246
-0.18248158205288656
-0.053723929814611326
0.4619915018217286
0.17575335357824168
0.4070022263534308
0.17109516944148967
-0.06097884061127573
0.04834590298303931
-0.4416342026246265
-0.1268284592847656
0.062196354067888426
0.5444798817775744
0.19548361512738108
0.33857564436849125
0.21214408188606948
0.03826516424548623
0.1189130491119526
-0.1530062450698774
0.04618469799176678
0.11419602278432425
0.26182304301494397
0.2984245161554582
0.4865499209848043
0.20560134656722753
0.5058656013117308
-0.14862672152459128
-0.012364616480017729
0.06803066135320901
-0.12939230045357933
-0.14832084113469624
0.2524630973877877
0.41808056518855347
0.6862072207653547
0.2667200662146272
-0.10618104002168982
-0.502821316425036
-0.7343429543172902
-0.3330514599541139
0.000631201523055791
0.1078645874508628
1.006299221905031
0.5277630429409842
-0.23557980035873247
-0.481224209028509
-0.9251712528436202
-0.6312104232513622
-0.45346646625980214
0.10631823930522072
1.2013869101073975
0.6041554435510046
-0.1086803498631332
-0.5323394279227014
-0.4572414042544518
-0.49272684276417855
-0.1879635941526243
-0.22227577577624547
0.30923044719566073
0.22215307013506447
0.4194908452540001
-0.06315918344823453
0.4146258790154755
-0.1441090437391639
-0.18976293266819166
-0.09301445075855647
-0.30482077307054156
0.06327573054485712
-0.14237521668952913
0.1665364877246509
0.5917445515453692
-0.014356442595397534
-0.11735360583471692
-0.2238537480800564
-0.36852246832033286
0.14132240084618417
0.03517454250411953
-0.02066831896941676
0.6030734140181786
0.10929851380298261
-0.03418266213188162
-0.13358436150505024
-0.6362042660849458
-0.2604680263579238
0.21696728061740808
-0.005100300771239297
0.6915216121380243
0.19128797154239652
0.09691885048795651
0.14990533575859052
-0.4151716048995586
0.21190658874737633
0.23480640249274606
0.31949828840950284
0.31879532519928433
0.05292219051161223
0.24675343232120228
-0.023573344370182325
0.025852822020854815
0.03741672039878308
0.6141394500955131
0.29868942709485413
0.5733982792412474
0.49708761502975585
0.10191607691077559
0.19629059635729532
0.3767560691021462
-0.06351900806122684
0.2612038666929743
0.5320546930298848
0.7098513801254686
1.1100694077171127
1.0802549362791696
0.3729640640570119
-0.21792444336796332
0.22352635112934802
0.4719351250727282
0.6402613633562354
0.17625776984780106
0.3256352789549414
0.37763693107791096
0.2650634864872005
0.13542230336363642
0.5295115069498746
0.045857874905983476
0.5052158503171518
0.5288532098724628
0.2701272926825289
0.2906312778055166
0.4811251088576691
-0.13473428230561219
0.4653106961875165
0.6517850548785019
0.28895756385174376
0.4943072591701001
0.3763386272009263
0.34377269955743034
0.4759603656149626
1.1940415656028591
0.029801639115765582
-0.16258810331590823
0.28289964644824345
0.20351696692812654
-0.2226878882451626
0.4693199542495941
0.5610600250704766
0.6320696192002209
-0.052164656461677894
0.4253880986004707
0.051073680594052574
0.1806601626626111
0.12483282986903926
0.18851799633701238
0.40304712054804215
0.4803030029567396
-0.26806574775086234
-0.14326568992491373
0.19439919126150668
0.1402709615338928
0.06695062789394224
0.29536808733336706
0.10161104537666217
0.29640273156827973
-0.2673930150935461
0.06849019876372081
0.40445158798987896
0.11653951466710288
0.10144462950226912
0.2629342556975054
0.0865382159285147
-0.28990232139557065
-0.031239884762812198
-0.08205965561899153
0.004612169107690134
0.08896781154416575
-0.16563911327585623
0.20357180042700324
-0.10041676980485428
-0.12691654198393176
-0.3849499051438944
0.1484638802919924
-0.05727117696560935
-0.12469915934632739
-0.04753750636850884
0.21028285208185712
-0.2689481262138126
-0.16078407822308144
-0.0808922236364108
0.005203324681896243
0.022689809662107152
-0.21448920073973468
-0.13248657193174684
-0.2538183847451047
-0.45488592706115816
0.17141976257899766
-0.6080230471458652
-0.2447043641631203
-0.19208747045101315
-0.16634465209304294
-0.11250988802639683
-0.09177699504329301
-0.1899851343026705
-0.5303918165088235
-0.3990657267164356
-0.23357927093346076
-0.23615350766648524
-0.28540864070446725
-0.2709637082572739
-0.19522683026076265
-0.16877992368930017
-1.244273359211796
-0.40456133538852207
-0.27317523365072754
-0.008922871656299847
-0.15961241641955726
-0.08825820360692416
-0.36171770629753996
-0.09503370723352415
-0.30277611672826255
0.13608712059088884
-0.309444895976727
-0.13060292592309375
-0.07213958426347555
-0.24146512937529763
0.25180479504778425
-0.6228148215809187
-0.14746005967209241
-0.09916478527295819
-0.4751660160572214
-0.42138078318614214
-0.3983390436002709
-0.3414300053416104
0.03492403204764557
-0.7080149539176822
-0.2539854249210778
-0.11506112637319535
-0.16685788977167934
0.5926772146071184
0.41614088843677455
0.43695349021392316
0.2594704488397186
0.2392275862285656
0.06120933868990713
0.11767705589497762
0.18638748781069212
0.4769611930675381
0.3491475340244494
0.45041090807700246
0.1928998605957806
0.6082086377248759
0.16883121722227423
0.475163707491474
0.5048753096265943
0.3907755701902592
0.543579493734939
0.4688113314271064
0.27221803560024366
0.4312645084874016
-0.07739272700664357
0.3838125954801739
0.5779331095120375
0.5236446321812657
0.44902816406837076
0.1709914748601276
0.35290515074217765
-0.04619027355411126
0.1486034708565766
-0.013463128738319785
0.5363372372943971
0.3288649589393709
0.2351832576569464
0.5843087388872261
0.12766701159598848
0.020467672954313593
-0.2911519526678169
0.14351153373670078
0.3351475054967023
0.026945089397096278
0.31517528454268967
0.36381768502415046
0.31361702669947417
0.06315504558024612
-0.034647412847364556
-0.060551975666809615
-0.06596101826916348
0.07130836686729827
0.20892761154231
0.19751540051772282
0.19676643653557807
-0.026309050326164624
0.007294089945579545
-0.5254693968624196
-0.20126376039652713
0.10722935572683165
-0.02148956458752252
0.36092412683534125
-0.32382140273984494
-0.07372056362605589
0.4286934166003505
-0.6233618019501186
-0.2779914183739748
-0.24080518255289052
0.04667784156341434
-0.1364590201297077
0.21921579480994677
0.33917265686166304
0.2413167649902665
-0.45368954335509004
-0.32777933923072833
-0.13630754534657086
0.16421642967569938
-0.2870058107263913
0.2312770730930897
0.028184920478500575
0.15222288181174848
-0.3430194164498954
-0.3959690002533354
-0.2933073814819459
-0.37982308867368786
-0.04346115255064095
-0.09514315145568081
0.18536805853457816
-0.42213893813285625
-0.45002493584657544
-0.38739626861087995
-0.10886932991302523
-0.28824345206415347
-0.08200861423797512
0.0632557040791692
0.10335504268789014
-0.42120747394434566
-0.02836478139388479
-0.24794303655509187
-0.09888537231157946
-0.3307510423630151
-0.24014278715138992
-0.20439482933641806
-0.5694733180160121
0.41016481766362295
-0.3396080917096972
-0.46258486598250703
-0.20458230338256128
-0.29199207082103973
-0.42108175124664804
0.13666839653151514
-0.07797321352504805
0.0963946944075878
-0.14511075407714008
-0.38214186732839206
-0.11712027726518065
-0.007142202106398987
0.07306977684830646
-0.5261090904741816
-0.16266632526335856
0.199348024893498
-0.09872295231265033
-0.23381119982338577
-0.11259186992234495
-0.176400368504658
-0.15504379697757698
-0.17536783623752059
-0.03519606211667625
0.13924350068709065
0.4622570490400939
-0.144766547378038
-0.06617056149935574
0.0729361958327816
0.13020910383160939
0.4813271620344056
0.3384676395174067
0.5413519027168494
0.016528463483439587
-0.22362119665402225
-0.41402883568822446
-0.20517620797990177
0.1426953023258778
0.12723535382349288
0.08051370380342154
-0.18232315408062316
0.34091294001910305
0.262080462583798
-0.2189144659748904
0.08544838322031839
0.0017373002286815153
0.06077180347726874
0.16732479156945101
-0.13497200453846864
-0.0974216927570215
0.2545408248170654
0.4307469416812372
0.07312187587756698
0.20198146970820702
0.05377545876297636
-0.14876777619151893
-0.03971123422229267
0.388109656100389
-0.008288112333685899
0.09949728657607998
0.15582188748249112
0.2817091178624103
0.2315100172652103
0.13427964301704987
0.2002693949455091
0.4658892729193067
0.33315984564558865
0.13064007478032136
-0.11071732297873405
0.014815907591889887
0.09834807418864808
0.22818473629253005
0.02568865881121593
0.6656083039133734
0.33279774513306487
0.1706767038794078
-0.2499118488935691
-0.3511603949794537
-0.4203687188555607
-0.5274782238859572
0.4561196648475975
0.4768579302365129
0.6463427623788669
0.09728410277295982
0.15833942633066792
-0.45957077272914726
-0.45121372799095016
-0.21742673814904906
-0.44285140363041153
0.4762712566913601
0.6277019242483997
0.4407148500657393
-0.01840072476884802
0.014744805321455765
-0.45049814753211903
-0.9211548492870796
-0.8030386112804148
0.11092552518672077
0.6332935996643427
0.35665846563024545
0.20688547982704714
-0.08769317028337054
0.004099417218035417
-0.5417329661744033
-1.2583545479901235
0.45583733974319307
0.12629415811943256
0.32825142215550746
0.19168566053762717
0.1916207889637883
-0.03610140416656621
-0.620054876380097
-1.5269286646191325
0.06341903906460644
0.13425856014887672
-0.09064059166725802
-0.006210323862152478
-0.06004668605972395
0.037648697719701085
-0.4462575418390175
-1.5550058198947958
-0.0009013930010304816
-0.20434719328162343
-0.18932486593704112
0.01635005624613567
0.09335121367693977
-0.08408849914815236
-0.5024224186790676
-0.9622663999327077
-0.08690385533118081
-0.11958656721903677
0.028813383418967498
0.11016400482539696
0.03541728484470663
0.1953822831050731
-0.6934195847784483
-0.8463649023078578
-0.1361095621567295
-0.011592072097677264
-0.15898955519456093
-0.005402764419702499
0.41677918856524937
0.11955124128989278
-0.296923966724266
-0.7161522889536576
-0.06761445292274115
-0.2457538296971965
-0.5723475735187297
0.29796791757588426
-0.29028229587669263
0.049450236916384865
-0.3738064173280313
-0.515638329397363
-0.5769047547552062
-0.2789476379555634
0.03674150396637793
0.19603728447228994
0.47958935948152703
0.28035033142105326
0.21634831777913904
0.2724326472873918
-0.0035107888712197777
0.050192414954021575
0.016266925172663094
0.11145238732179108
0.15630665286668155
-0.000524750859324491
0.09958678648055486
0.17610949748907645
-0.2666066920366273
0.03597876949016284
0.15428144545351158
0.5332706320618215
0.19902912961434216
0.26482865650456566
0.03381428078306581
0.32042609689041907
0.46850161568526016
0.3516643906860498
0.4117258163276306
0.2178635730287145
0.1764172905782756
-0.1418205311328549
0.13528982767907194
0.29981154538023336
0.198801886998222
0.4787332516398174
0.5229822484953982
0.19322957272793018
0.25096461750266974
0.0005185649681902771
-0.04017476300610029
0.046654153558140996
0.20767639499054213
0.6707058126450096
0.428882207252495
0.06788865161396004
0.044228922774953106
-0.3043880029201963
-0.5243756565278579
-0.3948040513250106
0.5195682785126534
0.3940119687925208
0.2925992944655962
-0.15995875400204046
-0.16794309865680707
-0.048757115231243986
-0.07909986615917552
-0.5764834684694142
0.09996158340246067
-0.18914372965619425
0.3062142942678197
0.479052235308864
-0.24534705512565358
0.4753171128911409
-0.19901191479419023
-0.5014861035375804
-1.1317111712155379
-0.48237589604653613
0.08807431238509802
-0.05743727822842575
0.44924208427311463
0.14238745815914838
0.27489575707257324
0.5465483124929382
-1.5016470661812136
-0.890008134226838
-0.6654547087423884
-0.03540479462635829
0.030972873457824013
0.18056449468382024
0.5217968770700719
0.5220039772706744
-1.2524477004359884
-0.9744871248404448
-0.8653918263929143
-0.8225250331689361
-0.08018364365953151
0.8049369875047554
0.5269226556693181
0.8754346833106831
0.38915950258128534
-0.12866612690151036
-0.18290133657298596
-0.39218022168212213
0.16395455741125842
0.026833477958398105
0.27930651021212327
1.0177987989902422
0.24518583988804077
0.3591032870467157
0.21730021585280024
-0.4536273354008552
-0.21766666989229255
-0.23070153795075132
0.06523646595626398
-0.12227985475528158
0.16408924841978872
0.10936575712445831
0.30987523336889794
-0.026381633928047432
-0.6975781265607752
0.07330288113442424
-0.44026611721147224
-0.45329653657340385
-0.04219107309267489
0.2900584454995744
0.16364075188213528
0.11246445879224898
0.05574474053469643
-0.4527316964487017
-0.11934902992918706
-0.10214426839362134
0.7067891549492799
0.24881771678336623
0.282603023633433
0.40721796947662975
0.2795629086531711
-0.30641830914536605
-0.0763517955539354
0.05932383662234316
0.4512041671517701
0.09716433619507953
-0.06473201580538235
-0.11170466151506228
0.02304220706514115
0.4392550131014184
0.10921093253147457
1.0237781300890492
0.2091085104165218
-0.1314274840873204
0.3263860082002362
0.3442211330372179
0.4366373062219312
0.002660677608567974
0.30691142215235234
0.09010181446897092
-0.09456337802353643
-0.17210046512855529
0.29762126273010603
0.43052582189704
0.5439629112526536
0.3663240709532807
0.43566827301441613
-0.000819273840317214
-0.42645718913689923
-0.04857750799750861
0.07962293174208773
0.24165101712249848
0.37687533060911854
0.07759295510913006
-0.03145594482060021
-0.40696760972690366
-0.12486462032198209
0.11959908532128162
0.4768239658639871
0.5997567312385731
-0.027089934503646412
0.38239039206033265
0.2571699772466373
-0.016714032254107503
0.1255872874954138
-0.032410231652520494
0.26953058951579745
0.29723803268678395
0.5346617605404356
0.1464370816468596
0.3515826355602142
-0.2898644945656244
-0.2187542771197667
0.3541303150440107
0.12574286388307937
0.16583141647377997
0.25584207490246824
0.25824446563007153
0.2757103329134713
0.3771749698983891
0.07125731587378345
-0.21467283168214935
0.23266778886356632
0.12935697107999083
0.10093941231866665
0.3350018843766168
0.04213034495297496
0.27944051192812003
0.021769428095745336
0.32586769686677175
0.3326565848537432
0.12480669134010383
0.1338010810675826
0.27697789291648517
0.21016673962208998
0.1394839071908851
-0.2952866635985244
-0.01781491461664126
0.5464719082298455
-0.09233236271258985
0.22577557660352274
0.23519511482926647
-0.20768649422785257
-0.2548629128711322
-0.6895757822256732
-0.23439007644204013
-0.17817144626730075
-0.039585122703166886
-0.017462090280781162
-0.192122081996498
-0.21456599544314697
-0.7281197599082073
-0.7967527412517187
-0.483594998285507
-0.1331265065659909
0.09936871652447614
-2.765221754452707e-05
-0.07666781586053917
-0.2666867804545384
-0.16305005555657215
-0.5652581571467936
-0.277362654120775
-0.2584900284006564
-0.1477485191977131
0.09984888188033958
0.03657792479455252
-0.03544686791370505
0.14806510061709072
-0.9662235347017294
-0.7294324091665616
0.1662136918894544
-0.06504855261529754
0.001139132858444969
0.09235980241699751
-0.15064995061184822
0.3069977271414007
-0.6421477313958582
-0.18296307487147445
-0.5082527759915039
-0.11308773570589398
0.04999634949070969
-0.21260233189330446
0.0009138542171437392
0.2746918090977973
-0.33593272085285186
-0.9586375045980443
-0.4851043068741317
-0.28495812300657186
-0.27339979435464523
0.2542096824053566
0.34642191892493723
0.3548875222414367
-0.07792699742429782
-0.19404302099570137
-0.5233371647996099
-0.8761405636746828
-1.0326564955007047
-0.2159771848643267
0.11712241954422409
-0.2299067076484732
-0.6078829130477275
-0.3436332853159533
-0.5989158030386478
-0.808966958072225
-1.0005991949730193
-0.22902526424049785
-0.0032603885353504267
-0.09090059206075926
-0.13871579738574652
-0.0398208604063372
-0.5074663453168927
-0.9117620206637059
-0.5470245937207233
-0.16120254450064675
-0.056951764068333355
0.3471515140028285
-0.41460646463686596
-0.22179298114437385
-0.4442541220112368
-1.037609228066692
-0.28698885848898564
-0.5431004527400413
-0.3674075389744647
0.06380088810655693
0.17214808818896093
-0.36911572131027237
-0.5063618705763286
-0.8987253323331115
-0.2236947875513916
-0.08458459229261012
-0.23581997540768632
0.4474810314450978
0.4368728040825727
-0.2955727113884961
-0.3093211158312475
-0.6410332337901545
-0.5958719620335389
0.07218788104854951
-0.11885608017924992
0.6791740526367942
0.8401438566679534
-0.04741214212031572
-0.8117938899392574
-0.2614977101075396
0.02652349249939573
0.013873557469468112
0.316520581925614
0.19098234796052738
0.6756823915749872
0.3067029313126415
-0.6712773673525675
-0.3419366098265476
-0.2212971774995683
0.15788151628755787
-0.010957178181074612
0.03304828270009025
1.3710655378582253
0.46134014604888307
-0.7114050586900778
0.3415791803653672
-0.21167573862326938
0.4510431081567643
0.11022012067956843
0.021482166487901966
0.9797220107103937
0.37114770494282295
-0.18887220376440172
0.08937285514380469
-0.07005139693689871
0.19670160702801048
0.43994560490508794
0.03631770028265824
0.2708207491115363
0.2056604812186617
0.3277916226947583
0.4958527455160323
-0.060044869201281714
0.06635629477580844
0.29378958487377965
0.1413211638953673
0.08598880676570153
-0.1672707923538591
0.13368921248028975
0.35163360107193176
0.14769561007502918
-0.1027514057045742
0.23658567190242302
0.18378011152057339
-0.16751632592894017
0.1090475709270411
0.29511036727513906
0.1580053882448485
0.004030932889029115
0.3011942231207082
0.0909290111880715
0.40476908397218647
-0.06908277669448434
0.14412519044237104
-5.2383458149618534e-05
0.4349560422707389
0.10522107350560941
0.03776878797819139
0.35157021283800766
-0.08287001464727956
-0.7798913095937293
0.1310865138462858
-0.03151634619857466
-0.15968380326880355
0.3052458447382169
0.20087117840951887
0.058627366637897166
0.005950591289898666
-0.04041428380704887
-0.15004378933556986
0.32100737010118396
0.1054459099640655
0.474632368274711
0.09909280823407218
-0.13395983168096204
0.1923347279982043
-0.40553785172891954
-0.18328830003245392
-0.6049193268825628
-0.6273041637847204
-0.5893549319774379
-0.2619279261839233
0.5050016839640674
0.35421290230477076
0.037888327971369096
-0.3537961282900577
-0.714507916337165
-0.7326259205163546
-0.8844459502428883
-0.13269286860896212
0.0700756310787149
0.6445697597021277
-0.04968090064817787
0.08133722224164236
-0.45752155351044776
-0.8382731807638812
-0.8052036171978072
-0.19385496491859022
0.6989002186904087
1.171840627795917
-0.3066222244154751
-0.18662748251574343
-0.4067893249200958
-0.5998989428165115
-0.8379959184789159
-0.08429643273537715
0.1818604389787507
0.41752922398389947
0.33391729401697456
0.02010466441657885
-0.18629838884435235
-0.6955515128670566
-0.3841696621868479
-0.5544104944456865
0.3012068774350177
0.6683795724135554
1.0179107698748493
-0.011648382704609217
-0.36510873017807305
-0.05718430004271369
-0.6834172979185101
-0.2026079737797509
0.10326524588664732
0.743204967674262
1.0821217302984065
0.3958231719174373
-0.18194967753350932
-0.37227757126936395
-0.6539876799478389
-0.36942987372113206
0.28378193807963564
0.1426449990520997
0.5165871594679268
-0.025531399692840073
0.08556551280253583
-0.25204626279035963
-0.37232890287590104
-0.2801141207992611
-0.019085387316306046
-0.06184269464851837
0.15599874893670237
-0.17118751553005898
0.18378193602864565
-0.031426862421855356
-0.14029471831530888
-0.38465627233246324
-0.27956760805563646
-0.11005536617848743
0.0821621718985375
0.25294860437272254
0.11712271002749147
0.128351525857599
0.26361350992160193
-0.22012895104372965
-0.27144339613938284
-0.5835847102805126
-0.30735103369186695
-0.20416545618234194
0.3001755319229924
0.46773442662001646
0.32302696912951456
0.10882246978729293
-0.19917030479265785
-0.4477589145924922
-0.6274078527033902
0.11566408797223066
0.3518006904761477
0.4195230734562373
0.28646676588524744
0.3046494882150238
-0.4135987697283815
-0.494181590155914
-0.3357687091944088
-0.12199084308300179
0.19397496371729067
0.00416367853672539
0.23564567586745827
0.1874171329650309
0.06250123557230183
-0.30841024445221976
0.073076326073924
-0.2538668785017667
0.19222292386999196
-0.17028343882262786
0.19057298270646478
0.12108393059798742
0.22436856125239
-0.3919873084263444
-0.3965700333182597
-0.21963458081231763
0.21145165480220657
-0.38030926589276326
0.23739174162581947
0.17414902021774115
0.17100426938668692
0.39834716298609407
-0.6760292521333613
-0.33369922698365595
-0.11285882670729044
-0.1351832592833414
-0.15448837460526746
0.27156482826426215
0.3240407056110229
0.03944568048393976
-0.18451898104971523
-0.1684118022861726
-0.2704968326865387
-0.17309605271077677
-0.34900587495823454
-0.15904426660854626
-0.14457503552391537
-0.12906845888859253
0.04245605166175101
-0.19684909694870611
-0.14438498635518826
-0.2815600823072967
-0.2937299270146754
-0.1694091746062843
-0.16714210017322978
-0.25998215121398993
-0.16881457556935855
-0.21958148365146613
-0.378129446881567
-0.2897491401002413
-0.25793181244577734
-0.21117382611531027
-0.2009541508809095
-0.13328304012986086
-0.5033886088315027
-0.4690548615152463
-0.2468989411753434
-0.4891678192788586
-0.3272530414759731
-0.49089884177619514
-0.4197664591861474
-0.2948049905982672
-0.026258865130249692
-0.7391431185574238
-0.367598902922049
-0.4368415297877827
-1.0165843645778994
-0.8761914020118895
-0.521928103280652
0.3142521557607747
0.07871125878864316
-0.48379534486587816
-0.7721223878057256
-0.47051403572034234
-0.47152500385512636
-0.8725140367342189
-0.281877039382646
0.6943716401541247
0.43161469609848746
-0.7750576065931464
-0.31581108165013605
-0.17203175390999692
-0.24801101758817626
-0.950969604260184
0.097874358144792
1.3624676848013144
0.6192599970562747
-0.23515717163475114
-0.09346877810077736
0.5117797439710173
0.019730909940503666
-0.7281663335590652
-0.3700804815196215
0.8205619970024682
0.43178243767781854
0.20603306870684251
0.6045308469540573
0.5210580949808697
0.3349505170102674
0.08156357299103106
-0.1545207637510935
0.127943665894946
0.5306022957916825
0.26470762436000334
0.5184672008039153
0.9624787022029376
0.08970506852857935
0.19913549705956496
-0.05985579693329446
-0.4047030081045346
-0.18259739992151983
0.21623098416931752
0.4382341847907864
0.6379926948802854
-0.22204504500697467
0.2828120192039685
-0.04754176474529444
-0.2805999618050878
0.026160200928852018
0.1500208557625538
-0.15820336415821556
0.05159135633543788
-0.31244500962454264
0.009580045591812691
0.3854145959318036
-0.03132807618254989
-0.24640658149593608
0.292333509375415
0.08329640072151245
-0.1051968603206084
-0.45441786673899187
0.4341012550299799
-0.11052873834171612
-0.07731084665999954
-0.21607935127132177
0.24472170980924565
-0.22909317375667365
-0.393907643328551
-0.14780240116437043
0.08157493621578166
-0.21796595087684784
-0.05344259480762729
0.11751446479040303
-0.19292366667189179
-0.22034309642564054
-0.24540811789088235
-0.1503551020410244
-0.12122404760559213
-0.4098999639581577
-0.1472066248452124
-0.23410352522425346
-0.3004307965486495
-0.3022164724440598
-0.705743903665998
-0.5050140433590975
-0.8230982846770902
-0.22019365105181643
-0.2138493785259743
0.0099779848463864
-0.1390211548592662
-0.19043820047548077
-0.3139537625537071
-0.19466814729059756
-0.16690615303747613
-0.0059230691770658095
0.07292628641713193
0.3284307110301423
-0.21267307799212065
-0.47798106194792617
-0.13300788304645328
-0.049978450821715786
0.07365468013772704
-0.11184290841746126
-0.2581950250682582
0.45767208137244025
-0.34297439933021295
-0.2048570948930314
-0.23309825587102398
-0.08067069509168837
0.0982203424022978
-0.06664437104653687
0.16786770898146308
0.45823954779610926
0.4660689543377032
-0.0019323071408054657
-0.12092506519834945
-0.344765319047617
0.06680453699106115
0.18433740041344376
-0.30366232365461754
0.3755995547107973
0.2160383190811999
0.019390736857650193
-0.21079992689509858
-0.18195797206610367
0.03502317237786798
0.4041725858465621
-0.37123610292857917
0.22125756961636545
0.4520225802309707
0.18428416283324084
-0.0014410452326714673
0.2171700454080075
-0.12427251593878383
-0.1265445674207381
-0.6222904130444995
-0.1801659679730009
0.23335949775988385
0.31864161887397635
0.4582113059638826
0.2922868731498015
0.18120278602194084
-0.03005149124798706
-0.9315524126558914
-1.3480391427118275
-0.17763203000444672
0.9342604492621409
0.37296297029812786
0.29476745498031165
0.056447870859742476
-0.6267746613378692
-0.23927751421692245
-1.3671342192280296
-0.19982885348253612
0.34634239409674183
0.6346719243931898
0.3855145441686163
0.39293385341361786
-0.13001283131400743
-0.22644492157291174
-0.7250629111491905
-0.17984001923932946
0.0023037347178090223
0.13737634915299501
0.42901293581519523
0.31643635966852945
0.145143812636961
0.11426335480622812
0.2564655060734857
-0.12907151456443175
0.027143977656837348
-0.42569330201166944
-0.11277998390824587
0.13960243381407356
0.15547460777620542
0.46912472116507636
0.45155508917811604
0.02987460178340645
-0.15994919893763063
-0.7397997151094386
-0.35457279959950194
0.17349693373853098
0.4236915902651269
0.12799771502183122
0.5680630041642585
-0.0588456056496755
-0.2145922408875755
-0.41352242484942364
-0.25311945343855413
0.2729216569026898
-0.2477038501621478
0.19133550465882546
0.11752194718957551
-0.21778679892480357
-0.32919094535238747
0.18587281159606117
-0.046976601505946236
-0.4459521164682273
-0.04886528147458161
0.02706526213939575
-0.42019488446514336
0.03124038875256245
-0.2974739650114486
0.07269667849992656
-0.3007116439384803
-0.3453131585323692
-0.1580101085452117
0.15373828950210444
0.036573721338182485
-0.009986781268917444
-0.20806794168785633
-0.0740023817658554
-0.2733995959117993
-0.7316322104651016
-0.4902809983474785
-0.4597433713137654
0.7376564369499128
0.31051490914885094
0.04853739151486458
-0.24614250572445753
-0.4190056302010837
-0.14049278892963374
0.5215847568568822
0.22988412586605178
0.7255211957031634
0.6641066935041982
0.6028274642880894
0.10099815834236048
0.22799136118656022
0.25633182554637485
0.2556164306481958
0.4698183460660046
0.37136789076262783
0.36447192106234577
0.4878415167763303
0.06925401085978128
0.04714684895568427
0.4085783893442584
0.3942405329738398
0.4496331892761554
0.7164774167767957
0.3746941897906667
0.39066054394944744
0.7474948052863235
0.4961099100766809
0.2110905650827038
-0.09156421523364364
0.5159703748306121
0.302547940249623
0.47082492161682615
0.3341136531083679
0.4493305808393943
0.6876608503918851
0.5769830767969786
0.5477652733052469
-0.013724946488447853
0.40206656993207307
0.16689404407048003
0.5760896981290475
0.22719898167183084
0.436895246796653
0.655166610431424
0.19706576914559032
0.07416354749149151
-0.34791562407822596
-0.10081234928609856
-0.013663882861591037
-0.12131820492600727
0.5871443605374178
0.7350550482406757
0.8114126659151075
0.34235849481236397
-1.2289969966796774
-0.34949904822770805
-0.10687630869393183
0.24580930471062865
0.25346131671578537
0.2454811558081017
0.47766912166000053
0.27119490747105357
-1.6470305076834915
-0.9134510746356894
-0.22660395054767074
-0.2998441714267813
-0.04452622624548758
0.7874554687611586
-0.08715040784271971
0.011321481984333581
-0.7348734645548392
-1.198023665091387
-0.30045759414071904
-0.0733743652996176
-0.16356497906662248
-0.3113818622216069
0.1575235945053478
0.47188210373053463
0.09282736599669816
-0.09534598633326702
-0.0017322386309960858
-0.5427669333728987
-0.24710982771961815
-0.15364697528490473
0.29266307577843903
0.14561764434323565
0.09666585708270031
-0.35213779215566476
0.004138212518598472
-0.4781930065706359
-0.004980565331895073
-0.34568079336464363
-0.12218625622562374
0.03925205610038249
0.06255312706507743
0.17922598295721814
-0.2786013532867632
-0.1845980373478576
-0.24889750798647514
-0.20875197590238864
-0.09195156320168629
-0.16620083645687378
0.1354106607104197
-0.06506379234478968
0.1311594494272307
-0.14952521716313139
-0.24475317390385304
-0.11149058913871579
-0.2644916459148111
-0.2554159345074968
0.14528248220671794
-0.06916432038729398
-0.09955461216394706
-0.34952160398781007
0.0801842767992904
-0.18799617472335672
-0.1419266005556819
-0.5195766245813951
0.12640648177609376
0.03841431215978525
0.39936096256512416
0.19923849665531557
0.15691957811677226
-0.30595590898382025
0.16572729075656767
-0.4540951822536827
-0.2104108507734168
-0.04871604170148225
-0.18830983372150548
-0.057590480410502964
0.09751920111682205
-0.6305444147550273
-0.6584508939860367
-0.4882028199068216
0.5624198812637871
0.20680595972205357
-0.02494989819630035
-0.0833252709867599
0.1094764610549826
0.14427394145933664
-0.16217661213967094
-0.33204012140440803
0.03752568788959362
0.19268436761804159
0.18453521103907428
0.19202301026149132
0.2153135098850578
0.12552370101729127
0.2316244563031662
-0.19016521487995852
0.18038171272696182
0.3504008102931501
0.2716078113431624
-0.017973450547504544
0.35112328251693636
-0.2384809141804286
-0.16461066923503953
-0.34135182536129555
0.35749241465283454
0.26353137183494
0.4329500930207934
0.2836851986697811
-0.000703884605370686
0.010165629508356075
-0.05501424346076325
-0.07714059845286805
0.12356373249906727
0.21608578579070514
-0.07155481714146478
0.09487681587746097
0.08979489897472204
0.2578553459983773
0.17309911260342856
-0.04801342750763932
-0.27600446715859306
-0.08835058480926683
-0.3136195901043236
0.3283882489476869
0.48540527176858184
0.7083644561700462
0.1369923885618416
-0.14317356484446192
-0.3334353016363264
-0.3335120837884257
0.2648923646684672
0.37288152102966987
0.4930615502383306
0.5080049823681382
0.18101358772691772
-0.017248571376421114
-0.6080318845500503
-0.05600660361101159
0.4108949871826314
0.20674449507540743
0.17588226545502714
0.03635183765779247
-0.1786024109867072
-0.016825433290268588
-0.863278452403769
-0.1873892337614118
0.3005604149750682
-0.16282702348132289
0.03000869416111898
-0.2013922133324756
0.07415785311208661
0.08892278193998288
-0.18485653424361603
0.4686588569380774
0.1892479411162332
0.41548765489039396
0.06581328821858275
0.09961129818284514
0.05117748354313864
0.24885500769085067
-0.11679711225202316
0.03498302851403322
0.28920374063961507
0.03662462420206368
0.013708923443185417
-0.102857336619883
0.4018784081114374
0.21503828638966857
0.1306026361565097
-0.03827714661375703
-0.02847257864681281
-0.45137429226812437
-0.07962818691780342
0.3598606669495492
0.10315824808456889
0.3350961614832045
-0.18238680738291901
-0.1572196992493476
0.06313921686693022
-0.2702084057508865
0.054981209064394056
0.13811562775731379
0.4830710282823072
-0.16453496178990273
0.10042394323645004
0.07700013297200509
-0.10219748141159507
-0.495421898630538
-0.22638866475401986
0.13273181957757402
-0.494096066750357
-0.02965450996814982
-0.251410888946774
-0.07222199399293243
0.15351460097346273
-0.22572859940875384
-0.16775257415600497
-0.24825244184693346
-0.47657756829419684
0.23690788031943044
-2.233509555512773
-1.6835765104443383
1.767681943349961
-1.7612250942474739
-0.6594914794125278
-1.427841180165239
-2.2299074524400027
0.9910221516882886
1.9046770832960525
-0.44356873995174484
0.8317321016202569
1.2968411589619406
1.211194974183489
0.03854372213495108
-0.04268164305666447
0.9486446107557004
-0.6831192217485064
2.377486830973152
-1.6623224435160668
0.8707276948645678
0.08926914404566133
-1.1150422258029318
1.2795215516160336
-0.9012865401622763
-1.623392083097471
0.5496345846053037
3.0227775155288064
1.7738397169024056
-0.7677182244708236
-0.954473884095979
-1.3649868376661478
-0.46461685716646084
-0.8323676663748274
-0.6040049186143766
-0.5839035894281114
-0.1603965350052513
-0.5566425065115038
-0.5499232868016265
2.159353002948789
-1.058201523930872
1.5816649619650245
-0.5258618663485599
-0.20598901930512103
2.4937304889146223
-0.8562782859290037
-0.6224286530476055
-1.1037393068077472
-0.4187583615309018
-0.4477229662038811
-0.3306478812379722
-0.8065693058878802
-0.7301373990493147
2.5311200938232443
-0.9255860300502287
1.7880145540892862
-0.9185456439472452
2.0146148501952528
-0.7658011745440881
-1.1418508869306856
-0.6171943707105784
3.3593628465764023
-0.33476675143343043
-0.6315089550240534
2.374977026405337
-0.6977329041142514
2.6067313689039917
-1.2371031836190056
-0.7864376938643506
-0.35830931479455413
-0.9777545966247927
-0.6787098543482654
-0.8920794713751757
-1.2407847495599293
-0.4052707214253036
-0.46605189258615853
-0.4275052394905033
-0.6918518819573505
-0.8321597201097778
1.802491040437721
-0.6487118213355741
-0.7261824886851216
1.7123758722135405
2.734699401273656
-0.5052854039804006
-0.9314086011605045
-0.5097820046790967
2.621080294158448
-0.09842110505648627
-0.5030117829528913
-0.6016620221987039
-0.5526099770049807
3.026867727806542
-0.9956338645542262
-0.480375679739212
-0.12687381206143805
-0.5293510048380564
-0.6726690649276527
-0.7269708309998562
-0.7236753923936314
-0.2836454065872701
-0.2981190484743599
-0.27538360727790534
-0.7398178952995702
-0.6295549833546348
-2.1710253166441786
-1.7549042560064723
0.5743601093689241
-0.09342934062479855
-0.722567284059667
0.8947506459798811
-0.7489404474741165
0.31757629330338766
0.8452172764208048
1.9515192270685708
1.382257605206585
2.574674587293453
0.8383588985064632
1.0652191108362978
-2.1696340992955134
0.48836744208222826
-0.8244988003989879
0.5334509777737777
-0.11297745765681808
1.7423731902123665
-0.3456996010614899
2.5166469055978533
-1.1629025545896905
-1.0398799406900743
-1.9296177344751837
0.3343459561982017
1.8162594573975686
-0.5632500292241182
-0.7215559980616932
-0.5755145704302285
-1.3236799310383958
2.4706620590634953
-1.2370770209332167
-0.6019569353614721
3.092961078712629
-0.10917245088604781
-0.5282976370158192
-0.5129525542175482
1.9478110108669209
-0.8896888236079981
-1.01007534837197
-0.6023309897157405
-0.2806944390316843
-0.7056855258250767
1.5572074607850075
1.87865152951709
2.1682335118314366
-0.3213160352464828
-0.40047597900580156
-0.3598401495318747
-1.0284821011066672
-0.6689596240186759
-0.9140932132380929
-0.5002250615318328
-0.48110493990933134
1.514763835853054
-1.1720473297667922
-0.4433129453499408
1.6247928084863381
-0.6370753717910391
2.276450788227086
-0.10773290548368614
-0.3074928626000766
-0.6645589965624276
-0.5037811336874204
4.6027597110557075
2.0275862471972737
-0.5575827988304016
-0.2036192406934631
-0.5448651443854204
-0.8881340444481024
-0.577654914539048
2.4219845691737203
-0.41486062630705434
-0.24757957000834285
-0.293509742242792
-0.7777147607939545
-0.7268352507536103
-1.1796923619198176
-0.8532359957100111
2.1033427003010745
-0.729125912525102
-1.2984347136183265
-0.5797415704945307
0.8963734400741752
-0.5329809725395529
-0.5813588107123282
-0.09439737928331371
-0.6196615989383396
-0.5565717778688732
-0.6271199137421003
-0.8992596168403026
-1.0506820456493737
3.014526919247728
-0.30535627109940455
-0.8314657003800683
1.8361070876329313
1.5967407162791818
-0.8640918008937661
-0.2993884477937712
-0.2800322576170825
-0.40418322684496677
-1.0311521263407475
-0.7049602001529824
-1.5484883500847983
0.8347127289354614
1.0923355866872764
1.4219987109999805
-1.8421601335202435
2.2407112756941605
0.3638193889411312
1.4062626973118801
1.4591651947101907
-0.4367422055430924
2.387234608208503
3.1619642820351275
0.8173075909138225
2.4069040607815304
0.9200409343701452
-1.1419137693048809
-0.6364546529266784
3.0305022649096465
-1.3344629917489252
2.9418724712045505
1.4833028070375418
1.9191340802856294
-0.7419325708380027
2.1176711056558393
-1.5176536170923018
1.7699282059985162
-0.46064385512701145
-0.25225490198386896
-0.28973134590244776
-0.2877515174145053
2.12512976585988
-0.29479300160514055
-0.37856193522920145
-0.1337799374721314
-0.32983525406410363
-0.16965332996800894
-0.14268693928499337
-0.3018338614743894
-0.18090330631899404
-0.49621743600569007
2.38361049822042
-0.15122028007804783
-0.07115092431052975
-0.2912515603108086
-0.347204577656296
-0.31435509913314585
-0.36486896225907983
-0.22133665624929108
-0.07005395984836421
-0.18866755478876462
-0.25165807037429067
-0.23317594484428644
1.425503510853043
-0.8031578812983268
2.297051198856602
-0.8916692353104794
0.9743952299173515
-0.46144978616519733
-1.1721539466250142
-0.46327881042285524
-0.7169599516747882
-0.2559426224326357
-0.6937926434316897
-0.5685404605338459
-0.697654148323098
-1.0194678967294881
1.5171630889227075
-0.6055098861794777
-0.20791660758280228
2.1016571374599033
-0.877049800565397
-0.6917438008180202
-0.9529965642900773
-0.40625008631853776
-0.33870946984497596
-0.36506099180883117
-0.8494728304342801
-0.8826360985517446
3.1993164600964255
2.6789345478579834
1.8633262530337684
-1.098858883991132
0.45064442864939
-0.9282712245113116
0.6567443127848078
-0.7999435409520482
2.625814568263678
-0.4078277768087464
-0.867709387292346
2.5398395746698297
-0.7246720527778583
-1.1354286834636482
1.583637878231611
1.8526929789036113
-0.4753822460447224
-0.9941013932817147
1.4425522360453495
-1.1038896557359388
2.791015204088433
-0.6158309084887775
2.161123161628976
-0.7071734866416945
1.3345047749346635
1.5084230082807562
-1.1742284014027646
-0.6361729161086019
-0.6726960569338264
-0.6908597055780816
1.304799910087011
-0.4217569130700013
-1.1212651912157683
-0.641772934571705
-0.6746535662249177
-0.24693715689811904
-0.5600959224754479
-0.669519957541111
1.6706121439453305
-1.0469993034025875
2.5908249112541903
-0.7334510757734509
-0.35847395640621565
2.502683134108899
-0.7924671385419895
-0.8078789665781425
1.5773337594745156
-0.4706018460932026
-0.6689322347289021
-0.31262756963620986
1.1083874801652516
-0.7357156250185697
1.705009831137023
-1.3198101392571324
-1.527468992122869
-1.6118007554001748
1.2372683640020545
-1.0955365461721116
-1.7443134746437676
-1.3542055038144154
3.6882191301951863
-0.49120836488612557
0.8383843817123323
1.1574564273964607
-1.3112583318093187
0.8705490722658036
2.1419937460338403
-1.4722798657765164
-0.5540883194362063
1.0818926886882676
-1.4023605318486694
-1.2253649341430517
1.8119969095670219
-0.7753391607693152
-0.9477633944346842
-0.7341913770794135
-1.4870580273351213
-1.320912195668464
-1.8185731369456377
0.6808765401422605
1.9175903418238813
0.5336362049048351
-0.12544430674826298
1.601859238695477
0.013672904989079027
0.708961991095112
2.0648489091946134
-0.3752156235640596
-1.1229195037012802
1.9178870314652627
-1.3016427273395803
1.2395477812400229
0.20934886353976515
1.0926128692161874
-0.6507763432345222
2.5057898662664653
-1.5747975780138996
-1.2921023553981161
-1.6579049283816214
-0.95217630563601
1.7391840310590343
-0.81312953574937
-1.8754437839630171
-1.2587286410358414
1.2800184336385372
-0.5800241666415045
-0.7003339335016956
-0.9575620182770713
-1.3709272823485785
-0.7771573921646073
-1.22622230499727
-0.6367381696835341
-0.7749294934821735
-0.11567023127992698
-0.5601678190734594
-0.6515743307041246
3.561747205468703
-1.0940383127394795
1.2178316133885752
1.756004460444804
-0.2961681489623579
-0.8552430603749004
-0.8920346906924184
-0.6050319104068124
-0.8183410995025917
-0.3163711622514614
-0.3888624364155489
2.4915456258128996
-0.9830167939235371
-0.7490068445600191
-0.7336250748958214
-0.39867356901520523
-0.4379278393479795
-0.5351786998647905
1.2004139904894442
-0.4006868573296739
-0.7650967266182841
-0.2994827700377265
-0.41209534434913947
-0.18493842935026827
-0.2726300022993803
-0.46343796933744863
-0.2992400635974273
2.3042555154830997
-0.6745989379299533
-0.355377199524494
-0.01737978905971485
-0.5336768610855303
2.2057613646177563
-0.7196090230252052
-0.4580533594925933
-0.1736939818904063
-0.1738308918320577
-0.23269931997533255
-0.5887555828473789
-0.5354456760665309
2.297631011651927
1.6206014602522139
-0.9141580104955331
-1.068421775672922
2.265764298276162
-0.8003298709422977
0.7665865070414739
-0.6624789606563983
-0.7607632200512437
-0.29428276023570477
-0.7439557724164851
-0.7065252367113095
-0.9813477582256287
-1.1820923638892396
2.6781831711214457
2.737309994644078
-0.45762267733868134
1.7869363450848648
-1.1338755381055616
1.582292221035061
1.9254305710262978
-0.4621088059470203
-0.45045372318047094
-0.4552763144910075
-0.99636087335324
-0.8098139259091767
-0.9029987119615918
-0.5234135199283381
-0.5789619605441756
-0.6763625442802561
2.4439952283625535
-0.5045009335078466
-0.9098397730152475
-0.519051270186201
3.4109964786991696
-0.10287513378227245
-0.4086928404467912
-0.5712118602936663
-0.5176497532302332
3.258151733861043
-0.9464490710477054
-0.42967529472417704
-0.24781571966703564
-0.6312149160435281
2.115076138545171
-0.6453246497710101
3.196628231739862
-0.26387235997593284
-0.25411646402494203
-0.23947282582018142
-0.6412058592271024
-0.5578771293217035
3.1986005211720157
-0.8063848119015116
2.7192356449032333
-0.903036687564451
1.685867500743509
-0.7022653839160347
-1.1903174082888184
2.03874291818
2.411661942395599
-0.18339350334546914
-0.6155147785555614
-0.665736916339906
-0.7307524309088064
3.2449406982168787
-1.1088476731462586
-0.7923851225330486
-0.3762458624997804
2.061577750089981
2.217175037314049
1.3397196747987508
-0.9569824542425805
-0.47567453175915697
-0.4603629762626502
-0.4122371807831242
-0.9896244729535587
-0.9459017618201633
-1.8058802326594177
0.7399400361897966
-1.3230449352830456
0.08328262312552626
-2.1683601045090213
1.3194993652104385
-2.334979130920577
-0.9878463635165735
-1.193044519936997
2.3147496867910564
-1.0056277449075979
-1.0001581035358305
-1.1077042273053976
1.0142670755637855
1.528136302166088
-1.0010354212142785
3.458106949904992
-1.1528914519413067
-1.6723552468056688
-1.4164603991214875
-1.7046361511296568
1.4373673630819233
-0.828220832919136
-0.7170010138655818
-1.4817477508463668
-1.1542708925862781
-0.9708059874038144
-0.5391734951459779
-0.5825351750069454
-0.7567957535523698
1.3967738947040313
-0.4308581718117998
-0.9045670739135449
-0.41887832640823813
2.194533784504238
-0.16528845332084896
-0.42415007196467625
-0.38528923276424626
-0.48319004560162215
1.8486945044520096
1.9662683926146327
-0.42209559323231616
-0.29646339378871195
-0.5964216688008177
-0.6526446989982406
-0.6510247602790102
1.460102227322396
3.1965844530213654
-0.2671371681459572
-0.42075512969246376
-0.656054059892188
-0.4735419779716322
-0.8446845432951302
-0.4942767554052424
-0.4227415260423385
-0.49366164902591814
-1.023863087689362
-0.2793019325248768
-0.8456718537084785
-0.23796808708521044
-0.34997946091031196
-0.19133884276574
-0.23771746532536536
-0.42291681842900075
-0.43483741135240384
2.0578659968071618
2.531368367535139
-0.2937928447140242
-0.23564969901885527
-0.41353327073225465
-0.445696670522092
-0.5100915775286109
-0.7762640166311425
-0.30690074465430744
-0.20266301626087968
-0.27677381684640545
-0.4836023368541573
-0.31026818570315545
2.772114832574559
-0.2704883494677358
-0.4872696664644087
-0.44187523185359107
2.9412941330860893
-0.2798303095031653
-0.591290424036116
-0.22117736772904606
-0.3617415153210395
-0.002342464309082193
-0.21793602101380577
-0.3017637055282786
-0.251568297147037
-0.43117500471708703
-0.48187198101682516
-0.24342425594435968
-0.20827283250951578
-0.3215262061755873
-0.3546582380189931
-0.4400392485069451
-0.3606267585305134
-0.2523027141562725
-0.2222668313512478
-0.1260280083994452
-0.43021674265411236
-0.4803646780893195
-1.0500961063912357
-0.4751788875845617
-0.6179492715036171
-0.8739509523979482
-1.2526647075115978
-0.5231793336477145
-0.869915181987071
2.442809922117797
-0.5763409018432025
-0.051594484227782345
-0.3793624169352171
4.600332451908002
-0.400956080208894
-1.2069218653460396
-0.8667592114361248
-0.46996026891311893
-0.2613850487544723
-0.5213848380782031
-0.8007360945010742
2.1955355450377523
-0.6717024889850179
-0.4405044048488948
-0.18846928397986862
-0.35551315239488507
-0.8119021617310692
-0.7591086664821411
-1.0474843624246553
-0.6012914014265984
-0.5911613912670921
-0.743627096694114
-1.1556886168812437
-0.45341859828656395
-1.0348934966209535
-0.503758787019016
3.8546139030198514
-0.06930058494332023
-0.5228660727954687
-0.6408517091514927
-0.6098119441498535
-0.7806133694076466
-0.8780438539888833
-0.50501296566875
-0.10196549111791209
-0.5359978698311625
-0.7945071101852861
-0.6802200028773748
2.6491484834830783
-0.352260569260081
-0.37934779360954196
-0.4190877856485973
-0.8198132501650168
3.1587878250989028
