-0.32669910656783374
-0.3848075145702783
0.22713002643605146
0.22531882766032255
0.2750544299856077
-0.2069202697777621
0.08128631506417366
-0.17629121786793278
-0.21727915680005594
0.23251765520956047
0.289193258823372
0.16936702671207718
0.14298646419959443
0.1610299473297872
0.28781848693691825
0.0260948278059267
-0.3760194830082368
0.011777302590888217
-0.030883245528014525
0.17695267524499067
0.19602973646031574
0.10663754433959372
-0.02790590838376883
0.1893730353860298
-0.34471488182948473
0.002401344944972548
0.1553607080800299
0.25376174092913906
0.29757142728563213
0.22733978680293626
0.10143322171303246
-0.10547364089152628
-0.5609000627116295
0.2400669469846995
0.1306350281119249
0.23888981364633155
0.3616190239048066
-0.03602266065123849
0.09170729981624992
0.005726796227628644
-0.47370247928910497
0.21797991141538087
0.26844440210958787
0.1613305990774575
0.1355048372284147
0.058107754642889586
0.03216656115240146
-0.055017310766766386
-0.30032116160674305
-0.14911187159388384
0.21241419119643312
0.1518228738113812
0.035144582309930866
0.07652282503816976
0.18838522333078345
0.02810440201883216
0.31592656870199604
-0.29764888294080294
-0.06994015022671637
-0.06310331388925311
0.20803071063314515
0.41494080128559313
0.4277736631369059
0.22034627421029226
0.7275396434030985
-0.21393038195412933
-0.18754515207459052
0.3662181436047808
0.5303852722996171
0.5624821863465337
0.7221644738741424
-0.028012568959061124
0.759618815992879
0.06507234322161629
0.03730734363726407
0.03038925559027974
0.4086337430255449
0.6713718343738446
0.44676649265356966
0.29027257762146164
0.25052769756924453
0.10397582597664462
-0.1693622373617355
-0.2260723895710992
0.21675048962580531
0.21214005997186386
0.2708392822110946
0.7056002188967105
0.11336679397494237
-0.03056438926381333
-0.17845767400534085
-0.2970992339300401
-0.027267823444899864
-0.07260040902313886
0.15353725775108948
0.6120936875340066
-0.06017834603414107
-0.23660090048060378
-0.08694209929137311
-0.44638041234915515
-0.1624640429217621
-0.2947106471687268
0.23164018186153795
0.5191121788259948
0.3780351448412415
-0.09437762216570672
0.038114940061855646
-0.4591917184669932
-0.3321024180120145
-0.4224357469600484
0.11185291174433054
0.42750877088208583
0.21112069298618974
-0.2187071563709102
-0.050908581944486164
-0.25971717801573935
-0.6689580008747548
-0.24816221996127852
-0.5276001667865673
-0.022944045210606778
-0.1869658133411064
0.062184295596818914
-0.3013005899828044
-0.5372295133636211
-0.5964913691103612
-0.4430148511614558
-0.10529948995733873
0.22252610820656363
0.20608595518609737
0.10135604307689194
-0.3226653954794263
-0.47290648820931636
-0.5569008255165049
-0.8742772953267572
-0.6440649463954082
-0.4869875054164716
-0.04189617670196824
-0.09613007473597962
-0.42493242319039515
-0.17328412147297484
-0.3954561861244368
-0.4209365734039908
-0.4169848933066661
-0.36811241973757514
-0.026948817727154545
-0.19765828002692676
-0.26804602073504485
-0.2602389717777872
-0.16177321956795782
-0.17310301148407267
-0.598988565641848
-0.2222530993240362
0.08616388131696215
-0.141370510431297
-0.3297651285606348
-0.28006670863763405
-0.36425268793826016
-0.17804574521296263
-0.2206041615660122
-0.2621995386048165
-0.01034804549630991
-0.1758533931847686
-0.21098959287640107
-0.0798440979733063
-0.2198421823539301
-0.6502004222163476
-0.43197356521137376
-0.3911873588883217
0.07543425676327305
-0.24848806277975022
-0.3323435292350096
-0.2997581572709953
-0.4160867138337457
-0.04179156339956604
-0.3983128841547711
-0.7192270059852852
-0.270996363168976
-0.08582732986189845
0.022618065826251754
-0.09840535067692019
-0.05050145586692367
-0.10577291548729512
-0.25680321571382947
-0.9820753760357126
-0.16044077520637112
-0.07855982269251727
0.08643198126381405
0.05296038880140008
-0.17288577033883368
-0.021149207500283707
-0.16977591954603766
-0.33648844321404714
-0.328341655795505
-0.07795862491345049
-0.0004907682927501045
0.24346913966310973
-0.04239465754312949
0.03705087463641171
0.08640055921858353
0.5213142214072899
-0.28262464307445057
0.13727246238129742
0.1389786230490475
0.16794004475775487
0.1881789731550952
0.0216565987462575
0.09424910329040681
0.8432061727132286
-0.10637763149657131
0.2837208322026099
0.34908148353670065
0.1370344069033467
-0.20228815191771865
0.02316694352076093
0.43658320559317065
0.8558241735839827
-0.1717468787097265
0.3495305183971838
0.3491005597061979
0.3867610235440766
0.15338011924468326
0.38975245298100447
0.6960040547960438
0.7645784667381277
0.0983498663524856
0.3493562814094042
0.3589669656530342
0.5713053352286397
0.163417021774553
0.3982826471650631
0.4386476327505669
0.4957342516766688
0.2801747268100953
0.4179731887265979
0.6666085171522627
0.24420423713450967
0.38500529728518934
0.36702050292009647
0.44386281912848013
0.3945674074712244
0.47505403502014204
0.42517183353750737
0.5291659850850885
0.375038358496659
0.592880783152762
0.29906346776396253
0.33884522491086994
-0.010363636502041305
0.4284702953243121
0.7509456906523333
0.6174455273717008
0.7768240426933588
0.6292320175570639
0.3155626636423643
0.13907484635813683
-0.34023883685143447
-0.3497056103244967
-0.1939724525322991
-0.3350086587751361
0.06620255475122028
0.2757589076451483
0.11700111762984144
0.39040043775591804
-0.20523683316822927
-0.4443053523816776
-0.09001160748892134
0.05035760317675991
-0.023504664352228147
-0.0009376663475385849
0.2594126811836482
0.057722607243629154
-0.15365487411547166
-0.5108857826448496
-0.5178455810451946
0.037657521389669206
0.25046096344694246
0.11154416079095827
0.2796629790244798
0.0334837123246661
-0.015620982231139363
-0.5461897615653611
-0.14429939924513668
0.1450392281543133
0.053841591121450955
0.29350667781067685
-0.031232239293022046
-0.06593615613469181
-0.08767760045561468
-0.42225447674286576
-0.296902812499826
0.14055642555564157
0.3954733907258552
0.13386288931085544
0.09363003359312894
-0.16599411997866595
0.19250929570223507
-0.4637147778235943
-0.022825299592645426
0.041237343052274916
0.3079408376446385
0.032358851120606325
-0.051642369909107866
-0.2522545606357088
0.13176556943622877
0.062183532973438274
-0.26674136471665405
-0.02559534577644179
-0.2896060635348333
-0.48889553553422055
-0.3494371418906377
-0.35881576243630026
-0.6413519496336955
0.881701023888155
-0.07250889253811266
-0.7733889135299586
-1.2151466518105778
-0.3978954511157773
-0.5343016470734817
-0.13583618856464247
-1.2205992041949587
1.4640863509625728
0.017982655131090097
-1.3447288431480056
-1.1374866098198924
-1.1904953075661875
-0.876393725168207
-0.568442710233716
-0.3969916477510967
1.9376345444093506
0.8076925975891163
-0.11372103472188583
-0.7132923130432851
-0.7010191230359816
-0.46184999168277097
-0.00888037269458214
-0.2206441434564346
0.6925284740259678
0.10650325769420704
0.12291448671410088
0.13382157513120904
0.16287240062685399
-0.12494419376678995
-0.018052055825765467
0.11276545487125261
0.02575172154216146
-0.15818341245512813
0.23013113513012412
0.19626759624301526
0.1743177545699532
0.0036621400276655725
-0.1654963865952616
-0.21661026947405726
-0.2832638981020476
0.06468230917631962
0.3035466617398553
0.22221144159226536
0.09407556972735376
0.3701470917333288
-0.1495851324149608
-0.16264504236737815
-0.3252620203941979
0.04381002154316016
0.05791622008328065
0.44329574605546407
0.21068665818947643
0.19980447261973922
-0.020950510718988458
0.050389436410639865
-0.23408701933138354
0.1532202765879187
0.10191200445396759
0.3634780307991806
0.3563295326943953
0.21681025509980958
0.22106209738153282
-0.25874657957467967
-0.2954708717939923
-0.20639695810461423
0.13148777044453033
0.33793939939706064
0.509005100534989
0.7489985142339006
0.5945305043968796
-0.16029666281832816
-0.3490984071566995
-0.25230767194348025
-0.5927680704887021
-0.5656070578224335
-0.35916805000948826
-0.25799634300680185
-0.415442531437225
-0.270406212174246
-0.18066403684218987
-0.3219794488622342
-0.13027165662875212
-0.24522889648807744
-0.42436004329222066
-0.08614159718391612
-0.4891020940421156
-0.1933119243521923
0.0628830425870967
-0.14560659279729046
0.08458201067536786
0.001860242402506207
-0.07424908443075054
-0.3765469472027744
-0.33677590441477373
-0.43671723520603306
-0.48857101856246554
-0.32833353253789366
-0.3667228012869942
-0.11567766385603778
-0.12867282335003813
-0.2070722890394185
-0.24459841842126503
-0.4101085255505857
-0.4781019356504821
-0.49136091878720145
-0.45728059542302624
-0.3366923267214965
-0.19951616906151487
-0.054533086324193514
-0.26558062486737666
-0.3122794408826899
-0.750625032665327
-0.22329422010285505
-0.20260759010305263
-0.15771000668252383
-0.21508170757189093
0.14782594635093801
0.19306763663758572
0.049448495252121916
-0.8515035693571787
-0.3974927926130169
-0.33026672446450317
-0.06177015893661719
0.13754614250222308
-0.019261001390830146
0.4410302177257682
0.20590590362703637
-0.8698670225248549
-0.30329606983638147
-0.42399656251491913
-0.02802735434242956
0.1593100811437842
0.27337420365520265
-0.008373887124074164
0.28676917069699426
-0.3406506555860382
-0.07602087941253144
0.17777917553687378
0.05478359047698106
0.14676055843259195
0.3914284391434601
-0.11326971577783851
0.41588890182292226
-0.020386245197129504
0.07582349173184806
0.11237693809460617
0.038590803103263405
0.28880058946945686
0.18947733894263014
0.31344754521672524
0.2317416380488111
0.30399678653658946
0.0793971048788028
-0.06463228464260051
0.05696909765482694
0.5771875475008119
0.30038064390226576
0.4398544402876275
0.10377852723740161
0.5040583182870964
0.3937950685931658
0.2751439586080039
0.1914926996056558
0.41736791178518295
0.6591212760611066
0.3989723604925889
0.06246349215265751
0.47100435600038426
0.5345394151435929
0.2367044643603058
0.31672881251385615
0.21373160213973225
0.3087769739209436
0.4235628160115522
0.5006512870564438
0.4944956583006776
0.4436528834009503
0.43370213529892
0.16170232105399018
0.3144211242542973
0.6125358158625569
0.34941787975734234
0.42949419758751717
0.27396258846828975
0.48594607019909697
0.3709740678808705
0.3483750683855242
0.3442142921315507
0.24039865744989003
0.45360605056312026
0.44635317366082133
0.27748515165662235
0.4226502114671772
0.7298206936059708
0.7558420478860219
0.40455582258934814
-0.05896293648575262
0.2345292032925659
0.5976187407792
-0.47046874055866705
-0.2884868683039161
-0.08006347115439177
0.16686736715662226
-0.1199310207061692
0.04564390429408316
0.4562943826647301
0.18840496167059023
-0.37309976013373153
-0.09520231627950654
-0.16111557609673868
0.31794435647033825
0.16958657557451323
-0.02762978770834873
-0.046456131150598434
0.0028097643313166887
-0.24316102030345257
0.11622693325634109
-0.045582953224171885
0.09358986792344598
0.2251156672777628
0.025469841961272666
0.27585721819888087
0.06298416225240488
-0.28851045598674857
0.15277152558360754
0.3085429357071462
0.16366568076820143
0.15543387269808878
0.2641311021187143
-0.07554902309329775
0.20802573040323444
-0.26810661111840495
0.3022548048543555
0.1227018443217407
0.3629530774507066
0.3043423555595254
0.15121578414768339
0.12583287899196569
0.4802304144787639
0.3149854903679456
0.36196929325282984
0.36843548888014277
0.11911818959139625
0.10398972442641913
0.10726045501617631
0.16221068515161774
0.2980450741985736
0.46077620261288177
0.5613065507808457
0.31802434569029475
0.2920078671851891
0.18626104737612786
0.11123454310396816
0.04418651186031586
0.39097340683577
0.9091697773032671
0.5713447539131448
0.3202592165503974
-0.03688444109389178
0.20407094378560325
0.21699713919513558
0.2542307967579959
-0.4185597280490748
1.041074443979701
0.6966853581819544
0.35767100440473387
0.010664647577076459
0.02161130975724597
-0.13079122883059713
-0.46732213869042993
-0.7950030146892699
0.7738230302869225
0.416355478686125
0.23167264804592003
-0.25950977234033323
-0.4546356995163743
-0.6416807195028894
-0.6031997382752916
-0.39990829546499135
0.36780631465274716
0.18431095101973138
0.1754011153795193
-0.026698383130905
0.028507669164871074
-0.21505681357294404
-0.15728392890947474
-0.11575151663875508
-0.34389090316208504
-0.16767587028973785
0.06851612849507721
0.2729860451362442
0.030590033771584743
-0.0072994277296547505
-0.1364216680669319
-0.22852214426525336
-0.3252843677843903
0.0012346676230596265
-0.033075925908237214
0.13443414896143369
0.16378860763300235
0.11933130895506014
-0.12679676187531802
-0.060479107984714175
-0.5150424893086747
-0.048661867976505846
-0.08190229393985698
0.14145436407399808
0.4372718088203197
0.10828533367876814
0.09257977349660426
-0.03374856264279141
-0.23623883834770232
0.1309779142416257
0.19151595573861685
0.19699094638235587
-0.11709895025454709
0.35590580881037315
0.12451257165391484
-0.11109416854037557
-0.3544587483552517
-0.3708210436642827
-0.14587663498654288
0.2555318314738509
0.35921736565600565
0.2678098450161876
0.26765083671380047
0.6515224081708408
-0.25561642564890685
0.1612810597399707
0.3533069458886359
0.47955778714902303
1.0021475404079698
0.9955117061173548
0.8526939063096455
0.5917767358287185
0.08478050300928752
0.06722789603220419
0.3912423528284209
0.15389429212107608
0.4937221086872768
0.6827348236616284
0.7877616178503786
0.9462906397574886
0.13044003328299061
-0.057584631381747076
0.14921135233757765
0.3533897866314171
0.3823739941590841
0.40066314521300034
0.7814451811618831
0.45802297322710395
0.06130920348676259
-0.00687333582639732
0.04666197213096723
0.43282165716112053
0.2646244566654887
0.35296486184327147
0.5614037124491773
0.517236245639892
-0.2892731549031503
-0.14694867103713657
0.1381141266902795
0.23970059915503494
0.05273256471983884
-0.216264912420358
0.07189358979481442
0.23387739139827587
0.10711206022420106
0.2430148920358025
0.02829191479999338
-0.2781325808366715
-0.32178791022040576
-0.959371258317268
-0.5552326946005817
0.039510227968395754
-0.032081088474286146
0.05635130452841586
0.09875075164154296
-0.06903776821442831
-0.27501618641082415
-0.5625298883000638
-0.5399332771610162
-0.3469031625627862
-0.05361217595046361
0.3480369277754155
0.33988955547412325
0.49875190587567664
0.1927709009698006
0.10797995260030496
-0.3751796587110375
-0.408489051470304
0.5268042158076063
0.5447408601096101
0.3915591509886086
0.2226642170361635
0.21840030575284264
0.10292534124023223
-0.06833102877445063
-0.4265305101028971
0.17909666073576824
0.44747672553113493
0.10461419556974444
0.3668128785742442
0.29330309160698986
0.07966307412868366
-0.5555991075821805
-0.8276992010452162
-0.2763770095149269
0.2610926191257352
0.3928525751520108
0.13036381466037916
0.2523297239449646
0.13644247888170885
-0.3709690243570036
-0.6958563835072111
-0.10655226473145316
-0.05961935868048107
0.101163545968989
0.23468245366787555
-0.07805403025948408
-0.1607618220752654
-0.31667333980170853
-0.4585808736423104
-0.7188789719312991
-0.2623573307427076
-0.4405343985902166
-0.034235894458617376
0.1779278010615955
-0.2539401878278365
-0.5743462618836696
-0.46230749936407933
-0.3549414117226764
-0.6598447138423207
-0.4281285807969353
0.09876146915541412
-0.024246378771985627
-0.39284623941795094
-0.44336515853698616
-0.4568355561822106
-0.47806982489902894
-0.32909581989477743
-0.5259543068029914
-0.21458652362120073
-0.27662238711849374
-0.08573103185589073
-0.14405581108632054
-0.4824276363659803
-0.8417708188804426
-0.7825893971412243
-0.4232051723851112
-0.564755560832086
-0.40701347613981526
-0.46216863816156434
-0.2691340848199902
-0.3641717246009504
-0.31603223911565925
-0.11965990068220206
0.22969275676811815
0.28395101716330906
0.4870702419909697
0.27400584692456376
0.23292757001224995
0.23277398425923454
0.17894943613151043
0.3459994042015474
0.3867899567680234
0.25429310959762547
0.15553455673508804
0.08377853631542934
0.1579000568189655
0.46807441090716245
0.04464406773852575
0.26769237923145267
0.38815249087810344
0.2869029232596707
0.280704619382361
0.2176043720159947
0.15425759981852227
0.08844591432856522
0.44704246960252986
0.2457155835917954
0.4550422160105224
0.5562423802584088
0.1668119173416901
0.17199415255926337
0.12854917916901043
0.03841593497294987
0.23667688347036187
0.3426501655941636
0.41388833508010475
0.3578313488058736
0.5185040897862836
0.5076785379078688
0.024018488437144214
0.08160541426129796
-0.1625737697055671
0.1745558081993696
0.3597928821437437
0.16893486098828403
0.32871932284135863
0.4345390327266759
0.47474203766448475
0.1679717397599474
-0.09313110981403921
0.15272762771571338
-0.15211160506446003
-0.019514663035021168
0.07984435591363954
0.2359166343043197
0.4492998807457936
0.2902179842501551
-0.795228839947581
-0.28229238033300214
-0.29707236218347205
-0.03291743999390814
-0.07899964603654146
-0.03948971818603741
0.20382276707759073
0.09776448107207275
-0.5483055998245405
-0.7193625712716687
0.16201551297135883
-0.48084998136266954
0.00751423659711789
0.35759148564638354
0.28975082082508063
0.2958262673325613
-0.3119483176640899
-0.6127588485691966
-0.2239947203258827
0.13834678143555607
0.1128978056888012
0.3952417492463882
0.3160804765595416
0.4265680255980968
0.13524060883163747
-0.3071543043043269
-0.30748748580327795
-0.36496402935448446
0.06227924941669727
-0.05535677543640222
0.336219751405338
0.34367260358336954
0.10757560539754846
-0.007557260744609662
-0.3093079630410679
-0.023158871581103635
-0.27257528010675824
0.12621630750660923
0.19036892602182978
0.3112822354808418
0.04061144735659378
0.06591017976873742
0.018425683687116057
0.10116941332413576
-0.006148342539125107
-0.08272278617744411
-0.16754925168832385
0.2021935752118147
0.07067337250195044
-0.006733279982702733
-0.035810113504082364
0.06930427070563405
0.0853939983257393
-0.19730234434338773
0.17045451100577885
0.1875607290639101
-0.011025156565354632
0.20617724866289117
0.033723557814345495
0.15995248545178092
0.08957152963386243
-0.22254896181468392
-0.16824572567561064
-0.03943906131674163
-0.034599513353526484
0.058209321002006625
0.1603058866690774
0.4463231649004365
0.22744415424307282
-0.18419933544582487
-0.06628893740640585
-0.05429910120146286
0.0672236868434768
0.16383553040744817
-0.09823796357495351
0.05051337824364355
-0.1480813129806636
-0.444352520412074
-0.2959686771754402
0.2183210928781028
-0.030421374821772956
-0.030162849949121606
-0.0025784214849108866
-0.08654291920479418
-0.32416704864920876
-0.013868407435971175
-0.486064452633428
-0.25155685986994314
0.005582361729521312
0.10781273857152171
-0.37200622361067226
-0.071409198998623
-0.4343007036188899
-0.24840282438428885
-0.23510887405427394
-0.04433150603385283
0.23335673224936837
-0.43306807653704804
-0.3122556589739405
-0.3484850762958992
-0.38213170674241037
-0.1830380989514885
-0.40978211435948475
-0.09783875879709557
0.26412490185701076
-0.16516958213179012
-0.3275220454145041
-0.5756510190838509
-0.6075250786619223
-0.6511210044385449
-0.5978891538254523
-0.3511252392321246
-0.21091153238244564
-0.11775416572292902
-0.18017669312937523
-0.4216781855014977
-0.37110033741760995
-0.4796616934703537
-0.4508894960022246
-0.5344944874551284
-0.15915964304246116
-0.10566618033411679
-0.08373572216265496
-0.05828103973080501
-0.4560480460168145
-0.478477665878669
-0.20291667126133528
-0.4448208691286146
0.2663652094553267
-0.01646804190784923
0.04914123128377924
0.033453392614018695
0.07759120363439201
-0.11022019334363237
0.15268871530603012
-0.15415184864495549
-0.09141016586605977
0.047103001461939686
0.12991981859337615
0.2772288924108831
0.009907463125505389
-0.11316212961493227
0.42846426712224456
0.08200301483617112
-0.145848366863492
0.2092476357409596
0.4698913075047373
0.10034311964016501
0.12875255625876683
-0.08732559515699408
0.17316562918342485
0.18960319067689835
-0.1999399590635414
0.30211790258819926
0.5131857398244
0.1517634152616342
0.28109160406497935
0.27452941598017006
0.5579565682818451
0.3843181191472027
0.05715253506208099
0.6434569598783613
0.48212274565292507
0.37039426024724054
0.26128035272327965
0.19938651297816515
0.4576846152280559
0.5754419250080939
0.100507160449819
0.4851204500373132
0.44998476508378227
0.23268831954662472
0.1114645751287372
0.06311047865508057
0.5397823613511799
0.6228699418759289
0.5641470875545115
0.5007307212556663
0.4987679756766237
0.2829112488708052
-0.3740524480909465
0.1545894872778879
0.5037008041002845
0.5772451379398706
0.43180104155222765
0.28911567568670754
0.402149728248899
0.05963069742194099
-0.7597656139628663
0.3704373453603308
0.49438818682594027
0.5114439471835135
0.22184423507310558
0.6483034531812895
0.3187716736708589
-0.8778764939629409
-1.1443276975618466
0.7648790503807867
0.667472391732393
0.6940217326886086
0.5158174325471852
1.0382008656449453
1.0890905897180279
0.5235296086741975
0.45972872140833254
0.6417520575961814
0.516074013919538
0.3393598593359669
0.15997484321201183
-0.07322245447471176
0.2514204333082206
0.17491424242611103
0.3973474820438163
0.14857042384004318
0.14094413085738272
-0.15985652123578986
-0.2572562874952036
-0.2728674360964974
-0.43853031087718164
-0.3487192464173081
0.11228047851594554
-0.14062759624407736
-0.2812507368120347
-0.27882588073253234
-0.579115327383961
-0.7588622988442822
-0.9739816658089837
-1.0056684328225796
-0.8550232115569824
-0.8835389145565811
-0.7217820505505473
-0.3728677616551763
-0.6428712434416858
-0.9581110187273405
-0.8439812118128004
-0.4690325549505492
-0.5415106077426785
-0.40129470132846284
-0.20322250691686067
0.06594952428677818
-1.1804186679121762
-1.2595942636774669
-0.22604153357504875
0.16016520341737597
-0.008391092244173962
-0.4245165362098089
-0.35151518105692636
-0.4559550677918744
-0.3607773616046722
-0.11955751933286415
-0.07809157006224704
-0.17044773042967354
-0.09864360544773812
-0.1298653435271056
-0.8099640364257114
-0.6887383087248216
-0.044007796884715955
0.05108276667767489
-0.1886415080362322
0.03740907992260584
0.23308384347606792
-0.17890147417985214
-0.43322060881345903
-0.6603822337324933
-0.3050621696746546
-0.4769095865554561
0.0599270474839862
0.23620297573171817
0.06561612428683786
-0.1977962857593989
-0.18827126007801373
0.028714190342852414
-0.35499421334469167
-0.23916314844019376
-0.008810136655632017
-0.009162266448138421
0.3706898607859835
0.18623279786712704
-0.12859375198456338
-0.22925294460057088
0.019830509496272408
0.13899595174977666
0.24537619587948073
0.3977841782017914
0.2806737009559304
-0.014361393199280037
-0.3995870086812504
-0.2641578606266459
0.1029243559749689
0.3524466802198155
0.16321914890407385
0.420156281860003
0.35303556840879824
0.183890115873778
-0.12309914377193276
-0.07446788520174508
0.14187326583092352
0.22627840409474798
0.39874855725531355
0.6727139930969621
0.4687063576934475
0.25188163695717175
0.5255816088587485
-0.003554678633601094
0.05911526861345984
0.32308697671916753
0.3862119942784233
0.4302501260692823
0.47741127829552743
0.34283674001149184
-0.06868845351219587
0.2252147737203412
0.04020810794826152
-0.004005356804677895
0.1333638007776999
0.3951166010669521
0.5832493247985331
0.4978749084816365
0.22796630280092312
0.44695400724175166
0.35646776944806047
-0.030482444369997752
0.29279517863986004
0.10654664513235088
0.6228613698026464
0.17767229768567405
0.2760084876097728
0.46403788589964473
-0.01963883140554301
-0.050317054829666086
0.09856730599064945
0.17513803834039804
-0.1415612236739603
-0.05249102408104611
-0.11730183341681921
0.09458494873328993
-0.07458865712339444
-0.27662997278876184
-0.1982025653289159
-0.42120175237727775
-0.30310229896882446
-0.22116450405291488
-0.2611875684090628
-0.11982424032486672
-0.37902497874604324
-0.47965300084570883
-0.3665245926589154
-0.42768364975445516
-0.31490892926744213
-0.5054102391799536
-0.3063074791129818
-0.15553540649500563
-0.262514792995358
-0.2511559601207697
-0.2798278846670503
-0.1308362990220555
-0.33070986226957444
-0.045069175731927834
0.14658931288552302
-0.12401718124477878
-0.21432795171835006
-0.20293577641034888
-0.16217363564272694
0.06187500713794125
0.040878005632687564
0.13542649025751835
-0.13677407401561714
-0.32139008005267344
-0.2564561365178323
-0.226618318780167
-0.19717646927762544
-0.019716757821373443
0.0775355699080269
-0.08809558379401061
-0.09621157473231547
-0.08644444054055765
-0.46938155678907667
-0.4073388460973745
-0.2422898009364452
0.1450189943849317
0.11563233678918272
0.10052813070527122
-0.09188786383431485
0.04957022624332297
-0.4472632719559259
-0.4189694197126832
-0.4209789162073482
-0.13551083545950138
0.10493210126640415
0.09482555553349442
0.02377609405150688
-0.028741458107337758
-0.42319920656163945
-0.4650545106089954
-0.5802251536537532
-0.1478951506702713
0.0948807264475981
0.1463386316750735
0.22427932279817728
0.0231060782675879
-0.44672244891522095
-0.42497881256317427
-0.45622330722998006
-0.13546999524655978
-0.0196201798259677
0.09381082715620266
0.23405544580510235
0.18117615636791068
-0.09587829884906643
-0.15731727978155152
-0.22909550083581554
-0.2881455158134628
-0.06842854877232957
0.08700447329132582
0.0373631271414749
0.20731925722956024
0.1919254178063941
-0.06680561979902849
-0.23472711735213603
-0.2177297652375405
-0.07852969876708513
0.27775879702356276
0.2215678057973972
0.482066648982983
0.03951117693111729
0.09637537053452028
0.13398818138932866
-0.22022293558439543
0.05529351097565255
0.3364048078426519
0.3721090520586519
0.305182292874117
0.14485759532970766
0.13522606949437488
0.1379993552879777
-0.026481208090507552
-0.07331031105545838
-0.028525439063729008
0.20271096415993872
0.33039549188728784
0.059950442165256926
0.17058204373245162
0.3833234766151511
0.659533498159991
0.6663059713949022
0.3364047239488776
0.503458106031833
0.3015056700690433
-0.04270433693523426
0.08262288587528893
0.633724122508424
0.8945820002412797
0.8542884285808549
0.490584287125894
0.35408419696529286
-0.049267492594851595
0.12898531394562346
0.10255292291597123
0.0878900561709769
-0.10170817472174898
-0.38374436748207985
-0.6671835159239021
-0.5329951224372774
-0.8069471723428718
-0.1347540836610679
-0.10531253899537718
-0.1955995605031366
-0.19125011683420184
-0.21313629736235895
-0.6129107529544271
-0.43423932795861103
-0.37492400877833765
0.3440497825435458
-0.16865560198505952
-0.21436482259086506
-0.2479117340967425
-0.5403618852884331
-0.44905165064702623
-0.09957074654200904
-0.41726805694404945
0.11382423307468714
-0.10302660399699803
-0.1525559889817164
-0.38666380276205103
-0.25653994045903544
-0.0005002078663309817
-0.3205708138920268
-0.658896303845064
0.38252717845127054
-0.09488637464096566
-0.5193649507228484
-0.24616600043878284
-0.004451742133944392
-0.17910195576366136
-0.38069550113325856
-0.7895615760456234
0.03842947454897283
-0.00581469196808887
-0.03636291679028081
-0.148357942160804
-0.30163212904592285
-0.11504812851114399
-0.12381618372811631
-0.18014105126723035
0.016764098632696824
0.10848999052249997
0.2894525156057812
0.13277170945439676
0.041493116867453994
0.07357223982264188
0.04795943621213572
-0.26329206647352427
0.09613823570213603
0.27521076998363597
0.2810425217972112
0.07488690069691561
-0.2654972011670169
-0.14611375179026806
0.025153899114220335
-0.2288367238856336
-0.08858316967641838
0.358592046234683
0.6563483352008032
0.07434885982272904
0.11771560890319549
-0.029971703263547936
-0.12790117498824238
-0.6340906099531823
0.16143523311883862
0.6089922755891897
0.46581829625897264
0.2655991039464842
0.09882937041397441
-0.06245316004509727
-0.16070800943490618
-0.7488767218011898
0.2524467131109481
0.36472429036225157
0.38887698968618717
0.35977078183567535
0.1707857020896951
0.2246869304782642
-0.189120226406227
-0.5204775409461933
-0.11191628750501503
0.5621662708728452
0.5254201390877833
0.36700084043085024
0.38911491583593166
0.11340862709450905
-0.07770864156874555
-0.3771783161619481
0.5973443288263955
0.20911164564931728
0.31141121181962444
0.31427781520861947
0.13151793216197516
0.07316385887657734
0.11340556334316254
0.16301570750556474
0.2949162262305243
0.5073208121286761
0.2011137686584239
0.11737601845666198
0.44035234922903466
0.3105204288158723
0.03342331106057887
0.24782764337875188
0.9511384102358315
0.124467518169455
0.07174568534798229
0.27949890019268797
0.147455296511514
0.19096805835505062
0.31767997695553646
0.3749238544979026
0.39764783885925836
0.7243213024471279
0.14411952233121544
-0.3286988109906756
-0.460920237740045
0.08705236410470454
-0.01736313055775962
0.20457309493348208
0.7799678535107388
0.3057882910482615
0.5932256263061284
-0.053178158839584655
-0.08992372621720979
0.002636518510855501
-0.4059877570170228
-0.11012652322225741
0.10953844077327096
0.04270044807588114
-0.04937522330086519
0.19464838186631728
0.24645912463278302
0.10457133631263972
0.10705300822155145
-0.16439397899370747
0.13108564603215772
-0.07081623509784532
0.2758477262719297
0.20302526159626774
0.3091380386727391
-0.11843383704015928
-0.12022028957959563
-0.2545293521706424
-0.003422907489310942
-0.07474141086465796
0.10856055742104127
0.48350219639659703
0.22844959023574501
-0.14919747967753139
-0.13250930353162774
-0.4040141589011136
0.0002898031025235226
-0.05603061860703229
0.026104250142327534
0.14205815957680015
0.027922409984135227
-0.1899056512159355
0.041112336518328824
-0.8590933158045437
0.08830910394978851
-0.04150600575262997
0.039536466669157874
0.425391095997222
0.3614518345887233
-0.15900957233146384
-0.2794453081476642
-0.9707439928127236
-0.6502877685535816
-0.2557111488874343
-0.018988544631514948
0.0698048596689836
0.3139918414610928
-0.17080569749073615
-0.7470600363754086
-0.8827866418531466
-0.2326114065117495
0.03882777996275949
-0.26888496223480707
0.1257583696706635
0.32060935495721116
-0.7142989123446518
-0.8063796646830694
-0.5639569539650383
-0.11028339474110738
-0.17070493703255785
-0.1800832479418023
0.3335751097755616
0.09941084654662238
-0.6696459459002976
-0.7285490098031557
-0.6276029015228394
-0.006638551340829385
-0.37134429820694004
-0.21144548591328727
0.10156378245407485
0.07219152686392444
-0.30404580147001314
-0.7520617561601294
-0.11138032023212305
-0.18367101627774507
-0.6189629056356739
-0.3372802272739216
0.20481208241748697
0.1489395131475371
-0.4478375782691558
-0.531493931683659
-0.10510438274851702
0.3979533758851999
0.1380367195365076
0.1901355532155485
0.3387427011266291
-0.00376458456172854
-0.18572554846859762
-0.4908027774170919
-0.09076191139088552
0.3987460344314219
0.26404416991737534
0.250029387505736
0.48234190244504593
0.3431195473087776
0.10905949117445213
-0.07335799974704554
-0.589274977635043
0.268159585048365
0.010410970481056658
-0.13848785797412572
0.2628941089980368
0.3224876829911907
-0.1561666367771041
-0.1745831562182411
-0.260964744817047
0.40083085855638984
-0.06978151306918645
0.4615866487446262
0.2062541717713215
0.22959849864060805
0.40066789478513815
-0.07231541423642845
-0.07708048806528991
0.19493693909247461
0.48258584598302934
0.26200656227441094
0.037592486787808146
0.64432244338841
0.40833332243645803
0.4066073483597378
0.021368423208006082
-0.10248177762720911
-0.193910948280922
-0.10160946958392819
-0.1883507918908154
-0.26659112730743967
-0.21733576213978462
-0.25604532702498595
-0.16136079964617123
-0.09719780197291611
-0.18804020848849384
-0.17238290557665548
-0.18510632291007034
-0.2630932351870417
-0.3784208922588964
-0.3101649575651791
-0.18268700479852135
-0.19846736772647505
0.14182393277178879
0.03271790379197387
-0.2178634422576584
-0.2215950466541904
-0.2909529618786122
-0.19417550268747474
0.026078061681654635
0.061776745699240576
-0.06091567627151989
-0.01507811949816057
-0.1951672933003551
-0.20790027092317442
-0.15135595050619127
0.26576808674002383
0.14590927290867778
0.22096821692153154
0.28370285512744164
0.2618189918805408
-0.20800751627541925
-0.05999694055804629
0.06757868948892984
0.18079359983789878
0.07529869215036822
0.2379015695608538
0.3523620107950972
0.2430437233470043
-0.01073331834739856
0.23314502956567237
0.07516013570673252
0.5859279880946396
0.12087100618578583
0.6387763255388401
0.29424223250798714
0.3800426668196414
0.13835118441657998
0.21995437405954701
0.553118063555665
0.44957825882444424
0.4187048158716611
0.1524171059283117
0.24945039571725855
0.6261761550695625
0.35920320388227783
0.494294416549271
0.4790091379090693
0.7087360826754985
0.6649133356489323
0.07081635500349534
0.22717696340974586
-0.10974060511635836
0.5457320253259917
0.5803884208006159
0.15692319593819393
0.3371838984994614
0.4235010491494962
0.37279802463280365
-0.19699333126858687
-0.7117176942305854
-0.043048192068026014
0.21255921518144213
-0.5157930974773532
-0.5546232118894528
0.2520392773986117
0.26981499276042675
-0.5185812317977799
-0.8565250535699329
-0.1965307531598581
-0.24320176424897633
-0.6708048554825163
-0.3452427091938335
0.05325481616257635
0.3834284092134846
-0.6153709152279682
-0.9291914618183919
-0.41739877345317844
-0.4361370371580138
-0.5332095520584141
-0.5685410420259722
0.11284798326006917
0.020764838667972588
-0.3342165440465555
-0.8278685166358233
-0.5884145292554146
-0.4797350651465716
-0.25398326679220073
-0.3086971934363244
-0.09705567118875036
-0.02412716144550886
-0.33160506723804306
-0.6033943726477398
-0.48392623656839273
-0.28986002978540815
-0.1759917407295199
-0.24048650456349155
-0.002184688962871259
-0.10053815101945524
-0.28349771761944637
-0.36487758921213514
-0.309523979250237
-0.19213456808658608
-0.2756629341598371
-0.18466363663429142
-0.3300326359265446
-0.08196230539802107
-0.1745983369211892
-0.1867312060990916
-0.2800414542466546
-0.2334834322848197
-0.13491299464990286
-0.1284165486952667
-0.13555788351160375
0.12415989193597937
-0.09416898828177933
-0.09377168292052329
-0.06601627150646538
-0.1363758494989552
-0.03631625151464429
-0.5677265921072975
-0.3008773710851382
-0.08610391741480589
0.14983160901843823
-0.020977579067810337
-0.13262811992312062
0.06493546775426554
-0.06984871022341221
-0.1691651726973649
0.07416862873691366
0.32609064325985326
-0.21320779362864462
0.21242533244408962
-0.053677628193156135
0.1960333739419321
-0.07108282312043779
-0.3258658265508759
-0.09529114135855435
-0.0637022247953547
0.2739029682492191
0.066838195504736
0.05320823312484904
0.05872693446589705
0.055175251005054216
-0.25241549546374953
0.3588733648300771
0.13308856533670008
0.05750810848664631
0.05991777739949439
0.13124501368683417
0.18180872341178037
0.05601621324143852
-0.018129000757432123
0.3086572993483822
0.47666076880912256
0.1909262485526606
0.020393180632412633
0.007027979846775608
-0.003912175158947151
0.28461379402695797
0.07000449982659901
0.3014896438240593
0.5160170019598993
0.17862238516021406
0.21702422847890854
-0.17211716759070206
-0.06182814065852266
0.08260938758774311
0.1909833512025524
0.4519956864308858
0.39268840904884156
0.6078392148054126
0.19523375525131154
-0.02309060645362676
-0.6724614154656862
-0.10304281080562394
0.5988487419336304
0.8052227493339977
0.2630537396817603
0.7136668627387923
0.397802669151495
-0.08699541971254043
-0.6387603153568635
-0.13808774402733925
0.6290740773321115
0.28587966434464424
0.33934586466469513
0.3395216364403554
0.1337546541403285
-0.08121332732600761
-0.9325602934785162
0.19538800764565545
0.3170965974563514
0.5365318626840601
0.28028589238893364
0.20319877523991073
-0.016908944609716647
-0.5227053033833121
-0.934599509451144
-0.02647919190813003
0.12236792406202981
0.716403580131686
0.36169763282709244
-0.18128047663862912
-0.25393784431374067
-1.025399119154366
-1.0796320853380912
-0.006567860097020151
-0.020896520638109387
0.506171970878254
0.18610846219436916
-0.2702860996779213
-0.10116549261471885
-1.1518568009557155
-0.677318648057234
-0.31366255703291906
0.11697860542795552
0.2630030779311218
0.2689456697225946
-0.17456223084608524
-0.380906482518676
-1.563929026949595
-0.5838109084380841
-0.18904507788218916
-0.08196558188353892
0.39612358043423074
-0.06667030654226958
0.05866438094735535
-0.6152088326613226
-1.50530870425562
-1.0114409442230823
-0.2883267855007453
0.11005715896637774
0.02629473049977394
0.24590973396561622
0.023964619561764156
-0.6198196747315027
-1.1183982220153892
-0.9970443468573968
-0.5728678804204591
0.02726021215219865
0.13104558307027314
0.028328441314520114
0.038622382593496596
-0.24803410590295827
0.23476114564163678
0.15946929904267534
-0.040994803992199624
-0.09432122233372087
-0.2421529748019197
-0.4223111522633756
0.04642344745908476
0.26448956374600946
0.15176399019093678
0.14806113883986224
-0.14360704031974025
0.039056762750872526
-0.36756281495422266
-0.015976709208505746
-0.059588099498817354
0.09856260520402876
0.355043811013348
0.17532908760474217
0.1013013866669055
-0.16298299513945685
-0.217331491029378
-0.005920121113489385
0.34607140849645357
0.1139993077292602
0.4079499377808104
0.2554280145797308
0.040840081366024905
0.06648449212805041
-0.29670862390391173
-0.05639711773200823
0.1144683388696004
0.42364787782215446
0.25493440167666725
0.31012074838946196
0.18363142995796858
0.006698972829755012
0.10018549781758584
-0.13126479151450512
-0.02916656998793754
0.15316978602995987
0.33919306655395826
0.3413838200965508
0.35588987438006536
0.11179202208161383
0.436674634999827
-0.12722933961593014
0.1046190018111611
0.04466827251308131
-0.025481940887641052
-0.12715359845332186
0.025047907066022612
0.32127450061592233
0.680205815055055
0.4796366714068624
-0.1110837765294061
-0.37590844581600047
-0.637773574237337
-0.7476770650361754
-0.005488360420121241
0.2976633566621876
0.98182269253539
0.5554844183872353
-0.06110199536987593
-0.34707502654930394
-1.0878193957816695
-0.7326064793727143
-0.7300057979867329
0.06593062330715621
1.320234917818943
0.6049578773975725
-0.017911542892171
-0.3824861156109842
-0.4988225634559492
-0.5123288379221873
-0.032232959603616995
0.06886707015681692
0.34025213358562856
0.26148335211345797
0.2192924314944893
0.022599735684077457
0.08395510078727922
-0.007970446296565709
-0.013162159807303647
-0.023698586827467893
0.007107275047140427
0.0710256047126518
-0.09751350201267561
0.10562784663585034
0.13896742296264114
-0.06194296626235768
0.16254672019292596
0.06662281362832306
-0.29477531050817685
0.12563769166805322
-0.09393819953034814
0.09474928902835023
0.3080198872422561
0.007604968741516616
0.11122671708913157
0.040246191438687344
-0.3641754944694324
-0.2940321189123887
0.12700856749933553
0.08336459956158473
0.2662677112428343
0.3310690739681966
0.08181003431103095
-0.037154875204270486
-0.4055995424022173
0.06965624662670958
0.16680448528880157
0.32770575606743774
0.19750751603260308
0.1370752849393087
0.2899699233375776
0.04513434723284626
-0.30910804038034906
0.003685615803281833
0.44683638220235433
0.2843723524988827
0.3143597465526163
0.54607265516127
0.0620497472736507
0.012365361096004626
-0.34573453916382846
0.09117848497153974
0.37780910244889876
0.8174768784854753
0.9755043552129108
1.0066336773617133
1.0457846308045087
0.43363587861117053
-0.09787278299481611
0.21808174844185652
0.35132753526327143
0.5772188968159696
0.4977200203085061
0.49268397677848197
0.4638749793460206
0.4492483835089463
0.21317713055965992
0.5560945002714035
0.3062119828866178
0.4388267336234819
0.5289692873399665
0.31958945353385304
0.6766310901791608
0.5422948278981109
0.25568979068815156
0.456374322010484
0.6815386748893606
0.42357727156190955
0.5873974853913394
0.28479589391106935
0.2883192605803658
0.37320638265112244
0.5846590289005802
0.14216616990038228
0.06814190707034934
0.4349098362393774
0.1934496370427961
-0.03798868349885931
0.43156715435873494
0.43536632122858
0.5114263361775067
0.07546343417870388
0.3137050924858371
0.17794514650813595
0.10993531158810216
0.11283453698042725
0.29551914739686636
0.469334011378127
0.6755596098155499
-0.1312498839156911
0.06683614306590263
0.35255279735767064
0.2607544407162572
-0.0790387955280214
0.2654294365303686
0.3024062686388493
0.5262862622390092
-0.17480243123589218
0.16884485297656154
0.4322217809525436
0.10310049039277136
0.0906154491651116
0.05447026104799278
0.10621603327437973
0.04737451036127932
0.07332204045266533
0.1472767886846557
0.12422816673714454
0.10291631540116222
-0.027287437545899018
-0.23449017082077447
-0.2445221339642603
-0.2076759821426033
-0.2776857506872995
0.22320101902598427
-0.07699120064901183
-0.012787142946714014
-0.12995222044215826
-0.3417078993631386
-0.6702094200120678
-0.7281059261410749
-0.11018638513248763
-0.04107089674612033
0.014810806521170033
-0.056984378035657875
-0.25042327921441765
-0.4774260636948193
-0.8058042453923031
-0.8062513057274772
-0.25955471485657133
-0.14064517545550193
-0.13702930981432324
-0.3291611276636067
-0.3850088203337526
-0.5203811347727524
-0.6899638105962936
-0.6728420721998755
-0.2226338883426925
-0.17938243375291463
-0.3889348096946252
-0.230737435580886
-0.17861504630145125
-0.5199872084090279
-0.37251938810949603
-0.7107056499544068
-0.4095798983724466
-0.3893971325078281
-0.22396368157377078
-0.21817387905093744
-0.29848018375321267
-0.7824649145640062
-0.4393403024475504
-0.4648505440149411
-0.07938011486692226
-0.45418733026608715
-0.24691984022574176
-0.24470082141446226
-0.4508577783716644
-0.17500287378084795
-0.6075736444240352
-0.2929510576189309
-0.23377091093103428
-0.487394003296017
-0.39767368877063225
-0.4582226935640831
-0.4218991688703948
-0.4769871789761534
-0.9232614595502402
-0.39480641918394155
-0.058607817108726756
-0.08249752881970385
0.5253824793948194
0.33252615720323103
0.3226890626857568
0.32260268066430975
0.29293127626766907
0.11588428819587171
0.06496430064281877
0.19102372169103315
0.45292501783079303
0.3167938269747709
0.472256722361731
0.24232721481203895
0.48483823693597705
0.1840539888056758
0.2568621523925912
0.43293555487851293
0.36455760710680013
0.4465227286644153
0.3559934644586632
0.14923812709259082
0.45677997741683907
0.0033097107537928827
0.39599920832196706
0.39446251795348153
0.3730380158547196
0.3318861285735566
0.26026260816812163
0.30958390618531495
0.060777469347625124
-0.09112917628862309
0.06287401098213874
0.5240957866586561
0.42732856019754434
0.15718912905980734
0.4314863818588448
0.06636372559186929
-0.07667346785651524
-0.4082299026180221
0.2057896783345921
0.3037493690599744
0.0015945896747379118
0.48645826594068536
0.18061927638959097
0.11653503002314902
-0.11296973499400954
-0.16285895276347206
0.023632899710129274
0.03394903010288808
-0.003966808564945773
0.19946925852275244
0.14608435845806833
-0.026057322198227997
-0.08414240082504038
-0.0019126747657544473
-0.46868704474322276
-0.2462996455607725
-0.029083267628484843
-0.09415385215663474
0.2625042930136904
-0.2830292915445568
-0.06713106588219234
0.24969225650400684
-0.4708450595714144
-0.10425567946094039
-0.21619385489276005
-0.09601811550979583
-0.27538112522833824
0.11807096291620475
0.095770926242154
0.16416169708768785
-0.44168778798671526
-0.3355643202435802
-0.1675816300094799
0.13625833588263336
-0.07686146294347312
0.12703539778916945
0.18995633451579308
-0.06375577798786336
-0.21237581383376491
-0.3411100003055447
-0.37495724700279637
-0.08236584068854053
0.07178090889903332
0.09307115182842934
0.15474154328035256
-0.2870078794401597
-0.17666149055734326
-0.14283225206284889
-0.046993031121449313
-0.19940137026809146
-0.06000552470653475
0.032110359146248754
0.10299132930582294
-0.1472919948748373
-0.08048517491924101
-0.26852709008760134
-0.08403011228664448
-0.07548560523206016
-0.06126312187437752
-0.11180411921583278
-0.5656488528292529
0.23074194466626183
-0.2537507117759109
-0.2286328183232592
-0.18910616627650578
-0.06502706977405698
-0.2613487024189177
-0.012304448761386977
-0.08426596684335208
0.17290454847099593
-0.15680029760598535
-0.17874616746570116
-0.12657663314323786
-0.026033001961820512
0.0656076742519745
-0.43705472527680955
-0.2285700119130924
0.18126048244170426
-0.1391738577934764
-0.10855624026751404
-0.13438546744337018
-0.15743766616160793
-0.1918721637014463
-0.24179189326653866
-0.10828880035318911
0.00845363219780522
0.4236422077316937
0.06172358403898921
0.03140494999964788
0.3748246502730625
0.6066035276407732
0.3630103115518272
0.4418685905223878
0.5099875841997827
0.1884048478347759
-0.05716345147576496
-0.28896401486705414
0.03519212377955927
0.3378558673919194
0.3082765792974843
0.1589397933302061
-0.09982207239089269
0.4769926955658258
0.5171076162721402
-0.04985520480864991
0.03539486691085614
0.3033679916715357
0.20519548864246567
0.21718239387628238
-0.13622535440633476
-0.08288869950466271
0.30268758140189844
0.5975227124341718
0.18350525863197975
0.3963134795575134
0.2822002980828479
-0.07975582189723426
0.009804538105474353
0.38874545873330874
0.07715160234449436
0.15686937964766848
0.34197741115708735
0.4099160305658179
0.3215417242258561
0.11529096137814061
0.2987512308839111
0.449055980961501
0.4180321330549124
0.19791847815567462
0.005942054138000849
-0.001608914738443535
0.15356094923751168
0.23540647013853494
0.14511183556049193
0.7442881333888935
0.4266055820133228
0.23274994459460407
-0.1317092309313232
-0.1969420990133911
-0.3588657301419304
-0.583427028170938
0.3097085350196386
0.6376054324623992
0.779981165543096
0.22016314161377998
-0.001555288167415514
-0.4667397631523184
-0.42618054383172665
-1.0180118822602806
-0.8987985608394136
0.5943703601920403
0.7560963748912564
0.547892176094704
-0.0553729839059805
0.01839131916461824
-0.6416621141010743
-1.101120184962238
-1.2033843176991925
0.2783141407814584
0.6146402783566411
0.4459834560586154
0.1257777194195699
-0.12727926833302816
-0.39554062757301156
-0.8716033488543082
-1.2817692443146245
0.5032890989081834
0.1398988337958254
0.3012862212100961
0.05006842197777323
0.03529001516876745
-0.2359279492261989
-0.8905934740833423
-1.5861221940321781
0.07914460220918307
0.0894342230606191
-0.13988835014334294
-0.021719437288140853
-0.06139908814585948
-0.6673364052309056
-0.715957006848292
-1.4148331693596015
-0.1131363473310032
-0.3395878819841313
-0.22525166954121567
-0.12030866234170182
-0.08500540027928191
-0.5182617601327789
-0.7696660755194819
-0.8226647740358684
-0.19064565246335116
-0.2699572638528943
-0.15301490983506288
-0.10025129754598067
-0.1607816437960864
-0.2973893630023443
-0.9243628589669861
-0.8660272571582684
-0.38195458910377456
-0.2007125510819277
-0.2849937390228802
-0.2904373451165804
-0.09186947356973546
-0.1253011709710164
-0.5267268170077001
-0.7066854095685267
-0.19039805408801513
-0.3767611746766553
-0.5515758345462328
-0.29430669650981744
-0.5196292515403701
-0.07878657360653502
-0.4308786880931752
-0.7336478181168169
-0.409659494924019
-0.18193053734668524
-0.0681166686593403
0.3100720636071886
0.38009204671377517
0.29716735777962916
0.25317587852743756
0.2947045072552087
-0.04001516433528389
0.06963253071793937
-0.0006217212084934087
0.11723862972210508
0.045297570192210534
-0.03257870625905279
0.1638987330878269
0.42706328512682373
-0.3133902051216375
-0.09730332880791978
0.15102780690111833
0.25499378277435747
0.1099426050513784
0.0916621590455724
0.028980150659137782
0.24965623108759458
0.24422247070774655
0.14938921873926725
0.1991659339919663
0.10191598525206877
0.19001924162530154
-0.02625161154649991
0.1292086160592299
0.3147756100731467
0.1563922420198206
0.31014291612351985
0.3952466299876421
0.2765711188934363
0.0010584616527207769
-0.14047951769893538
0.1034703177248269
0.2427306727379066
0.18435616145952233
0.5356030440503489
0.29332265150793313
-0.062152020337636144
-0.1934756352771395
-0.2643233257829259
-0.8369298251079382
-0.8661581699358822
0.4010280535432078
0.27880582385150554
0.23697499636416336
-0.2037108923944721
-0.17547941211434742
-0.3325045864577676
-0.5424219083596679
-1.456540668993866
0.04137672541883902
-0.16978296319263142
0.22053109024267553
0.16966342634319792
-0.30693396157730535
-0.027296535309002556
-0.358803727968288
-0.11421959132126047
-0.9972718221220662
-0.4667661780497716
0.033378615596128175
-0.14910066409371772
0.1844919937803562
0.21946120953353968
0.4556466871476268
0.8127834999930501
-1.352038641412657
-0.7255836271716516
-0.6577850394165993
-0.3949510910652386
-0.13915783150467445
0.2235466391947118
0.6808494587804635
0.9075119188023177
-1.1897762559163296
-0.676692471091021
-0.5903272094114465
-0.5111210391901432
0.18087629028861207
0.7994037458051215
0.6625316691363836
0.8868534646505463
0.2840339760976553
-0.2058259553695173
-0.11759321711964987
0.03983001657341992
0.3447830146597085
0.19836576898148867
0.424305694111379
0.9504040101533517
0.16612674454804266
0.1990241280291447
0.06294935318565165
0.09282591739999753
0.1720767979780659
0.13524197217402517
0.25001596935349313
0.08791290852175376
0.20478150461370176
0.2917660395067292
0.15723246010630437
0.337350036064461
-0.28059766190377644
0.2182241115842467
-0.016771578551744076
-0.047765219653194135
-0.01061787417404874
0.25162945618302857
0.15894473313767976
0.10185906233292123
0.17866686745917823
-0.20687307224442833
0.04258504359048432
0.06424002134297663
0.7048150764245459
0.16420230096534688
0.3165083833674982
0.2886083400869558
-0.003772634884943449
-0.32428647506020364
-0.28287165012202314
-0.30610883511830894
0.2180948253522124
-0.1458008011960773
-0.308534014153114
-0.4949447714035915
-0.33334429525123316
0.24536070331208093
0.003283457128646361
0.6344908619839043
0.07934874635344191
-0.2748178278010237
-0.014838692451660501
0.22476393828648533
0.22084794533699298
0.0015029621418633232
0.09278709459292916
0.04722293106776049
-0.07421838583851187
-0.2902358038556591
0.19311392673057381
0.34546286189805053
0.3099341950222447
0.12445788819441722
0.23947254610987773
-0.1546638326987687
-0.2971881365379935
-0.002582192802471489
0.02417523008430711
0.2455948666676347
0.4114590772254604
0.21696133297589923
0.039052355027522245
-0.3594112597708849
-0.19334861549536198
0.05086362160506851
0.4319874016646158
0.6032607672028868
-0.10973657655885741
0.3376549898799075
0.32576761434310886
-0.24188480110520916
0.0679870860049459
-0.10687897223890935
0.24429202196278224
0.2811209806492367
0.5501986637745867
0.17901655209512696
0.24518933999475276
-0.10610554510453951
-0.16984062534049882
0.21604764670338006
0.11442271735636311
0.21615572093457347
0.11119684313470418
0.20848463207150492
0.456050597538806
0.2750625853391519
-0.005219151037585329
-0.21149903250240032
0.14638137738763946
0.20246191107437145
0.22094128515144473
0.2888052744370478
0.07445885105229533
0.25005305395399685
-0.09219487765681889
0.26266921031404866
0.1704713293890955
0.19680599745809474
0.16701464473500666
0.34345881429445174
0.20419479208209323
0.01327290033809525
-0.3530469450820071
0.041936423597905885
0.40335544137527624
-0.040603227868980296
0.25057288597412314
0.0745108036763251
-0.11342019486344213
-0.46709417381151475
-0.6119711926395117
-0.20284896317494266
-0.23267743934187513
0.0615149915665921
-0.058339777671569476
-0.09287768260037285
-0.2017567330729744
-0.9514015901396692
-0.7573778342526749
-0.4049278024502617
-0.08744767964479223
0.17677387081799803
0.03649940985848954
-0.13772074864898964
-0.23425809181038143
-0.310811558575914
-0.5714146944916648
-0.28708035336453797
-0.1947334205327675
0.011251860071808784
0.07500862767099731
0.07156397632693429
-0.1673110548393749
0.04455342902182524
-0.7856381201401844
-0.491567358157715
0.04056773233842931
0.23127377317428116
0.275316183620544
0.13549367652423663
-0.07308061546019601
0.2688989535188402
-0.43745961755843343
-0.28629151913437745
-0.31387827688118086
0.16086398364719812
0.41667636461875557
0.02544390922583145
0.15079318347991721
0.5462507791712075
-0.1426246015004703
-0.7588507628328868
-0.5251132727379664
0.15872141307858276
-0.171864105219403
0.39176860776864686
0.47869066097003604
0.5697173687408211
-0.11699605809965824
-0.3030152139671702
-0.5746982823956583
-0.6754099007489807
-0.7409278966563894
-0.3196819830644251
0.10302706094444562
-0.15608105581690557
-0.32298766193842504
-0.1867934324267515
-0.6056686927026095
-0.6668290607710219
-0.7679145659943953
-0.2967539324744911
-0.03959415971837968
-0.2721152142455062
-0.13544063275569357
-0.027283196253273967
-0.5986721728219511
-0.7600581546507749
-0.6091101995775285
-0.26057337360167765
-0.16292900518562503
0.14163696646844343
-0.1991361173760398
-0.13988146114298633
-0.5486500133135392
-0.891062410166188
-0.34034265901888067
-0.38051999117606183
-0.16249314614030946
0.23583411215333025
0.16099936276773658
-0.2704954420363985
-0.5547759627595352
-0.8519849932642518
-0.289326877241193
-0.09795489226317977
-0.22688724016301984
0.30078319578269386
0.38204071699875075
-0.34292480104723333
-0.4475767697577935
-0.6963944518762368
-0.45379616503078746
-0.010067456181682533
-0.017394212248052543
0.801173983961349
0.6535365035704154
-0.057498205737162356
-0.8259351466899817
-0.5777508046011604
0.1819971265549164
0.11433215416197717
0.3951840332892627
0.43865441654597165
0.3882380117253816
0.09867102583015619
-0.5920701020466308
-0.4480913085380822
0.2128333771988961
0.3186839916059388
0.35715176303366986
0.24646300241904007
0.8844535238667826
0.23037497620503056
-0.7007855673718197
-0.12210588003256495
0.2814825953247446
0.7226562885673402
0.3332340578358221
0.32856102467467585
0.731953210812493
0.002054194351107541
-0.05837519036630809
-0.3253832970056687
0.16764763134011318
0.515666404166718
0.7475505633128187
0.2946510406304487
-0.05709969317253821
0.20251649757191498
0.3150980052932277
0.10101179684806094
-0.0421551416088502
0.2625956441312275
0.5637485854154232
0.44950246053344833
0.03082877607734738
-0.20302837553518194
0.19906189602552038
-0.11734209133201878
0.2600765827707786
0.21452613289110176
0.4981743600459634
0.23443634348489728
-0.1508194720775353
0.1331751644618066
0.31728362698458207
-0.16289253527106728
0.013087790404799626
0.5068408263587459
0.3289926450373107
0.24106065145740263
0.020260729446746124
0.15909214764908025
-0.06201974219436923
0.3031063314252897
-0.04848899882233887
0.1904478374107429
0.5469307664009178
-0.1569722089009647
-0.4480980172093139
0.09841084121156257
-0.027220222371175273
0.015156482575530018
0.16008236696211764
-0.03502030711036119
0.1789067825354804
-0.22052862233785453
-0.025457239411944166
-0.12275025967552215
-0.005077441155221962
0.4114320460065557
0.5051167795787791
0.2785027107820087
-0.34313476971198037
-0.16171270523579162
-0.15260633516321592
-0.1652368504378444
-0.4217126472628755
-0.4423094805474127
-0.4652637411427488
-0.17342751643772003
0.271103643469451
0.30505277189974583
0.19700953959073425
-0.21954773984989173
-0.50205232697614
-0.4631881002709489
-0.6449331577913608
-0.14587853766446676
-0.08523989706593443
0.43879071596250446
-0.0719767208302704
0.0772300135317569
-0.24314905972437112
-0.6626576998501007
-0.5980927421516966
-0.281624348556928
0.3749582889423888
0.7332784333557074
-0.17325225248768403
-0.23337426892649724
-0.28776061432428646
-0.666935795774262
-0.45839773075919327
-0.05542898819024683
0.4181614232272076
0.5429246337297615
0.3208316439563765
0.03923593035983644
-0.22719971849813558
-0.8620122390562264
-0.4264427237674455
-0.1849735968186631
0.20478817997440785
0.6617892390543633
0.7029048970935059
-0.0889165385610382
-0.31879759387767004
-0.4783424005254085
-0.4151328814929023
0.011261195137252877
0.19890740793191808
0.5773218104781881
0.7219379370371956
0.20294014409410233
-0.2846340051591124
-0.453258066647498
-0.4816812622262775
-0.15435259461046327
0.40935939671857235
0.27612672465886495
0.36540173498132394
-0.031155438298141103
-0.019165229422344054
-0.4033976209475487
-0.5202620065899072
0.13830939669293507
0.2002208433056381
0.10448732313253584
0.05403392170316835
-0.31024871716137675
0.08407250406545277
0.020584728382715467
-0.26742560509935953
-0.16488768307594276
-0.07226854723084947
0.062793822319066
-0.058262524241956715
0.1742399868346733
-0.07912959739255473
0.23763545832141597
0.09163404733313307
-0.1095685328893542
0.02201042581740026
-0.26163643801966396
-0.35445883447593696
-0.14840271648364312
0.24231368689037172
0.45537246765739064
0.09897363807526276
0.1473745958746541
0.10783423626731681
-0.2564098229260903
-0.49631245901321186
0.11535222183808147
0.24132451992964765
0.35025566734384117
0.2971346335777111
0.20224968565738927
-0.14111117787161748
-0.22827617905566483
-0.47637123259367387
-0.1344848958948207
0.1607216477468199
0.09829394420144744
0.05892488081647956
0.20096422832671215
0.1486770010599568
-0.37207245110808673
0.049650659038431855
-0.18025400044543521
0.07054579202081174
0.2548404260314734
0.11050354518926142
0.1463306892038507
0.2503463556164819
-0.3757039824673363
-0.29526067571102277
-0.128985099594143
0.036468041383262026
0.1409218555062916
0.26667090955898665
0.0039093444194298055
0.04652161241445273
-0.011594501097405755
-0.48569128384208404
-0.2395345682518627
-0.21160093970559604
0.041217477946888764
0.4004880611902467
-0.1027770186072359
-0.07456571054360825
-0.29641533969123
-0.081613809156871
-0.12418699226722088
-0.14193637690296868
-0.13412360945526366
-0.19959057719040485
-0.14113068297853298
-0.12406452632796527
-0.15559379382769867
0.019335950374405608
-0.15844959074771675
-0.14395465780781314
-0.19022766515374806
-0.1845661668723811
-0.14464496530637727
-0.1428211195448267
-0.2026648875231707
-0.15230803547107533
-0.2059641410087057
-0.27572752120058075
-0.24154466801829208
-0.23616949562006873
-0.17529110045480256
-0.24190661052745982
-0.19691559215106796
-0.06544783495864401
-0.3670502125580307
-0.22537028295399647
-0.3157651417747891
-0.32601280807633415
-0.4187371435603648
-0.31486136933301523
0.11416696772914237
-0.08633118705977127
-0.6886015874568554
-0.3181900881044354
-0.33213733078993823
-0.8116912974574547
-0.554121027071404
-0.3943250025848131
0.3674329800453424
0.07141139687493836
-0.5729458731369158
-0.5854161886101623
-0.5049463421176009
-0.3925118658948807
-0.7333673050345885
-0.2816855403064701
0.820121269886201
0.21720935310565295
-0.7936398162612567
-0.41653452048586587
-0.2225506517354042
-0.2111335488548771
-0.6018577676885891
0.06139249748600345
1.3977018456350248
0.4141729842705845
-0.3653159388364678
-0.09762072741245642
0.3643526309529478
0.2782263693869142
-0.39261594872909344
-0.19960815713036534
0.9415679065002599
0.18474180743593904
0.03879830465991374
0.38138051591027156
0.5205165742296345
0.4574383240706976
0.2752919358413228
0.01952103529649707
0.3055219100498964
0.31510584015500487
0.02722702229193119
0.43923189058080836
0.6395133184086104
0.2289065387671492
0.2756868332024469
0.014374644753657129
-0.03188183536802938
-0.24749240404506562
0.15935658392836924
0.37992767619392454
0.3577011800645805
-0.03142966019111341
0.2050456255187373
0.14242126588728882
-0.11109149208716972
-0.0727690379120855
0.19069700863182454
-0.12031417696707558
-0.1212945801163022
-0.19696502858953455
0.12890462808108066
0.2851768999791332
0.021634441549909872
-0.22931067502249686
0.17864502663176623
-0.005224092348696856
-0.08867108790391265
-0.07543769452656018
-0.14546816772774124
-0.050904449086178305
-0.3582617862646666
-0.18253826726265665
0.10148154281045385
-0.2327748131618161
-0.33683364106412483
-0.27691447631173716
-0.25776301400240076
-0.21276435045766745
-0.3207285987148866
0.025762375532543486
-0.137886452742286
-0.1885353544764886
-0.2570277740064712
-0.23787663836815257
-0.13575719676913572
-0.20336811140789832
-0.16426031083708542
-0.15239581085110143
-0.16328786701274514
-0.180341260759944
-0.12309238996509136
-0.16488272886235236
-0.16622519104131694
-0.09964940392632632
-0.03751307228373313
-0.043830973248743466
-0.14161357867051755
-0.19011710423352468
-0.25613763342771845
-0.18834888319412124
-0.2022640450787193
-0.07732149425484136
-0.01870396185868764
0.24092191970226728
-0.25228138437648506
-0.25341500568391134
-0.10823305833859898
-0.07100454422323729
-0.01234164480444909
-0.07911080452763693
-0.1356282748060657
0.262922582730454
-0.0202827853475699
-0.10560826420587383
-0.14251489266171766
-0.02186960738447339
0.12470499674591151
-0.008297564653633821
0.11008555937309669
0.3524844472257623
0.3647724852779428
0.11204386028972575
0.03390525622330884
-0.20384383018407737
0.1905626636516083
0.36266518104463236
-0.18376142729889744
0.28759593152185114
0.26727371043663856
0.03736022869088945
0.00827220491180114
0.02075422957517919
0.14418372485801562
0.5669117126885632
-0.15514708010405542
0.11780240779388701
0.4097435609820764
0.10345281904037412
-0.023844331740487112
0.2160366758859284
0.020050203805078215
0.06817910942336591
-0.45623923310584535
-0.27194069078234706
0.2294146031340969
0.29077563370991816
0.39852520125214896
0.21340636141449665
0.1632105386124813
-0.15252329343806326
-0.6816545419340373
-1.1419548208839811
-0.15194481471453347
0.6671616880216125
0.43693615702102495
0.2082945308386726
0.14438792164447217
-0.29060693755278566
-0.32871978528334833
-1.133718412378062
-0.26541363684707964
0.25493875270620364
0.6223560187392079
0.35088053991995427
0.3166900762239488
-0.06887253230915066
-0.47216128628204623
-0.5337365160461724
-0.023896357068996565
0.13481641482048107
0.3124238493177837
0.3313091903361678
0.283572570060305
0.08915983675717448
-0.14182281638001
0.2821631614482737
-0.0210043988337259
-0.20581175017989495
-0.17327616771839338
-0.17146706931328967
-0.012915711628550819
0.020957601106429524
0.3282058338406558
0.2545956032326471
-0.0832838941397967
-0.27368172683406133
-0.5094937383789868
-0.14535459622322094
0.013700086003864936
0.0999757883009359
-0.07496481057240069
0.4239095878780345
-0.07147501500117953
-0.3037746372930728
-0.22270829234979178
-0.5379320068290676
-0.26623384915760695
-0.13332885322137167
0.00526503781479698
0.07242090233628921
-0.10240625314582574
-0.2455511710559684
-0.09765936713863088
-0.39623297315832934
-0.12383312494633293
-0.034426599850472944
0.1726313592548954
-0.22520088429852317
-0.10353809647475445
-0.26870406677775677
-0.12587257060877832
-0.29216726476309385
-0.2689290328356977
-0.10785625341015731
0.21413200606017507
-0.1456340661455493
-0.0809953136035993
-0.21820838811286844
-0.1930280608630121
-0.3421136478154343
-0.4451658601110159
-0.19379515246367762
-0.2031525932938253
0.5785951217105267
0.19692202395452962
-0.04956700626228322
-0.3120054811882134
-0.42616798795114896
-0.09036711526351218
0.39522774491628043
0.1748293635939479
0.5985192887690405
0.6298573623754923
0.47053471077944875
0.06384838001373269
0.1365567603697947
0.10634358230492566
0.20909814211716116
0.39990118278504216
0.40486132630557486
0.3724608539124828
0.4441221993185044
0.13778654324339246
0.030268164183289703
0.32902315468400234
0.2993663632872668
0.21839832880772986
0.5955359793861542
0.3051481415777866
0.2719357647708104
0.7512158205044994
0.45486423859569114
0.36949441789417226
0.11816995530312685
0.48503451586365504
0.33697358530671023
0.327253028030405
0.3352593077635499
0.3184637841378769
0.49224293912526623
0.6406784889902969
0.4607057803404149
0.14906041853907198
0.30318466818575446
0.1109861495750959
0.5144501923463263
0.22585661459779593
0.4202392463497024
0.5644033424593343
0.5297769951494906
0.24167718241693614
-0.36257647800832693
-0.22480929817060713
0.07814825975981926
0.04359473211781244
0.4202837300702884
0.6584604331172094
0.7439746331253974
0.5021869297382644
-1.0611856376025717
-0.32592727842925245
-0.20034705329325364
0.27591880734294677
0.35682281093434015
0.12979886565345844
0.2758961545812393
0.18893066186409813
-1.3038522641616075
-0.7743066044762889
-0.32912793245877514
-0.2920216699327014
-0.019796732148607554
0.4927852077592781
-0.032070047414747616
0.032010347553629914
-0.7339447290418359
-0.9465435037278358
-0.2331431420401136
-0.08613464702759524
-0.1184598368262017
-0.154196687825289
0.2877046095586463
0.29796454032602687
-0.011897823101348681
-0.09600369345063776
-0.05140454088691798
-0.4301435938145627
-0.34907410538160577
-0.3966159443074364
0.0903078980525652
-0.05161367343493778
-0.03389882068465133
-0.18231029185244618
-0.15552617476091962
-0.26043666113557623
-0.046833690555842106
-0.1686974970629621
-0.20691316865869022
-0.058548092306670796
0.15319984862517622
0.03491993557096096
-0.3019628339276899
-0.16203734497809724
-0.27236454492111095
-0.325580101531713
-0.09714871055955854
-0.1583040790899505
0.10682374491872358
-0.1060916863277095
0.07811308015443294
-0.09944768322033709
-0.19454967144363122
-0.13294397503168331
-0.17105368184314443
-0.23623742191808805
0.13882909575813188
0.007896989119280162
-0.18802700900679398
0.03273806897354106
0.026981559762069687
-0.3414969377553857
-0.23578829767260462
-0.33099840806074204
0.17324614013381479
0.083412029752408
0.37665904063887373
0.14366993913843312
0.10676380451672968
-0.18175718783783867
0.010202779304421927
-0.020264044024203343
-0.036008335397247404
0.035012482056059446
-0.11304437966875083
-0.1251250321066664
-0.14034611567838562
-0.5223257272441097
-0.7231798559477256
-0.43528714141658176
0.3919202274515814
0.14700264943693184
0.03740091979325222
-0.20900180264038004
-0.05248517256800547
0.1577057732938244
-0.16991999068399866
-0.3323940928557351
-0.09914496486021945
0.17314158479715186
0.16857525841328558
0.10491478314903008
0.2004468786177983
0.10509054221639358
0.03051627206252519
-0.29944216601099727
0.16405796537866105
0.23322665165138484
0.07280707345926024
-0.046899846672095735
0.12876643233822516
-0.08875368136428441
0.004818349391078336
-0.1872733894624924
0.2416783206883768
0.2826388265434381
0.32341993860242463
0.22261240727377155
0.07816548346603033
0.056889724556563576
0.04235406959434443
-0.07785858348100297
0.06456069193738467
0.09870058852726205
-0.12767179976503157
0.16254108153093713
0.028999702707471625
0.24059142901882474
0.17496714863386412
-0.07745780249724057
-0.31719051775882373
-0.1969563475762177
-0.25301260464120634
0.3229231529984813
0.5521767145749694
0.6321646031541508
0.18634798735235308
0.005643272342489056
-0.4149586142235038
-0.19227355683195824
0.14275417203542834
0.24801662292306753
0.30353559754287185
0.46526649530541553
0.08021739688470614
-0.1898726157848596
-0.6032547521878281
-0.14156156305518075
0.35447901927554903
0.18664597125366936
0.06253076402659757
0.05948066504543428
-0.08115568562164482
-0.3941024703962392
-0.7540715693896146
-0.0733307871603695
0.09368118444061432
0.0015977258910794268
0.09746100398297813
-0.1079880243384993
0.009800222231281908
0.052087337065132217
-0.26187011310629976
0.33484396392196203
0.1196297236476042
0.39701956699921453
0.01235925840156292
-0.017802802120924832
-0.006506870805476156
0.18063907043677918
-0.25502104912756346
0.046874975928233295
0.22653265039022497
0.10427946592139459
0.06811712290626298
-0.22306900205060093
0.2501286997083378
0.21868213102495282
0.12044432985761644
-0.053879869043025275
-0.1494308886935965
-0.0824637225177201
-0.016092139851814062
0.24302202903838382
0.2746154821956234
0.3662029480092118
-0.08078846959884889
-0.08916093660146364
0.04015406047803799
0.05869731730588365
0.036299454455589915
0.23555753106736751
0.21876227619681937
-0.020020379049404957
0.07081349388318958
0.04249044018590026
0.008072089074171007
-0.23396206719861468
-0.2939770896050684
-0.15253192984827707
-0.3471857663160606
0.05407533065474843
-0.16002912431843652
-0.14101043880053488
-0.1433453979559911
-0.009263381197177165
0.09179704098939076
-0.2169170830877255
-0.39232649414494536
0.2483780855537997
-2.1167340404571573
-1.2036903683510585
1.2673409863048606
-1.2722493565504218
-1.2742102587073791
-1.1316186765476584
-1.5881523350948388
0.8186458813304056
1.6134237866679524
-0.2566938194791183
0.5484385607528298
1.051487334876863
0.571661962981137
-0.7263365627361634
-0.667773613282238
0.34690695230644986
-0.44640673144627496
1.6593902115000665
-1.1898354348172278
0.7001922377630327
-0.5133984367728224
-0.78477623791179
0.861121853665877
-0.6116384456550901
-1.1025436737920402
0.5248669838155786
2.187913424118507
1.2524855784072286
-0.5476784107997997
-0.5227384229164299
-1.2577544749041274
-0.33029208091573575
-0.5748126923836914
-0.449717015439836
-0.31106510960273126
-0.049724634918666216
-0.3872616746752883
-0.35325045974275654
1.335331418093359
-0.9832434405062392
0.7055931914895366
-0.41016350764388926
-0.07851059597754656
1.6329501916861824
-0.4904284130999001
-0.3660543664902392
-0.9210471654834373
-0.2249153490860186
-0.2563920957717906
-0.1590809845569996
-0.3663639985183507
-0.33722633187632667
1.8061627938330989
-0.6097679603956144
1.3587288852381054
-0.572517491678839
1.1806475620847268
-0.5386384689247815
-0.8233149233133751
-0.44489341384968584
3.114540439384402
-0.16665659695504076
-0.4786816293643741
1.982520462193699
-0.5688455445717677
1.6213776378265767
-1.0488684699045738
-0.7261251643876349
-0.19600555769486985
-0.8013324960998129
-0.44769546548764144
-0.5726333620955489
-0.9978669779449338
-0.2643664085033202
-0.272434683508878
-0.2149567924878018
-0.3361767289889096
-0.4762651875354261
0.9368995085859022
-0.4425480614856965
-0.6099400443673303
1.2880462999417819
1.6998306485643755
-0.46450498767301474
-0.6498556133170119
-0.3574316107222877
2.038778127603122
-0.0650479373832632
-0.3526272535239496
-0.5493980051752777
-0.5574907717537207
1.7138843251443245
-0.9458371608086147
-0.44293743886670967
-0.09227515102124967
-0.4963220159861859
-0.4165777696926828
-0.5523549777456704
-0.653416440261439
-0.17396893227625787
-0.1879851887048803
-0.21070459851128864
-0.4601246906388273
-0.4642168008711564
-2.0633419628600707
-1.4249407387896387
0.0396789472395797
-0.3097153913312145
-1.4333586172129222
0.46626349552683133
-0.7807200696887565
0.08242324008773899
0.2848932655689292
1.3364337944984217
0.9119722360805044
1.9438021342411644
0.08591513098545323
0.01193340185677233
-2.0978273235183043
-0.17960419164814267
-0.5870094781003332
-0.2769360516067132
-0.26636722237319477
1.437155526511806
-0.9146019637542014
2.0218563588626437
-0.8923004969941486
-0.828475646248933
-1.4319164340541377
0.10284253982896413
1.0555924315357703
-0.4326002008507954
-0.4575478334250683
-0.42949633620565114
-1.1248430690847466
1.903924718841763
-0.9189405306801154
-0.4125007497868751
2.7155398610430233
-0.044728766205378814
-0.37661046269376375
-0.4299551135328849
1.0528093533109282
-0.8070795387275485
-0.8342744801827832
-0.5232997488600187
-0.1626900898831747
-0.554607624965459
1.2782072263825779
1.6328917049010132
1.3337123146119327
-0.2453523852712278
-0.24241262233867214
-0.22302404408142457
-0.6595099114829333
-0.3704117573946674
-0.9422974526626156
-0.45767488584833727
-0.4226616530227536
0.9775847775476885
-1.2125211311709254
-0.40428751748878666
0.9795646506762191
-0.5624598783348818
1.407797893505691
-0.07689679229953672
-0.2728210636268563
-0.5757545546319632
-0.47596587995190254
2.9972635093189446
0.8844222854895328
-0.5133340450324431
-0.15584019245208242
-0.4391044876843435
-0.8273426001917684
-0.5157605297208128
1.202767244096553
-0.2622909179307348
-0.2689572139790566
-0.20770556466378776
-0.6104771430010669
-0.5656869947404652
-1.0317079605120276
-0.5221879479035427
1.645052530050094
-0.39312821326487135
-1.145833802947541
-0.4430159697058893
1.0521528878289759
-0.2777219342352391
-0.31350813575304626
-0.021152154638488185
-0.3626683294202349
-0.34703105135358925
-0.4809371137634457
-0.8233998220510526
-0.96057024710181
2.424976009066531
-0.13416835372554012
-0.8088553552729162
1.7374054216887478
1.5947823792039428
-0.6713691336916467
-0.16270473035956068
-0.14222768526457186
-0.2134270353083835
-0.5869750040839873
-0.3746605964969939
-1.2907175435472733
0.7351359093006486
0.7704066175689239
1.2662772721527609
-1.586224939625024
2.1148636505028082
0.3090171044409389
1.1549669735216295
1.494205401086926
-0.16071534579440738
2.1106518474556375
3.2920229518146926
0.36734528825903257
1.6489024777510313
0.2696655143984906
-0.84333019465899
-0.3183328900807344
2.6099787661958933
-0.8448436968763153
3.1275413498192526
0.8509739082208897
1.7135405248730549
-0.46170901606302506
2.174468858889993
-0.9458693147999357
1.9517726689356396
-0.2878399647688663
-0.1258573188671726
-0.1481331784567007
-0.09410048640148391
1.4495597373213123
-0.12733603187219478
-0.1490663346267448
-0.0447708519742383
-0.13531024204998948
-0.044603394410117625
-0.06241425012147359
-0.09658465816086315
-0.08229743743101825
-0.3665256663478519
1.7538908819738586
-0.09734824327638386
-0.013969927864162467
-0.1438989853898559
-0.13331624679398987
-0.11537666467876373
-0.20785533219303146
-0.0611794152395323
-0.005299440335275657
-0.08173992142849823
-0.05253728536464322
-0.053411274578280765
0.8533987633541023
-0.5329401990239347
1.6419610880009208
-0.553827015490059
0.3462012803767689
-0.32227899500547286
-0.7968130728523464
-0.31907761821283487
-0.416481597931579
-0.0776408844322578
-0.4937851198967117
-0.3777679961592785
-0.5445232575238799
-0.937649229236301
0.7555809862434406
-0.4764358128698346
-0.10855980531517787
1.5001047771679383
-0.5530164904790784
-0.4687445120481117
-0.767585596937038
-0.2734420170890621
-0.1983435866316886
-0.20855557513306203
-0.457964551500038
-0.453957345525401
2.443090235966133
2.116409151204958
1.4577844044608155
-0.8167168134164045
-0.21554500657433684
-0.7165504315336326
0.30875532472377376
-0.6146061811959052
2.5839604191570995
-0.21685461251346638
-0.7493355459423059
2.249296247826486
-0.6628013108528281
-1.0552155136391568
0.7168405738619572
1.052761580890847
-0.26195790536810637
-0.8221340661290353
1.166433627635094
-0.8116383672916707
2.070715054218057
-0.34606517989778995
1.700695213359969
-0.42618288360518264
1.4355393708653494
1.4755888116075064
-1.1548778841765688
-0.4232786498229373
-0.5895795717518669
-0.4216625061010458
0.40566379390848656
-0.31508344608510286
-0.884006029809255
-0.4694194914223505
-0.36443727512077007
-0.08210702260526706
-0.4655852610638246
-0.40369908381821407
0.6973304294381018
-1.023623899542315
1.2363336267781493
-0.6205482475445641
-0.16650400531553955
1.5457220719704037
-0.505299292745575
-0.5320402356276754
0.6801609952484227
-0.3625981940889417
-0.527976444402331
-0.23650601379544892
1.0457509676931345
-0.4172701278585077
0.9934813020108291
-0.9052051320899845
-1.2186762818964032
-1.094129666363111
0.5257166937472089
-0.792566971079725
-1.3533302473296598
-0.9368976459379206
3.4986950773616834
-0.27476476243011394
0.5745293426756148
0.864340368960909
-1.1600524605962108
0.01563357196465274
1.2403867788764533
-1.2756610524314957
-0.34889245660302226
0.40021776318930213
-0.9972819826379039
-0.9012283535423264
1.1140306722900828
-0.5797069148377182
-0.7397722306807881
-0.5220228841112888
-0.9473820074611352
-0.8631682180424826
-1.6179388661943976
0.38908385377987303
1.2403320922928778
0.5923118511993275
-0.8891804301199573
1.151337499487552
-0.15215738647775212
0.4082030535540667
1.6679282190843563
-0.19651884196560576
-0.8557025129895715
1.423902304354275
-1.1774056639098585
0.2102652554506567
-0.5951220819841018
0.37697117853656337
-0.43738704079964336
1.5556560351494477
-1.074716668180416
-0.9340704344745046
-1.459159584509776
-0.6957999161599171
1.1882550992519616
-0.48386133537521636
-1.2124655997357652
-0.6921570458161183
0.42292098734691935
-0.38395781101233006
-0.4572869280977653
-0.5936240917297483
-1.310667663747224
-0.5837732040407573
-0.7563634119672996
-0.3909139199363298
-0.5200648545316191
-0.02680857312363752
-0.3788705664705998
-0.41452989975167204
2.3149258618207993
-1.1715920189814182
0.47776015724656745
0.9031531755183343
-0.1715670593363533
-0.7049028624540812
-0.7557868229336845
-0.44206879730167337
-0.7397700201545161
-0.2200051829752161
-0.2697024080244897
2.0920411461686426
-0.7132639858679545
-0.4356388772134583
-0.5340286485041482
-0.21519419716588656
-0.2886647729384218
-0.303807224863175
0.6585445526231335
-0.25824072435276735
-0.477834307394624
-0.16235540031946627
-0.21611802931737373
-0.05300463235914585
-0.1471972030545332
-0.2641986164263974
-0.20973909772454094
1.484381588191614
-0.4326381558934351
-0.22768987386053297
-0.005372191210524707
-0.3250868745246984
1.9555060865893406
-0.37492029116197595
-0.3722338211794515
-0.08516827000668326
-0.09332569491190645
-0.10360911272466733
-0.2985842285594923
-0.2604555242008238
1.5062831539869874
1.21743419646797
-0.758432860083935
-0.8551865963269246
1.310420859519823
-0.6573462949078352
0.5919774324432374
-0.4826427365017887
-0.6552386754974289
-0.15081534726971413
-0.5532944208684575
-0.5545992338324623
-0.9475316586810645
-1.1371721325493724
1.6934949153376027
1.9046411529440461
-0.24020953203791012
1.0725857675705432
-0.8861362621840593
1.2528178746013623
1.2805685338936432
-0.2980566677825781
-0.2882738709050041
-0.3091035423560357
-0.6781366741220193
-0.502743084494504
-0.7714362753108838
-0.4054939987857928
-0.4642667517637471
-0.49836674365413164
1.6026661825669641
-0.31012874799130535
-0.5971632788505801
-0.3914802788922265
3.1856754561228717
-0.054489165736771955
-0.3109841909055403
-0.4778673180957399
-0.4376130391791174
2.191335202955882
-0.8038096408320985
-0.32851962845820987
-0.1456405520686877
-0.43704492606041967
1.5350079760713282
-0.370665947578759
2.1602222566964953
-0.18003059407173438
-0.23128173677024488
-0.13759431041351716
-0.3495186062931037
-0.3078975155049303
2.5585885122999317
-0.6768865720245466
2.2531009785810068
-0.5911365575877392
1.0630406304348183
-0.43423824054134086
-0.8931935427592106
1.7706621959505608
2.260386439364516
-0.08445029537872144
-0.4357027918390032
-0.5127985505922764
-0.5269807638765543
2.476994214002046
-0.8552818813817035
-0.643389718028373
-0.15160288754459494
1.4911886661878837
2.0478572131455035
1.227065016730541
-0.7381192707171714
-0.2550439755328827
-0.2754511038759738
-0.2577321226089246
-0.5203713219079918
-0.5664885450922613
-1.5028264958200674
0.6238525485111619
-1.0715209400027226
0.14491655249336288
-1.9612383000198248
1.1665476134141461
-1.7912416623326597
-0.6570662600422976
-0.8028707025192583
2.0932979699985514
-0.6073677744725804
-0.7067653493404867
-0.8777490513642454
0.29500868913507594
0.6841311709139473
-0.8326007147428833
3.4968954986726275
-0.8637874589585322
-1.1746520299165177
-0.8911326872442176
-1.4378425731918019
1.3242367087354898
-0.5603769544993984
-0.36786638632117064
-0.8199468061081479
-0.5879444665660556
-0.7340697706732384
-0.2775825854043419
-0.3888826661193066
-0.46381237349792304
0.8272727388511608
-0.22557989080190355
-0.5930463878801513
-0.2301803204187709
2.0325899851128004
-0.0953000634939063
-0.24226556556093315
-0.23988349975972556
-0.315393976816148
1.1426174782806833
1.2124196117430737
-0.2375564069950895
-0.13852347689024425
-0.3148792924222503
-0.3888854892845134
-0.34249756634898443
0.877671895943163
3.0132890172300053
-0.13875273100349517
-0.19959746590653826
-0.2672568036812878
-0.16938076898341015
-0.6772848121063546
-0.2882686203403544
-0.24337901294171588
-0.22260907247033135
-0.8736163235576057
-0.14915588868799612
-0.5355076866383581
-0.10236826235341595
-0.1908573517734765
-0.06241192372329374
-0.13123645985637172
-0.21428852523991224
-0.35421761140214514
1.2405166163804986
1.7616659515405058
-0.17638424589270907
-0.07405830350113474
-0.31849702060669616
-0.2048211578000862
-0.22901631251770568
-0.524112900377297
-0.136218341686205
-0.10758429616335519
-0.11266594058075877
-0.201936669941024
-0.1262907312440361
2.0464349773925727
-0.11753134152163891
-0.3011056736721031
-0.22303298879104624
2.0522287120108493
-0.14179453927128194
-0.3293050414783364
-0.11372346505584574
-0.1657947222039181
0.025585740193983075
-0.12484438155874328
-0.1636750543311431
-0.1636689395918326
-0.34224919618374294
-0.30536724742286103
-0.15810173593479648
-0.06425277577804606
-0.20853236485044263
-0.16467917634646162
-0.20072632818758268
-0.24522429718587846
-0.10190305033555011
-0.08943017073353278
-0.057476574616211765
-0.21102981949780464
-0.22012527121072328
-0.8346551797008875
-0.31071089599828305
-0.37670514602581756
-0.5682109142545202
-1.029106749344463
-0.30008672018992505
-0.6396728387706099
2.1786582466541113
-0.4560814247406579
-0.009162142490717229
-0.23513166686296016
4.3850959773294695
-0.32577989809701297
-1.1646338211083305
-0.6839390721882261
-0.2978682176705145
-0.13607687453878267
-0.3097050011778137
-0.5044644100441109
2.1468730241510596
-0.5665110153978778
-0.1836701184918434
-0.11069624530556277
-0.20099297950865477
-0.5384761111466757
-0.494697410475761
-0.7561171305201928
-0.3325756421709142
-0.34826782484818
-0.3485006816800196
-0.841042329815778
-0.20413814102007943
-0.5648524773505104
-0.2627170957718332
4.090956644291115
0.0014052529449425505
-0.26031320800134616
-0.35280784914136853
-0.3860851275454469
-0.6056270327531916
-0.6318795904230923
-0.289289851504431
-0.014552809535904404
-0.35417475316128677
-0.38135099584775345
-0.3020748343166668
2.1945949651381405
-0.16319631716345406
-0.19892634429842382
-0.17433974151118597
-0.34746186962203035
3.534163363425733
