-0.06155818959400683
-0.08088485737714995
-0.07010937019534846
-0.07944489405677127
-0.08855759853885842
-0.10150919040830933
-0.06002164077201405
-0.0426870760308572
-0.07809172770317158
-0.043834466574454806
-0.01815963359889755
-0.021909540780770342
-0.030488237179280397
-0.010134172449383916
-0.01119314674506569
-0.037441354792549286
-0.13744495205220797
-0.043037537990541636
-0.027972400817790566
0.020728251171608647
0.04726601761630858
0.03123336168054819
0.006243365700881909
-0.013695726741927872
-0.19622851522108906
-0.024855097396431804
0.04628410604711794
0.09879480538912949
0.10582676829925364
0.06120720076542646
0.022158066523440878
-0.0552434299243372
-0.3152494533182871
0.082177056267211
0.10380921381179095
0.15008144815660157
0.13556276617057772
-0.002125757333105327
0.006346610315140888
-0.04935248704736844
-0.24854366475083434
0.14660928072860074
0.14041431719878833
0.1554358976612477
0.09875985820679475
-0.002731095552932661
0.021792286893045132
-0.08026991711110776
-0.0519611777558156
0.1012986594137773
0.06933124002843677
0.04197260981336176
0.0530176638493709
0.06196749087087322
0.06402273748825249
-0.0895604163630318
0.1895797251658938
-0.08163170243469275
-0.1275269981244242
-0.0787501505388184
0.1408126761328285
0.218364773425445
0.1965478872125448
-0.06113851981321166
0.37239015480279863
-0.15857650193521958
-0.08838143702163244
0.07684880472948344
0.2813048300544726
0.3953195420168379
0.30003435526142774
-0.04832963214450742
0.42195992803959165
-0.003541100824296095
0.07918724569701197
0.13698514719314905
0.2879649754077155
0.4411952846615599
0.28753893887104365
0.05535829471666687
0.24444827218267107
-0.009334031497597484
-0.04563678370738933
-0.019139492832820237
0.08941158081781012
0.14910116336090284
0.18242668056844308
0.23387903398734036
0.11466499718179479
-0.019271029137598317
-0.07137014266865198
-0.08199989725797363
-0.08308052068630845
-0.059649797002897104
0.09508336800012507
0.2296138852220479
0.002450427642144981
-0.11797480155167406
-0.05903723557316526
-0.12395171033688768
-0.1532860330302106
-0.1450817822616483
0.03694710396702283
0.18835330095938485
0.04957892384153656
-0.028758848910343082
-0.0666656144234053
-0.15669813623277845
-0.17393666795470164
-0.17167174346460395
-0.04051663985476352
0.11854894764170565
-0.0030278561616470245
-0.06482359781335567
-0.09273911515134237
-0.12247630278898988
-0.1687075200490296
-0.14960953221240725
-0.11205447427386439
0.028774410867708988
-0.04161242184981312
-0.07774665354207738
-0.12849438490373938
-0.16039575478040213
-0.1692453844452212
-0.14101478386087168
-0.08999341755206836
-0.015563479823464899
0.11535077903324324
0.05966357151123533
-0.0312893137518343
-0.10831869383639289
-0.13394546270164193
-0.17677973064128896
-0.12137925976957387
-0.07157806701134956
0.11907526243589711
0.046080895410172795
-0.049323795160883754
-0.06608717172410021
-0.10355786369382836
-0.13179790658021162
-0.1123534678463578
-0.09087956927665101
0.11500023459059933
0.027033518868300188
-0.05014137338785346
-0.0758413508716872
-0.09910224743466076
-0.13000745508106423
-0.1308163791456971
-0.1134873087368361
0.10446535664540171
0.006271712030596122
-0.06159674106562679
-0.07916575569873772
-0.12560436015435578
-0.1429745351463787
-0.13137032623014197
-0.1370437109929209
0.03566316997134772
-0.02700424625750429
-0.061959250020840934
-0.0857776907935763
-0.15166811560345672
-0.17855771625220296
-0.15914620719452965
-0.1740690014265549
-0.014863171340862236
-0.049461528156384785
-0.0644661238683555
-0.09470340174414582
-0.1589252723844638
-0.1466959301543517
-0.15037605539069954
-0.18862031708095145
-0.07635505356593869
-0.033513124743267286
-0.02448848937470882
-0.06818143412859592
-0.11106156666487407
-0.10057607468691204
-0.11626918409985948
-0.17262490138687353
-0.07777476492649621
0.03748247561770335
0.023604250578333874
-0.043607120266480115
-0.10212406894929871
-0.02394845069727808
-0.023926654286407
-0.09258586758410986
-0.11225097552614705
0.07372594697048415
0.07844362806805003
-0.01228925391015595
-0.029323377746067802
0.011683584597635466
0.05776793892711973
0.06802554470589328
-0.11210404312843461
0.08886600068752437
0.1417047908848994
0.06970827941654428
0.03633180285227405
0.03326165262665001
0.0599913120524696
0.18112628187956847
-0.07843952846054073
0.1003210528001015
0.17750056230210753
0.07289052717074593
-0.03083222639223926
-0.011348977620558864
0.08306742900469394
0.26357517043828427
-0.0480000315812848
0.12093539667438771
0.17365772839658578
0.06897678019263082
-0.025050291821839793
-0.021870458617098076
0.16146322486337522
0.30313512837166745
-0.010558087492309631
0.13994975289558492
0.16113434483092237
0.06759611253446735
-0.01670115233447797
0.041515814124692824
0.1876423506373363
0.23346865393016503
0.04511102741409698
0.14306795899793484
0.1646493698134254
0.03521965743935532
0.019009870813545993
0.09999993236571117
0.21114926167504527
0.15538234927072053
0.0982280300044177
0.14495185775877967
0.16282788683920843
0.10121199825761723
0.14471914195447672
0.18541367745096266
0.184864964645578
0.020053223857929812
0.114392285801519
0.22930712230995992
0.250430489073935
0.2748311749641559
0.24963135725348423
0.1475453726560754
0.03938761616624628
-0.07200275741208859
-0.05862673471698182
-0.05955404978410761
-0.06274642519123214
-0.04920930819143188
-0.018099990890961815
0.003669847977572527
0.022835038935669794
-0.000397940002246841
-0.07987373828263095
-0.037864153850938
-0.029471481140526057
-0.0011450743502990027
0.013858566055935662
0.03622984537594537
0.04171103853987196
0.013311663567717735
-0.12157443426148029
-0.054291227046943696
0.010724898990626997
0.031083925092083825
0.06566633613950845
0.06642496353466976
0.03721130628823191
0.022021150688358575
-0.13565105721484405
0.004841801251881439
0.06492999210891409
0.04348155554817175
0.05927403545888349
-0.00029207011929510696
-0.022643567047774094
-0.012827235700431316
-0.13034452490476361
0.07809260482486355
0.14994327002911145
0.17190803961149462
0.08201126527875513
-0.00043961654180080245
-0.04978014371230019
-0.06534791230441628
-0.006446174682818495
0.2127105321112771
0.2022332031235563
0.11546599510537689
-0.02430606406627933
-0.11008711496665197
-0.15561161014021657
-0.17857581547281987
0.19620681711634608
0.14470797248948508
-0.0158461349198189
-0.178480959983252
-0.22355426887989602
-0.20656690544860568
-0.19678037613714067
-0.2925381632252684
0.3893582329404226
-0.015235202627752242
-0.2321954790588001
-0.302814235121594
-0.2714484336296519
-0.22737673046673298
-0.196078104809533
-0.3194485743282436
0.4907072104367022
-0.15857912054260487
-0.2926883076483676
-0.2974896220269178
-0.2812943264766558
-0.2340780128867111
-0.20835235700247212
-0.24974901080885753
0.5387233898842174
-0.03273114725981763
-0.19427995385411087
-0.23732825106195554
-0.2257263033651885
-0.19091228666471388
-0.12252885203109487
-0.12039348391084925
0.38192002288611876
0.08743174576930021
-0.012470072013933048
-0.04455228511576431
-0.027715609560272372
-0.0135958370699302
0.008928624592892564
-0.0010067151867092436
0.20295948757998927
0.12932457836811417
0.06589728448055429
0.0664570889655286
0.07971868428129641
0.07356451141665421
0.03667435345034982
0.0028173142447278088
0.037241477083456626
0.10965520368212245
0.09879057962659904
0.05653819918889266
0.06556424217420309
0.0833250092083434
0.02383945427556712
-0.018335044493043434
-0.04115240218600924
0.027769216022102583
0.08933319326222613
0.09116733087759021
0.06326361563126884
0.05661053110810618
0.01869867512037826
0.010317434466540487
-0.06582580719398767
0.004333782729151747
0.034428964947581964
0.06724028009068832
0.038172933272954734
0.03416591184346986
0.022521899511296684
-0.011405276641156564
-0.06142428654464793
-0.038595466970407166
-0.008392010469556621
0.03536540788140119
0.04588996302956877
0.06260629416399083
0.05963036483872213
0.010792478272794281
-0.05532542270582114
-0.090952068899328
-0.14897894704341574
-0.12080305737108255
-0.06590148912571842
0.011309621375740986
-0.03410851975737584
-0.000730470153251464
-0.07048806976442593
-0.09366942735939734
-0.10672567610065628
-0.07004926386346685
-0.0374729159256955
0.03983593882101229
-0.025370615727287604
0.002414309204242359
-0.0907076709474409
-0.10819309490014495
-0.1056412968384863
-0.045220753767360844
-0.027143382159411145
0.006378156537523494
-0.011183757156762814
-0.013604446969874673
-0.1544917912172714
-0.14543266840129696
-0.15842056334861243
-0.09536767472571994
-0.029321964542228685
0.04358391241356102
0.03276563701367491
-0.02391989376602255
-0.21489018578761387
-0.1914305223610845
-0.19979282647619262
-0.13501680298919455
-0.05437824634986771
0.039892357258271005
0.04259146630636616
-0.022199033965180692
-0.26408301279514107
-0.19909549687921058
-0.1874648986781971
-0.13066188433050802
-0.03443305564102128
0.0722023262338317
0.09573077579885193
0.003558225622621647
-0.302441121236353
-0.22075336174881469
-0.1777620558561358
-0.089963631274675
-0.005258774231384711
0.07329287251169925
0.10220350559709301
0.022588815405337442
-0.3147048610690537
-0.16599232785790552
-0.11146247158417022
-0.04271592205492092
0.02030064216739097
0.1410778855773566
0.08567816784722995
0.03761609941982352
-0.24810982504015341
-0.03896662843178422
0.006343719545417015
-0.0039026694535087003
0.0681356238893519
0.1879774084276043
0.07301176689165284
0.024436242431637445
-0.07631179125451243
0.07500021017374124
0.02707572197933339
0.01485923555344195
0.10952130570575791
0.17874113035022335
0.12640035326671625
0.011718546434065558
0.07467125146942588
0.05093014699641618
-0.0036712868868107873
0.014658683559368668
0.17045757688716753
0.22775114382078793
0.15843992550975589
-0.020044182635365504
0.21858134627144787
0.12194041419849576
0.04934173544665013
0.026298363840586758
0.1298701535847824
0.242069864308472
0.1440805743302555
-0.0008079568458504438
0.26644998003778897
0.14160224866719964
0.030289415134177045
0.01777472554845877
0.07329450311399965
0.18541314142466747
0.1628285340561918
0.0836633859010239
0.2633068111835863
0.16358647354729208
0.034641124371115245
0.024456147906135095
0.09063760636540569
0.17639620169494913
0.16545260611196516
0.11884858384815522
0.18304679450825623
0.21980379375321893
0.08800759660441348
0.07261320717817461
0.0706024390664779
0.08833861322418701
0.14989305385259538
0.12128854049325377
0.06871008780613297
0.1946536573225668
0.21741436920193646
0.18444218980264004
0.09697951862202936
0.038996472632366636
0.06278611250577243
0.09355513191796735
-0.08310003688049905
-0.10583025645476773
-0.1061581121563906
-0.07527557654649311
-0.06721175995323167
-0.047459679646840225
-0.010445147060473392
-0.009328903081353701
-0.12767512175006943
-0.07856582931054562
-0.035925071886084625
0.028869534815970127
0.011802943590551562
-0.035971760580084
-0.045677819755725935
-0.001255054807512368
-0.16603806343065564
-0.00032694073705924476
0.030967585347043344
0.05290583890433531
0.03514952568255608
0.024836528316601714
0.015069994635440787
0.04420367230223099
-0.16781333179921715
0.07225517343286603
0.08480293556979383
0.05848080492682767
0.06643989937268752
0.05855529929590586
0.001386922149417047
0.10565941701425471
-0.14420051036885398
0.16037552451002657
0.13301393006748097
0.13993716629537195
0.1075097547396413
0.04837779425797656
0.040836727688144836
0.16402322922533819
0.08778237489696365
0.23074018872059116
0.17315428226013999
0.09496667366670242
0.05435532681740035
0.02974131026618676
0.04601448571869543
0.1405405051306901
0.2471726435531487
0.26364695288603496
0.15963027502637855
0.1338469091232508
0.16937618452880882
0.13933040432123792
0.13350582595952237
0.02040545851068587
0.4299876706579458
0.29902160155271806
0.24842323714978476
0.15332478646576747
0.17855050583757023
0.15260486984758112
0.025531420220085865
-0.3051107336377965
0.49847164248464837
0.27022676656819267
0.17873645817010977
0.020978894850765564
-0.017462193156607533
-0.10624898512478942
-0.3105467504379177
-0.46238140024799046
0.38709442011781536
0.11062394137350523
-0.04080943366913273
-0.2239192824725943
-0.28270369990000443
-0.334331972662231
-0.35707761659764004
-0.31520242762763406
0.21596915497299274
0.13561304368985738
0.07950999641476597
-0.026615188781140386
-0.06801454185024619
-0.08988752893510593
-0.0918922361615423
-0.09381851158068102
-0.049707748036185107
0.015325943601010611
0.07257631900203604
0.09014542515943674
0.0853692146528256
0.061897263447774825
0.007550759902944015
-0.05944143304380706
-0.1241255901914648
0.03608251119502487
0.02835139697746858
0.0633212021324957
0.06874140580529656
0.08065117481362527
0.01534391631721918
-0.02371019708324218
-0.18933889913089663
0.002284338245345713
0.0027382886294383124
0.05449104430594087
0.10201018881175439
0.08855145174363893
0.05237147383201411
-0.001379693161695339
-0.15255563081277912
-0.04850101377675198
0.021157520951595288
0.0261568836169096
0.004183875403235823
0.06019617876793493
0.037812195006813626
0.016815296717293815
-0.10174832350934458
-0.11657565869445695
-0.07815156147560653
0.006621520832508498
0.027188458005800015
0.05845431431025194
0.057058515356577855
0.054134048298598525
-0.024597006284628686
-0.011743899552515646
0.011790778557726672
0.09830088226314351
0.22481834338975676
0.275223566087659
0.2556511310541883
0.12819354036470304
-0.01114244534221498
0.01021739830507197
0.05552463782681416
0.08930333995556256
0.12062942733694326
0.1616549059215614
0.24411657184718366
0.23847949430523768
-0.019307966215478423
-0.0036411164873438318
0.04193981714142636
0.11377482522942253
0.10531880636637972
0.09283816058829583
0.15866855074753183
0.20345290508362252
-0.03299504573448914
-0.01824899131895169
0.054636399077751474
0.11013252589859912
0.051910789965286225
0.012418853237357086
0.04055090511578312
0.12122384764711142
-0.07653494265395122
-0.038689497251232
0.054668397442789146
0.05094508036198661
-0.03461987799896593
-0.11743387749235046
-0.07771835585976883
0.011007915993109102
-0.0941476784355886
-0.020866540289971286
0.037503606819123375
0.009669612971262093
-0.09034611259649383
-0.17465960052164808
-0.12394010965931905
-0.0695760920372743
-0.1334180912925037
-0.040913138666871685
0.04758713071399834
0.019463260396081816
-0.10593753598173705
-0.15978495049933922
-0.12342974754639702
-0.10766265091521321
-0.09660881255992484
0.030151672550768588
0.11310347212170409
0.08420070106228512
-0.03276992569218076
-0.03920019705729222
-0.06508408039874425
-0.07430592607293995
0.016634999151871388
0.14497903184402566
0.15201568149091513
0.11705031778210417
0.040699423726203277
0.03136898759708212
-0.00630874612393606
-0.0681958682486398
-0.004273052060715987
0.10431534843068296
0.1250545109150712
0.15367901488461272
0.0867732808606971
0.009637151499312723
-0.09392299461144585
-0.12771662573393217
-0.044829277399683176
0.03624488224368405
0.10409858831824956
0.09672541810150975
0.06559623620076172
-0.03435231597299376
-0.09879603585390523
-0.13303414700985683
-0.08667484294168624
-0.03736386932406566
0.034384619940889385
0.0688354210413411
0.014315327994057242
-0.0938247422021638
-0.12114701591528376
-0.1265031637709632
-0.1272638143995289
-0.08550636133127171
-0.03429827337029068
0.07253846318048449
0.0543417839242743
-0.06977711922989445
-0.12499864972040486
-0.10550959957136474
-0.09453763164931797
-0.08606264312225892
-0.049323297785307696
0.0731074261920624
0.03433147781637497
-0.05482123975296313
-0.09414858472763575
-0.0824239545265475
-0.06753042712053894
-0.0604649168734574
-0.05055519439937871
0.030245534515085992
0.012270104515467062
-0.02716746056116534
-0.06534240349760356
-0.055290566787908224
-0.059693879245958356
-0.06388134289535465
-0.04640785372974431
-0.02857118341084039
-0.02165119050765002
-0.06427004254232146
-0.0504116737043632
-0.03353351985104297
-0.05607307198192438
-0.018690334996653582
0.09430213897629687
0.1797473500526528
0.19940229260334574
0.12000146772255324
0.08192139547329813
0.012881085677440313
0.008730362614443196
0.10834877847963371
0.16386141269097337
0.11556609293991932
0.09002335026692806
0.07102204715038415
0.08953099421028171
0.06962495272398467
0.051820421794912724
0.15280695137282252
0.17449667881023045
0.12274151351933915
0.13542927966945706
0.13867835619934715
0.09250889690889635
0.05894246744436271
0.10317807715624597
0.13227452831509703
0.15539541300619164
0.17864852634593537
0.17856775498730637
0.1857816935854799
0.09527344076355238
0.04442111773133653
0.038497142500437787
0.07208039517547438
0.13302961452265882
0.1611196294156905
0.2231490783330402
0.24988278021784682
0.11860425661267532
0.04787029791843697
-0.07559823622540227
-0.0006138457949580456
0.030588555812748885
0.07146553438264847
0.15850366223690002
0.23410121164692377
0.22105077563712305
0.07018934450279424
-0.1632357789819155
-0.05206196752825759
-0.05718080770299608
-0.020564894734590916
0.03080538372348801
0.13839590187097223
0.20562128464416848
0.10661929026752126
-0.28873726289274004
-0.18705016118929207
-0.12639286857245566
-0.10226339285361313
-0.09867414222533241
0.028582140659707683
0.15157039114923065
0.12126677688814247
-0.30128416041905104
-0.21720962391473575
-0.11723025520926122
-0.1628301405519641
-0.10872365142462412
0.05158912858186612
0.12761806329030811
0.14379075019665274
-0.25756091483573257
-0.19175319015396258
-0.1313329459496847
-0.11315450166371338
-0.0694463720165528
0.05912069163821809
0.11306216424538867
0.1436344745539916
-0.15854861339115395
-0.15121671172292428
-0.15066878962920693
-0.1428131737948373
-0.08755065856323652
0.008757775484548341
0.07203150865077179
0.12777617584002635
-0.07160705221251537
-0.08447285113761946
-0.14043580402375744
-0.1066114967191269
-0.0792801971826394
0.01830028869595776
0.051636183092400784
0.12163213680997886
-0.00011354080225195462
-0.003778056677628927
-0.04371516240023943
-0.007521452658774741
-0.01061201123079969
0.01622811389391199
0.03269914846437502
0.12606417653772006
0.034550806742591755
0.02999953555362661
-0.00766881563458327
0.026457386652003534
0.05223994430062551
0.015572214254869987
0.09143984926714438
0.10290187313639423
0.020500848399996746
0.07957360632727853
0.06417190326759709
0.08420504451908939
0.056082083631126704
0.0042063606755813054
0.06692662682497658
0.025957975073478967
0.010059068532989573
0.07993854777640189
0.14276917557659646
0.1843245720981857
0.12181185448692153
0.04754811351696275
0.04444284713613539
-0.007414235922112877
0.1212538164244612
0.07394879079819631
-0.009974711471178371
-0.03172265697548743
-0.06812002679185858
-0.07896732547224958
-0.05708990488257698
-0.020358966704776715
0.16480284757101177
0.04584384427250132
-0.02250257445311482
-0.04039755800278662
-0.07916473252150913
-0.06576018867032554
-0.07309571107274557
-0.04908613197764573
0.19618371718755961
0.03212513124509592
-0.054010393806293105
-0.05436175615999847
-0.10323747587533885
-0.08988870880109634
-0.08483153746884464
-0.06848777292803332
0.17636476094439155
-0.0075049546049607285
-0.06087099593537543
-0.08578335889302639
-0.11649157713190716
-0.10615077577766105
-0.11227925180024079
-0.0973231322956678
0.11490845443580344
-0.011711926093893654
-0.08685490261176249
-0.1322305535373608
-0.15391939587819659
-0.15861571045082112
-0.13881885878061473
-0.13244580899956293
0.028697482208172184
-0.01076426413169393
-0.08090839348941375
-0.1182457892748377
-0.150951376104295
-0.15539724302405455
-0.13469500093154024
-0.13968719290747583
-0.018066777512001364
-0.014131948628515412
-0.05503300259285265
-0.09201977969063915
-0.14457565166946607
-0.1383500960663086
-0.11074855322055815
-0.1328290721765591
-0.02235613598125155
0.020431925837725046
-0.012730313843890256
-0.05522610475886236
-0.06636975789910937
-0.043185248966560896
-0.04319333436508127
-0.10077878515982852
-0.04906309242260154
0.03653489549537098
0.05922089428806171
0.017349405967828857
0.010603814914994514
0.0378325012800258
0.0483110688421097
-0.04772225137337566
-0.056886423512894885
0.04406995895018925
0.14788846528433458
0.08085530001457196
0.06448612693746168
0.07974181931427972
0.08158886544927757
-0.001739920975853404
-0.04060843752390486
0.09089341647576249
0.17559306488950416
0.0846499569648585
0.06228018639576349
0.07396544259857929
0.11843188167238472
0.03624297310313973
0.0009850081231291274
0.17999877742697634
0.17771413584035084
0.07035709123542411
-0.00511596791145047
0.01899482969933014
0.14010140359455903
0.10254921939500529
0.05976698359383395
0.20042102118887933
0.13359512882140118
0.0325557140962483
-0.059634145455016885
-0.009938869169511588
0.1482722236124332
0.15805431616546445
0.0948195513236961
0.18894451192161593
0.09769157209442758
-0.030731982560038895
-0.10609381449895
-0.022327910158047082
0.1426762361668281
0.19165039838547943
0.07656185278251887
0.13462910501909547
0.05144644340184476
-0.07115585543794117
-0.1275222918797017
-0.018857016093902668
0.12793640192619968
0.19037289341062352
0.056048207689640195
0.06075702785412701
-0.04122013226857252
-0.15543058147240946
-0.1613381406747026
-0.021292873273550783
0.13675634888907093
0.19568899226467432
0.08212407120112442
0.2740187642329194
0.5137628343994366
0.5039283514770687
0.4780236893106342
0.32651816995185734
0.09727922275110325
0.01889482552062688
-0.004275020019944564
-0.04837749779919742
0.06469062803018674
0.08983033662945608
0.17501547017882046
0.04186715382714984
-0.05117438783569306
-0.07845018951215302
-0.09671341964667696
-0.17413897287531072
-0.16026024586214965
-0.16009347291165293
-0.03290810182033596
-0.09781974139379845
-0.11915579115331389
-0.10187871064088454
-0.14425792928599945
-0.2133692643316033
-0.2494655205811722
-0.2755145886327074
-0.19526673501346925
-0.18391709326262495
-0.15602148466005414
-0.11446083649295791
-0.18003291177497255
-0.2348157777975371
-0.25293561843697565
-0.23312485463744675
-0.2000416570505651
-0.17699882771364514
-0.13228703091315025
-0.10192449672486281
-0.2076996633417304
-0.2471489886228974
-0.1891725834835078
-0.13153542647735345
-0.11049087497335038
-0.14209546989413424
-0.15086076645865548
-0.12480193871514343
-0.1716296732276214
-0.18433292490960895
-0.12697976760082064
-0.04154321251231474
0.0004977159409631782
-0.08569956446924937
-0.16807894404997334
-0.12666712202644007
-0.15704997957963585
-0.1508642446178462
-0.07890349279787856
0.0593963378892397
0.1609437093882778
-0.06973717886026626
-0.17903974067412437
-0.12088208900534714
-0.17039497790700797
-0.17105830085298757
-0.030998833397242867
0.15385397353738622
0.20144883028649835
-0.04278172970133676
-0.15634079127335765
-0.0995966483405486
-0.15741938324811544
-0.14521111415732213
0.03458019588242972
0.23251206590205503
0.28260694259191815
0.041678698804009984
-0.13896626558114739
-0.10845196938080995
-0.12356308544986683
-0.07783315761143923
0.0849360867765137
0.2957348879477489
0.33746189158627654
0.0769716319898478
-0.1550483328747544
-0.13055444478522846
-0.08828750316960488
-0.045789635016678265
0.11694031424417806
0.3200776086129996
0.3240399619682274
0.1672181249880253
-0.1145519936645985
-0.11873109945476801
-0.06794776796001778
-0.013358592212270703
0.18861270360591048
0.3238226285028691
0.32852983633987387
0.21007940729344302
-0.02210380308879309
-0.08706006221005591
-0.051221890318381896
0.019725021924875713
0.2087986035827698
0.29890612781321274
0.3301462261406943
0.21598071385212075
-0.007038932235399836
-0.04470017449172348
-0.024266317448605745
0.01992263462636769
0.18833491800623972
0.280658392760248
0.32407202450168615
0.24344595872960217
0.08664939488242346
0.009895756558318973
0.019067449555976446
0.012407282759863598
0.14849423924449223
0.17875678844883602
0.33077638445310803
0.2949756400662745
0.14710232464174064
0.06519886797069407
-0.004697611289858683
0.0033506818070363487
0.008777229338554904
0.012276397365881209
-0.011955063168559876
-0.010700013201500103
-0.006924842075471737
-0.0026314907440889157
-0.0174135128203686
-0.025903750838817186
-0.039729622884388305
-0.04435666780633124
-0.03779112177163069
-0.022593455581184252
-0.01558434808471909
-0.021572579221686095
-0.035139246768507326
-0.04604038350445688
-0.049818144017574895
-0.05179376718862731
-0.041990704213183655
-0.04333136693649277
-0.032464450744857376
-0.03356053061744607
-0.04636077689028373
-0.05177187364329855
-0.057471402909946234
-0.04824518583116977
-0.039049836579143855
-0.016315454364559716
-0.024021318412715598
-0.042239895075329215
-0.06781259784613083
-0.06488580000893523
-0.06829990164494376
-0.04938925292942553
-0.028150000942540165
-0.009969046501671464
-0.0350766985252986
-0.05576111450514923
-0.08926493288065729
-0.07952650493777538
-0.07357130194271205
-0.05468848792121239
-0.026018508676347654
-0.008073193877139673
-0.0328466142281882
-0.04430326101714732
-0.1112237886698059
-0.09206273184269537
-0.08224619810025749
-0.05836702959357687
-0.02545193194517523
0.003127022858781636
-0.022434237488884345
-0.03991207508184036
-0.1183913885190033
-0.08661788809601234
-0.08601464320957908
-0.08249097524788679
-0.036913641086813775
0.016009225531992057
-0.010837427587568449
-0.03997032879605614
-0.11769918349229586
-0.08699595524853476
-0.09359962141376083
-0.10026786359163026
-0.04840524862468967
0.02563263253745382
0.007003612666970499
-0.040242398042591165
-0.11142157447742979
-0.0832636671883239
-0.09291287942832632
-0.09244664818377893
-0.06085630846725454
0.02612008772072144
0.017028601388954512
-0.036479527868596644
-0.08231857326702244
-0.07451652036231454
-0.08650362271920237
-0.09435292889262314
-0.07160868851152818
0.014044466150554158
0.010069967797446483
-0.03194429291220344
-0.055739450717901456
-0.05603051988776242
-0.07837039573763493
-0.08727409692300614
-0.07055248336731529
0.017751191329769933
0.031152617059442445
-0.007643388502280579
-0.035081416949371586
-0.02751588012035122
-0.045120764753258435
-0.07347707687258759
-0.05180140325804421
0.01400125305697758
0.038441441106732754
0.006111347750293983
-0.012460661934098782
0.007710072119780198
-0.008229492169715039
-0.04742739985723518
-0.046818122182696875
0.00818947395425268
0.04768655739349775
0.017540890995613068
-0.007512429540107283
0.025015527367486107
0.04285213781048133
0.021905381730282565
0.01715697773845369
0.04082143989678366
0.07150433952388086
0.021368885259639203
-0.006911963029183316
0.019334160993662475
0.0758802361424985
0.11645303812783817
0.1227341193213653
0.09433471106418018
0.057112017089361755
-0.0026380612676150106
0.0978902699547706
0.04695291564462137
-0.01069246017819786
-0.06419245269279938
-0.10673376578767096
-0.12463801893165305
-0.09196502225762301
-0.06554602398220422
0.13139721757981832
0.05353411710140554
-0.028373787137188966
-0.05864397479054845
-0.09511958614405641
-0.11127277356140208
-0.08133339140688947
-0.06697083733763343
0.18645175922455165
0.05227969650826625
-0.051764815168361955
-0.09076341280694698
-0.12564509653375353
-0.11261709366213973
-0.0779802046899899
-0.09637002535088368
0.1745909852207702
0.029950706156537832
-0.07662495575231909
-0.11353297219914882
-0.11428378905965121
-0.07031153147933156
-0.09691503680310065
-0.13892960687990163
0.13131796000872314
-0.004105596729564759
-0.11790653123980238
-0.1236142772867459
-0.08460577142885867
-0.08001304677038923
-0.1222721207467275
-0.16119099205858492
0.056371853042989875
-0.005323645612432537
-0.06881046304278447
-0.07344440608055694
-0.06637696636579754
-0.0486288650854271
-0.05571194255247103
-0.10356181302136214
0.003548374771479977
0.03943030664004438
0.01747090925657547
0.019316886108422665
-0.005826068043907784
0.0073292660566229295
-0.0430912715742911
-0.10000466191813501
-0.03895744153958472
0.08642203175026951
0.08677565251124003
-0.013283643799669342
-0.038674806895410876
-0.02621331263739958
-0.05260531173109736
-0.09947267227956147
-0.035026532702869984
0.17629428910488232
0.16159627876385857
0.018476574800067314
-0.020359446312698926
-0.038165464387846265
-0.09737343838980057
-0.15841409012615382
0.018875764975862297
0.19648657947675513
0.1459256668466432
0.07070409321766385
-0.0054834187224818975
-0.06713088807972273
-0.13232563983330636
-0.18495457260092818
0.07452503593395549
0.1736545760049082
0.1491664915945505
0.11342972759185006
0.060221224214225544
-0.028514013796861415
-0.1379006159505503
-0.19020270267368383
0.09018190257039874
0.1717631197138639
0.14332037188082886
0.1115867680798348
0.08365534652203604
0.04214357761648832
-0.052471146508425506
-0.13993483890242758
0.14258473545061578
0.13406630007520082
0.07857788968011081
0.05635530539630307
0.0839137610615941
0.09097883781789079
0.055220693012238975
0.01184551817144179
0.15116349114182803
0.12660038842994475
0.019746546297339462
-0.018134278867298376
0.049229062109486244
0.11028570670604992
0.09436979796892361
0.09593759044938266
0.15191207230552894
0.07359565320480582
-0.016218257522194968
-0.04564698531662709
-0.026431282843336013
0.04802196298934974
0.09406606822964986
0.11429504153185494
0.09962299748332792
0.07467902548257316
-0.05485408499707728
-0.10260289627906666
-0.11548752930082108
-0.04258347736983123
0.03960843425888509
0.0948073400783106
0.02959897935837691
0.05084737800829335
0.18466137750359662
0.12137880670173885
0.031390814342663775
0.008346940232424022
-0.07041331525435884
-0.03508606604005954
-0.014283610881354436
0.0001069937268495802
0.13032321012338982
0.183484777797431
0.14913685548322964
0.037260818113516614
-0.07016778346864466
-0.05682914903000537
-0.04042411806748547
-0.03533491978349555
0.12407195925423245
0.20849011804101503
0.19949741483019995
-0.0011893270652852395
-0.08711771144091077
-0.0880172317717014
-0.06999190794172386
-0.0750523471481751
0.09375611953822549
0.2304298258950967
0.22094540440527843
-0.041611978405987515
-0.10126393353492275
-0.1081500828818363
-0.09913239588808034
-0.10169700891209443
0.01883392308326931
0.17875174212512582
0.20924293234489472
-0.07632186217558357
-0.11236895033602895
-0.14633678475098233
-0.11501080913958656
-0.12450040361497922
-0.025108571400004463
0.2097501771909021
0.24287019258987663
-0.13472153749458238
-0.14534428553001033
-0.15566513271047105
-0.16364788675076447
-0.15162713712971515
-0.05191014727237678
0.19989684821377843
0.23952541200769345
-0.19741325011015332
-0.17362986821680937
-0.15131350834473278
-0.1553581051708377
-0.121567902082432
-0.0779392427888978
0.20597489359062948
0.1956567322645551
-0.24299597106328139
-0.18172261352318664
-0.1387257026511284
-0.13643351180501379
-0.14480923046980254
-0.11702266627506075
0.2506440772568368
0.14439523848563998
-0.24076717433586076
-0.19285287964630748
-0.14305735864652658
-0.0969781648962901
-0.16413215076225735
-0.12266994612268095
0.24550908947093375
0.14700509732226957
-0.1917047027752983
-0.17922375484163855
-0.12704232551821096
-0.068495155688229
-0.15948568369224236
-0.10304128195493573
0.2385383195824574
0.14222411133892748
-0.1545400667617132
-0.18208215871541722
-0.13811383169476182
-0.007481833423615691
-0.08075637223039732
-0.00806231992514618
0.22701601011213624
0.14981445827516762
-0.08713703565164584
-0.15217597735479205
-0.11229330076792898
0.007273980181742766
-0.03130098009870108
0.05488844890393757
0.20301153462055532
0.1888814645822819
-0.030190356569671978
-0.1250056060097255
-0.11516420933467086
0.02798968364087881
-0.03302716663332811
0.060897134658647656
0.15095225214600633
0.18632537287802764
0.008579559443574802
-0.10649180418188875
-0.08300113979169577
0.039283950218828134
-0.012254552353876846
0.1278535006672874
0.14386599823486151
0.23034125546013823
0.10143503397827874
-0.04377038314010592
-0.02964457624937955
0.025678704887495296
0.03669954184419277
0.13500763515315178
0.1326057706503923
0.29899675732954467
0.2661982777914243
0.07698407301090804
0.014469472422523194
-0.02662155886216777
-0.04074778967613818
-0.059893965837425914
-0.07936328337310482
-0.08916059317371383
-0.07586221522447201
-0.05895444481231793
-0.03825450714339895
-0.04542381333287751
-0.05343928079591999
-0.06765828372707827
-0.07994025781087115
-0.08766583306477044
-0.08378250199639414
-0.07549962036667951
-0.060502977288742044
-0.07124797138033422
-0.05882783483695511
-0.08414591404317115
-0.10498504298833378
-0.10768865016803053
-0.1061331471418906
-0.0870350690868516
-0.07135842123768052
-0.07570657589418905
-0.08024766509063476
-0.09631502913390086
-0.12059361105140193
-0.13277775369120537
-0.11233023900309544
-0.058346029113452366
-0.07495163530774865
-0.03514469899877991
-0.03527261612628069
-0.017080253781107002
-0.12470425960247766
-0.1354967455686237
-0.06654838954277377
0.005942894435799484
-0.043554785185144024
0.04109752166942324
0.05328728116205822
0.09264935754722642
-0.0032864759295173074
-0.025207779832862542
0.05657024074042083
0.16687625099780568
0.050193336548177606
0.20363009010249195
0.16458695768619214
0.24285232902382456
0.18084478527074863
0.1746378493514248
0.2552970546837083
0.2422039470351547
0.1808322455830519
0.15158073216765833
0.18997257131532364
0.14379702315832188
0.21617561589569892
0.2754459750757099
0.18389758381214336
0.17776582062344148
0.31353582929395263
0.1692584723377181
0.16328952202445995
-0.06025559024479406
0.19633946862769502
0.27466482113105634
0.014590754919565001
0.027247890352709137
0.3586525252628317
0.1799314980251589
-0.05696366437815731
-0.2576218363796495
0.05044421617878253
0.10865399950915391
-0.18641312407948368
-0.17673018614037372
0.2606465356647519
0.09628448706927539
-0.21828561557980886
-0.30800928783578313
-0.11221638874328546
-0.10528453313116964
-0.23975294780570788
-0.20722585461832965
0.05602065861739175
0.016662351063143732
-0.21888847882525408
-0.24128692527737705
-0.1913626902276242
-0.18287046450563077
-0.18966180219264983
-0.1729797363258942
-0.04292116047593306
-0.07081077708044242
-0.152744862929674
-0.17182578735744447
-0.1661063000675017
-0.15879867513562518
-0.13092966653047922
-0.12489951548951228
-0.10557966378119799
-0.08128291922813119
-0.10934164866860574
-0.1247430983624544
-0.1279555423062242
-0.12514591173928413
-0.10405570596672625
-0.08825756962699965
-0.07390757981106957
-0.05956370616603357
-0.0736630462294903
-0.08558035846187984
-0.09407426664889557
-0.09553996116782638
-0.08427598795304742
-0.061286716092792654
-0.05189940234920437
-0.03344864789973084
-0.05107210938570267
-0.06938961992910131
-0.08016742396192583
-0.0866112738007409
-0.06909975723784437
-0.046453396172517314
-0.030168936405330814
-0.035118038676612645
-0.04696202132233974
-0.06659028427951713
-0.06903793247080728
-0.08257947406595254
-0.0805782299331993
-0.08307837290757591
-0.05623819618163273
-0.0409943557998388
-0.035470259560001105
-0.07129065276768318
-0.059403612435496314
-0.02350571693028297
-0.04981094416145171
-0.055515768472088445
-0.03950149213945721
0.0023862059939450675
-0.03602427504162256
-0.004290942185609603
-0.012154859528921313
0.02097647095015663
0.005026131627015873
-0.047922130977671534
-0.03965679819695192
0.024651390903896564
0.0009015597984035062
0.03593253179367523
0.036112883072532076
0.016521083428687133
0.044758868874210406
-0.010244201258837099
0.036563909526496415
0.13797768102132207
-0.0013116036058995473
0.041238162931149014
0.05928698680597444
0.09524252580094661
0.10226052992257567
0.029693068485434293
0.040589291391276316
0.24109876932885632
0.04039285926691574
0.07907313000591754
0.051780159711593915
0.11401664456124891
0.14213616644558047
0.04951289778561768
0.09958705039009386
0.25729595819745354
0.1252582914596654
0.11982252697546295
0.031534803806324965
-0.031920085526506214
0.049712234957616785
0.11802312363825523
0.20399912671164055
0.21340696020440325
0.29924074156016944
0.17057231259856714
-0.02748330146361011
-0.3095383905443373
-0.08331477318088565
0.2396546055995088
0.32001434605201085
0.1802991363799683
0.404170200834949
0.20199933498123318
-0.10985051821699432
-0.36342413497685055
-0.10212556960824343
0.3047167185527072
0.3199349499069697
0.1699417779663085
0.28002072595986627
0.08867966336482543
-0.1446708474537386
-0.32345929385881145
-0.0631429786038118
0.23931126535026642
0.3469329743015466
0.17172709706875028
0.09563489357532937
-0.1034935334353263
-0.2841491929210487
-0.3277983407445477
-0.13831230426687569
0.07302900795371278
0.38251015595836196
0.1833474808172002
-0.03625536774946156
-0.23221843755737914
-0.40307477812168047
-0.3801169611986217
-0.21738347673423056
-0.030268580448959387
0.3074846497050616
0.1126585385135111
-0.1180928734303437
-0.25289218432557187
-0.32690728957951054
-0.28641635800799214
-0.23084032118615253
-0.06588840324607398
0.17588080025996386
0.036481095494297594
-0.15705651773920948
-0.24514079938766237
-0.2970603515980976
-0.24819350242618754
-0.20653977656424605
-0.10117224279060161
0.0963985300976237
-0.029696969041044297
-0.13909747921536458
-0.19542581520914695
-0.22285106041401292
-0.21505367495861658
-0.17962464032519088
-0.08819163177424641
0.011047091500873615
-0.0379121972232227
-0.11057487090076018
-0.1657751045393137
-0.1972892539529738
-0.1904227829671934
-0.14333553811202232
-0.06713221100915545
-0.017302900413742855
-0.019820014930767738
-0.0018018419345958714
-0.01855922097436058
0.007458215935585766
-0.0014777930997236233
-0.044629318964206244
-0.049224884211498454
-0.06776314913778009
-0.05194056307556552
0.0006824830673872184
0.06534556211141324
0.07697589750676914
0.04347346641698295
-0.0058351206630390395
-0.05537133198609506
-0.12058629093486789
-0.05139039216044827
0.03926394188288135
0.08123486376947614
0.11134009240643372
0.0640740838523392
0.05949154121440178
-0.03088888278851082
-0.1656005867594336
-0.04715241221896155
0.0976416599363314
0.09235351944819398
0.10708637449264975
0.09035496870269327
0.07266228828428889
0.042253682176798646
-0.14617134769196313
-0.06802955722263881
0.10031616324889092
0.1317058147243538
0.11776276201514727
0.12154384272567592
0.11654639637381262
0.08370097263943765
-0.00842997544111157
-0.08438280860547864
0.06735409792548203
0.10037483618696488
0.11659279324445834
0.09073123864278776
0.14102852111026543
0.1325121023469582
0.2130804559086902
0.00016058743024591204
0.07140398406484727
-0.016374496440140607
-0.13280030408596355
-0.20771430330834184
-0.08744174122540305
0.09330622496268119
0.43691717779047773
0.16501461145417656
-0.043899479939274844
-0.19388735702359883
-0.3094887782650327
-0.31153409426464385
-0.22804393056155609
-0.07725137108102464
0.5968002431886198
0.2442906302479645
-0.1569770059248911
-0.2492951137233766
-0.3512616752148676
-0.318692938978466
-0.26463142140563106
-0.048321205997778865
0.6007894388585462
0.2674588774904262
-0.13596809636126203
-0.24192368612350773
-0.27319066010072623
-0.24389283089443933
-0.06971726597173714
0.1104683824384732
0.3648190190506925
0.23984172758668332
0.001205345863564286
-0.05798775011318756
-0.0528225176916724
-0.02919522218737361
0.09784372985907318
0.13171335857806038
0.10674028456859397
0.13649028469527727
0.01695685241457523
0.03358460830861043
0.032909769420878934
0.051057847428733316
0.13000473488368788
0.1147929135263343
-0.10441108762816081
0.0763717762449809
0.03202636719290497
0.03480067061941178
0.04930121264520565
0.07427059348098441
0.09086429659756795
0.054177218572090215
-0.1676061864909334
0.0026565324130603946
0.060927493295267976
0.046252838076653036
0.06189417543143612
0.049695442299833026
0.058655982257744294
-0.0003198974301876945
-0.17137054984017341
0.007276229377425197
0.05840526466805457
0.028511652272879606
0.017116674256430264
0.04311450260210131
0.054329406718371165
-0.04108153432625544
-0.09798346216392573
-0.015872179531184555
0.05505240303554823
0.062066178581134585
0.05669399445236413
0.029037698609282347
-0.029745755328177637
-0.058905985804547936
-0.06322372711282748
0.02832695105151859
0.1504446462282104
0.25496468102511977
0.3206377142579535
0.35197041254028877
0.31427822895434254
0.12758370812988706
-0.032560636641407986
0.10024963250166655
0.16487814359633518
0.18765396571904036
0.13075785577946014
0.09535582414701632
0.20116329075757233
0.2263996340310303
0.06950109311463754
0.1383166455944691
0.13941990437934793
0.14935558291672607
0.06791856504161253
0.003938229988598857
0.1037684144967087
0.24566414777554588
0.14270014282276677
0.10980870993304748
0.15588210734941604
0.15381531032832343
0.032509609649096216
-0.05306810416665686
-0.0015506657041662875
0.20610739454126473
0.2293781665580324
0.027306293339272217
0.08840078860254005
0.11414800792110838
-0.03392237902753659
-0.10134343380435057
0.01994019429003968
0.14201661980280766
0.22580977416894052
-0.04731371080152291
0.09566936635609719
0.1269785159489033
0.02596708443880391
-0.01590315618919156
0.06880319551226277
0.12795451220818624
0.18805360206387978
-0.09588110621809548
0.07580995737679602
0.14708303442130852
0.09484673057241225
0.03280259866623403
0.10401911580498821
0.089981860843487
0.06952339715984521
-0.10659142781407986
0.11417753564674893
0.1900195776665525
0.057539351041275666
0.018585090888563638
0.04961854167392102
0.005793011109712937
-0.05992261466429283
-0.12502583142424156
0.09385908378928173
0.11527764088533435
0.002452271371080922
-0.06330511226931163
-0.0825984948008787
-0.12753482167296432
-0.16168072120408772
-0.13183457727441777
0.09210473617305329
0.04660789474273169
-0.037236368179314916
-0.10836236286620826
-0.13085585111204168
-0.17822625413307905
-0.20138288841124205
-0.11377176525886429
0.04134124464602171
0.0180635400493043
-0.055302841966389446
-0.12530635306612736
-0.16589716449393688
-0.20607830166833274
-0.2165235058580199
-0.06119174252359055
0.027285349208690204
0.018613064551597724
-0.07800239837908912
-0.11952876228769105
-0.17016046138172175
-0.19548130076982484
-0.19601702435992818
-0.024051091026810023
0.02402248477021357
0.014884814892948808
-0.0516829480180549
-0.09198221834237344
-0.1528861284647155
-0.1671172940635789
-0.16160670615515754
-0.000351485281548658
0.012638696048929254
0.03733007745600847
-0.04204524045358127
-0.10910820764882673
-0.16236905121052675
-0.14999867488147456
-0.12168223068847775
0.04686548893329401
0.0087777232696436
0.037825109197237694
-0.0343498842595763
-0.09410842258843688
-0.11274788691759224
-0.13200410188191442
-0.08608204017159027
0.047226373612262174
-0.0050791168693896105
0.010215778379130624
-0.08472297227918996
-0.1433961466053315
-0.1478615032070527
-0.13915527934805
-0.06585562951570036
-0.0049604011523283476
0.020656991649673606
0.09907747498624328
0.11361911311347467
0.09323621677080768
0.061013994519523926
0.03265268869461946
-0.0059315026723628095
0.03335979171423675
0.10051103256530791
0.11989089395609126
0.06625602586622181
0.07248912311243971
0.05740827173458521
0.05240550557744089
-0.012862432176949878
0.07972079842533203
0.13384208904013428
0.06919712877269779
0.048441132642530284
0.06748073205010241
0.05418891688557198
0.03020486667850053
-0.03735901715906964
0.09629048824012107
0.11271799859081374
0.05662503342054273
0.05340964191535447
0.08040253096501568
0.05281611860969687
-0.003740927850057474
-0.055122579610295847
0.059513654464454446
0.06589733879316123
0.016633379052202912
0.038928848656780424
0.07700909415780016
0.010278377170499842
-0.03988456720878611
-0.06531502595020787
0.008010184469826404
0.03950696431687739
0.007763397392755278
0.05552339245519289
0.06553572120331555
-0.018692049820649634
-0.04433759065400403
-0.04978039795554717
-0.07951145121484063
-0.03356743800433301
-0.01921372682027142
0.03408151145563325
0.04256527726865178
-0.03261928203068608
-0.050493986087049
-0.036846479621164344
-0.13993024872658094
-0.06788740117461187
-0.04550779580347064
-0.013336443532523778
0.014045833875656125
-0.027161662683806462
-0.023953208074615845
-0.012488358908401692
-0.15778065317064488
-0.09567852976982871
-0.08901924542428274
-0.04011771089346594
-0.031112614670264382
0.0058479597723303245
0.021678993956632142
-0.014164239996691502
-0.1479341628588146
-0.10981312170193885
-0.0872002998456512
-0.027070853170977127
-0.01963286462466335
0.010654482191282899
0.0292385690982625
-0.042562181944369115
-0.12866092612394275
-0.11205380597819584
-0.08766374231403168
-0.04198098731056249
-0.021735891456914846
0.01385407746929418
0.012515687829028732
-0.056684083637496496
-0.10547232455780636
-0.09108701502018002
-0.06478095902327136
-0.04649154801203437
-0.014722974763406838
0.00474409433836534
0.0023107722488878712
-0.021237868105253133
-0.07901936626738446
-0.07958281603160589
-0.04630028971587785
-0.026287935580318944
-0.005684221752878749
-0.004358298694846108
-0.025398462380278652
0.028563671100744214
-0.06156806534168924
-0.06056391083065377
-0.047361582933723334
-0.01945532722018739
0.0030218720261998566
0.01265764804367181
0.006731393203135927
0.049904351439984715
-0.03795210121223519
-0.04435537360326275
-0.032205506941836826
-0.010587259585017994
0.027665189609701213
-0.011309132278207346
0.0255553344805054
0.0567342560772955
-0.025943402902446344
-0.030641742804268207
-0.02803184473571793
-0.023368771141937028
0.0036960038660150962
0.017217361721520774
0.03298500805015525
0.017856091025774116
0.0008755005260376869
-0.02254286688334528
-0.03240826731021185
-0.017656620465520523
0.02371489944599181
0.04747683694885316
0.10837807640244253
0.12177663400601851
-0.006233643139612666
-0.01868916322669309
-0.042897259898856344
-0.005017994853992458
0.05254798893551765
0.057912295701516014
0.026928154324075408
0.019813522225428037
0.059621550085831865
0.03212352704148708
-0.010767109137062691
0.01795491543879224
0.06922960809765877
0.08063510365709539
0.05513612589397149
0.022533729119476764
0.09966302180933001
0.045714069008306324
0.0672142131402993
0.07162733508491846
0.1271048989401137
0.12163950254076969
0.07577340588191454
0.06146479343412031
0.23549326355996264
0.07651546289479888
0.0793868990782226
0.13475416148264377
0.17857501334596
0.15964767645393124
0.1316945114259321
0.1628323267597388
0.31187354817584473
0.13800145012011877
0.1319278952827681
0.08243542046398077
0.04840416421991972
-0.001063717633848109
-0.027157893474416876
0.03252762154198957
0.3576196733830727
0.2345365999078029
0.11785507558479325
-0.014996206500815012
-0.11565623631250227
-0.19474002149575356
-0.249202090106887
-0.15650413207659924
0.28582008375956114
0.3475213032237843
0.1266946370836048
-0.07527344307865771
-0.19132886964285722
-0.2449709054560728
-0.286545289217315
-0.2928433745133065
0.20898056971710705
0.38858510651406525
0.17690341130131138
-0.08469992778585
-0.18617803816664502
-0.2282577523507217
-0.26070345419522123
-0.3056112421787574
0.16548065160819284
0.3103022320248406
0.18747612541666953
-0.0421182515585132
-0.1306700611072219
-0.19304812560948303
-0.24894663270624698
-0.32787353087262455
0.1993210491537467
0.16825048777103008
0.12463077676109102
-0.037764656183591816
-0.10950016888024841
-0.20392668719872797
-0.29176134483626387
-0.383321869554941
0.1964839442409707
0.12881107471354974
0.0420253001633113
-0.10132370843806704
-0.16605152678408913
-0.23451126511168435
-0.27544126196573837
-0.3417829529168286
0.12483303719859773
0.006741315546052895
-0.023823583884247268
-0.11342338658386886
-0.1468324161113897
-0.20535789957202066
-0.22834447282928688
-0.2428551300831462
0.05958141933854272
-0.021908235160196354
-0.035819080496321654
-0.10514408018029897
-0.13873480185549603
-0.16777428498445246
-0.19395222101670268
-0.19156843734452145
0.014170861148390852
-0.019966934038673112
-0.062240274326987616
-0.09264111212795775
-0.09702030871748923
-0.11423342486344945
-0.13731566661509575
-0.12217426935853747
0.003599734002465771
-0.015410709422627455
-0.07445644917098035
-0.0956459628229272
-0.11659103362665368
-0.10491905233103016
-0.10152548306182752
-0.09009229975728412
-0.05673964148089128
-0.06200753932097858
-0.07067128082330529
0.004219055030395352
0.03030472381395688
0.046996567228532654
0.06003685845544052
0.04978679769097043
-0.04978356920839114
-0.028704732032557412
0.00747215794396533
0.05656098944525026
0.0448506724025724
0.04599112675151573
0.04975193993614009
0.05185394899136815
-0.04127988192600143
0.03445278801590066
0.07833830515850365
0.08543364409418744
0.0671945681804979
0.06328323007107162
0.03453233422164492
0.04939255034356877
0.04002961081471084
0.11246707658775465
0.11106317320895576
0.07037930947014401
0.07748360259388964
0.04365409834167172
0.02114005499281041
0.052089907320235995
0.12116825480729665
0.15284669040401838
0.11874654587454267
0.06333834513215661
0.005298415103214396
-0.05055163964511364
-0.0749361485055891
-0.01465832333594834
0.1642553657441297
0.17827574892549836
0.09085865723786483
-0.05288543498201437
-0.13994827963243472
-0.1757926909090839
-0.19423631914138462
-0.16749745902847044
0.1012613254787643
0.14473360447793532
0.16240950492736633
0.01672184702478266
-0.09066086465517809
-0.14463614714694512
-0.18651331397741833
-0.2213614730889978
-0.10167900553586035
0.029521648824751084
0.1768838574376848
0.17891712238570218
0.08921669693556022
0.06176821699869661
-0.0229499108368831
-0.1105685746639572
-0.3240821701396608
-0.1536295482541215
-0.05239758105513159
0.014093922538266822
0.1311093602158091
0.19515980745132128
0.21050010497741337
0.14447548671555038
-0.3739835519177295
-0.270296400887756
-0.23621979118700542
-0.16245876514547428
-0.041112541901848126
0.09978568740018667
0.2174850654757322
0.31131483490580186
-0.3057349930275099
-0.23906438435597938
-0.23468792727168628
-0.20713330097053873
-0.07773357312275908
0.11503048228715806
0.23128283938984484
0.3576795882268996
-0.10345282014167922
-0.1177397131841465
-0.10336469651487551
-0.04791335735306221
0.05612303787988064
0.1274658133537771
0.18072668073036718
0.29712438064470875
0.033364359293005186
0.027064202778855018
0.03041262981221693
0.03874178527253566
0.060885022292732016
0.11393046284571584
0.13743833326751848
0.1395022595591442
0.051196896909132567
0.043347028866047604
0.04823069850804912
0.05314799768768125
0.01886886556939349
0.060212149067256415
0.03812539709158319
0.0248649823354182
0.05051594807041328
0.030695174306490325
0.03831949160679132
0.02711186792512743
0.015609093924998457
0.0045843309297920465
-0.002362932836268372
-0.002833981169263311
0.09215885515829086
0.06528025974286106
0.053955995843796456
0.01801059335280847
-0.03378484743186744
-0.07005013966715856
-0.06132773773452599
-0.042462362015113844
-0.00585703550262856
-0.04686962771010056
-0.10257951353917877
-0.08173450589155705
-0.059397183858377944
0.005090841373402599
0.0038016775186797136
0.028514521460519582
-0.023244764259591877
-0.04417993654288921
-0.012101845930531346
0.04505764722256178
0.07223012278282448
0.03840188492701929
0.029822536831219826
-0.026989190737142732
-0.06322964524125402
-0.07244787738371468
0.02446771266149117
0.10210738117571183
0.1004858754273282
0.07844201007399361
0.026452929912381795
-0.08155322665722357
-0.1002134543154028
-0.08232488985603291
0.020832542066059556
0.0951753518711537
0.10149173243113005
0.08498099302013631
0.0026248159288577155
-0.11336123375997904
-0.0936525153994453
-0.04823817166835051
0.0730790689507525
0.14729381605063818
0.06486196833442592
0.09633352973612475
0.0515809043027254
-0.0928292085523501
-0.09790539693929239
-0.07779693528022102
0.03930740616501376
0.17743903640130576
0.1836882233436392
0.10272863379942132
0.07603052891208287
-0.03263439127802098
-0.04501667179732133
0.026065235364516964
0.09902568454840846
0.1835118618566881
0.16444829295425878
0.14618014675992486
0.12509257761188108
0.06377969441888182
-0.019941648535317144
0.001177841562289117
0.09700871276166723
0.18617592890853812
0.13730834705505496
0.16614889821219386
0.08599459527298087
0.0561621196026188
-0.05086092847191631
0.06261734230728955
0.1336013330905752
0.16552024583908384
0.16502661417994524
0.18257974554745598
0.08187590736185679
-0.002545452271662335
-0.18182064546992505
-0.04652131224107885
0.073579051995526
0.10319164056363189
0.18736902420348078
0.09100732631007794
-0.06137215674267471
-0.15675664980229276
-0.25857323636312507
-0.17835689663402626
-0.0781010710012845
0.05550126146174256
0.10838771660497704
0.023380088037781792
-0.15440427078968483
-0.2583336608140428
-0.242174727247662
-0.1908483682538138
-0.0909194547838968
0.07471882054399245
0.10629294097681696
0.02532825427639024
-0.120108117654081
-0.16067105924955594
-0.1978599716792227
-0.1736051229211485
-0.07803499565300948
0.08030390533855651
0.12439746681247049
0.07350064665043354
-0.04753563351489537
-0.05147767508479506
-0.15256331707445453
-0.15415748745572108
-0.06697263907478118
0.0963548913285606
0.12520912644103088
0.10512298281236349
0.025203681444908893
0.010442026798666959
-0.0929079294287245
-0.11796469745679328
-0.08376776044542764
0.07686120688062001
0.10071611761955938
0.09810004507217274
0.06080400436783753
0.05001323487910514
-0.05194731916578371
-0.12628091117345006
-0.12862215450687856
0.0019654590315789644
0.002470844134384864
0.09086210499262215
0.09074577458859354
0.05752299754878812
-0.05708904700846473
-0.05689273866667352
-0.0978623062551176
-0.1199917077345127
-0.12590156243302453
-0.0885143476467485
-0.028156929613346038
-0.01045055383845922
-0.08049419093690563
-0.07882968582785493
-0.12444799564337172
-0.13122378951423336
-0.13672119214961087
-0.09893754018758655
-0.03530746439158565
-0.013883048742116363
-0.035545345614039936
-0.09056692017646312
-0.15926018746978218
-0.18272722941457153
-0.1870775714079942
-0.12588330067677705
-0.05645832940889978
0.0651914120958841
0.036089948972009844
-0.14077402292340419
-0.21268566953575277
-0.2384218082652677
-0.20322671005478155
-0.1313067563655022
-0.07935776729391114
0.15277713668342302
0.2042093280699318
-0.17913970895418452
-0.280037360128081
-0.3185071274105189
-0.22523077337140515
-0.08746253667270476
-0.04978200219548812
0.17954912798659833
0.3038090062573112
-0.19957725703285917
-0.2770991531803305
-0.28666746697735446
-0.16251470803605725
-0.008467770515471484
0.00701972071091661
0.2580230231626512
0.3238404478358559
-0.173745891877544
-0.2700479507654196
-0.2570636363069203
-0.03505981683302051
0.08903779064564404
0.08833443631850052
0.23512309489474958
0.32797730994738633
-0.13899172606939342
-0.2603202591347151
-0.2566605552716975
-0.010517777063703992
0.15278920541589802
0.1263225098953883
0.18796702426767975
0.34730908186433723
-0.07100312256775934
-0.2719501498655956
-0.1967683399021483
0.04319005030178796
0.2280173288873607
0.2012366112207818
0.16188034620928038
0.26906500626464064
0.03273967821637752
-0.11146442422927616
-0.06512831050034706
0.0777615382832349
0.2502804075092577
0.313207805528975
0.1706352457593776
0.13702102171748465
0.07973710388186556
0.08983578488794325
0.07988813951762191
0.0344096306915565
0.12904521887046427
0.28082529600756995
0.18476427493239211
0.03999333286458007
0.03291666210033084
0.09096172603584302
0.05758300772956526
0.051301868417108265
0.08040899991205286
0.17375511631526028
0.1161731157964146
-0.02224690609379948
0.05254329406936098
0.07346281599883467
0.018919783352051578
0.008234568507212825
0.04730268064418956
0.07977088303682045
0.040153504183696176
-0.0744443861553951
-0.011255683524751828
0.01834744007514813
0.022854628341591673
-0.01136620958565663
-0.01306245039788817
-0.006899992764197421
-0.06705010019815166
-0.08489070343499153
-0.054520004631934293
-0.046818097281090126
-0.030672011066504183
-0.038567323522622265
-0.04471715566920431
-0.05437174191785715
-0.09426278277038269
-0.05731691037142128
-0.06310976613555566
-0.04412325716577667
-0.02290454717956586
-0.030479657199014132
-0.040703462642647514
-0.06589522879244702
-0.07044653175755727
-0.011900780563096375
-0.048004071101831525
-0.08282757321430179
-0.09603003298579071
-0.1006612364526697
-0.07959729452142328
-0.02909861639083816
0.07155228282499165
0.019681318682088556
-0.04960907505392609
-0.0797695553773558
-0.08191133444524928
-0.09183924917247127
-0.06962028795529937
-0.02448343597410116
0.14821108640344668
0.053358141756948974
-0.0424431668267794
-0.08677459622300371
-0.10615970484384019
-0.11280306978574728
-0.09710381079715164
0.0036797230767973144
0.23861431170177666
0.07534802282177622
-0.04963424443121711
-0.11178052226924723
-0.13213536495849892
-0.12979686613022867
-0.09393467915737086
0.050338398294319686
0.2595022656431226
0.15554755061794534
-0.04161273463676951
-0.1348032269361077
-0.1723161790908791
-0.1571267872062879
-0.11016468250971556
0.08694539370837134
0.2464882658333646
0.18958834144906633
-0.039388047948259675
-0.14164321096344792
-0.15954282685777466
-0.15108606422703852
-0.07233889430219853
0.13049256405929877
0.17318148475509748
0.1456956494630768
0.03684269393438866
-0.11062018620696033
-0.16136812243419293
-0.15851805125575857
-0.03262366957344692
0.1448619128605564
0.08358805301507988
0.02767871476592243
0.07624376120926873
-0.03897023887609652
-0.16495983348051993
-0.1474490765896136
0.010057747825652663
0.11520613673730634
0.044858972934923
-0.05593514018132406
0.04949438225339331
0.02449993400624044
-0.11121045936442484
-0.10905487765957156
0.015838992305273247
0.07304408923414135
-0.000356990759941056
-0.10647006133912529
0.024476487923779683
0.04334169033485241
-0.0070645950823948755
-0.016288426884073504
0.030642461562293388
0.05744320363387714
-0.04467300895401428
-0.12405214459072242
-0.01854705596657874
0.06000778271329754
0.09184044175387515
0.041171036703619775
0.04721573555323447
0.03971112612733635
-0.07693303268672674
-0.12299999791403157
-0.022947633713856497
0.06277919515557609
0.11978431198083575
0.1034967581826533
0.08050257858429141
0.00958811389739405
-0.08761273010014162
-0.09489725635353652
-0.051683939703167314
0.03489156415612152
0.082144297754572
0.0848977656760026
0.06748843426032211
0.0069244614500575535
-0.07033343990881491
-0.05084144103843374
-0.04632824662550438
0.008251072731619888
0.050517205120797354
0.07185835974604687
0.06032022788603639
0.017070364683401756
-0.05109878637192761
-0.043857529860021005
-0.041253494102769794
-0.0225747973507556
0.007094827709711871
0.03591485813920281
0.024041885224863835
0.007140784550268614
-0.029479873283827798
-0.03571446208119691
-0.04662541409087667
-0.060337951643652854
-0.04471533148470677
-0.01575049485748442
-0.014365627442680884
-0.02385524871014366
-0.031632572171603035
-0.021640013959288773
-0.033462313930638865
-0.05267947824593183
-0.06436514758371631
-0.06833237971685918
-0.05911194773267958
-0.04311759155242101
-0.029548898456647432
-0.033863710128560515
-0.03804259112556277
-0.05040055308443425
-0.058447761776597024
-0.060902760331063954
-0.054475786347490576
-0.04968616559724691
-0.04592106863439971
-0.05897905662614209
-0.05312550734042901
-0.06515305428578597
-0.07364261945423906
-0.07731105232922697
-0.06709183108501104
-0.06392506015490362
-0.06495372564000884
-0.07336905367609475
-0.0778559431966387
-0.08664427254274565
-0.0973072262435451
-0.09900137256408081
-0.08955025969645819
-0.07130534061731747
-0.053207019586734516
-0.05576883798005078
-0.12650519493935547
-0.13564313256397686
-0.14533840390571245
-0.15504266022214386
-0.13276680561427234
-0.08335186554702959
0.06974176980006914
0.01556661853391511
-0.16302009487046865
-0.17877614086506222
-0.15421841819465254
-0.15464690677404455
-0.15152175272341412
-0.07216522179902268
0.22271001524639816
0.11074328517324544
-0.17113077108333963
-0.12455152238434938
-0.018737504537484725
-0.0948475978596312
-0.15339259918758458
-0.05756682929681248
0.31243308314859
0.13202697922578188
-0.12667084834976314
-0.021302880396426693
0.1120292777325615
-0.014095089560203
-0.12341490102344593
-0.0374886257055691
0.27661877076879826
0.1133484894347655
-0.04850956093688452
0.09182196400572501
0.1678309298780571
0.0627748436365294
-0.02651935817771134
0.017192572290532504
0.19507613241950184
0.08915074222908917
0.0682967928090818
0.17128088774727984
0.1607375813518063
0.13262672294528027
0.11481644519807385
0.09069910626224398
0.09785902186044546
0.026132960779021053
0.09446755092009976
0.06473017340230863
0.015316212145405905
0.04783252617236057
0.12000116360180621
0.06650025798496592
-0.025568181130072157
-0.04046581077266284
0.01445937744139042
-0.05483266916542884
-0.08347134682546098
-0.06694281389520806
-0.00015709096723326432
-0.007495614164595252
-0.06674212919741423
-0.09107693349019791
-0.06457935696088563
-0.08945475339336789
-0.09733030565630243
-0.08695474718919186
-0.07405103928379911
-0.0783613610740127
-0.08148808281131906
-0.0735703627814154
-0.06959071780621345
-0.08708501206517708
-0.09123855360374324
-0.0913920634908384
-0.08181077537009213
-0.07022766219889268
-0.062089178016814045
-0.04309345446124771
-0.05628541434739753
-0.06764721809230473
-0.07163599304777896
-0.07551081202509789
-0.06697115267267728
-0.05313058845711066
-0.03574704786176558
-0.027083009595698843
-0.04252188779626637
-0.05793896078100602
-0.06634257237396668
-0.07134415659820725
-0.06073432534578954
-0.038830845841936856
-0.02266446195404792
-0.017319473609325786
-0.036895773031400125
-0.06393533598329071
-0.07629277947140062
-0.07979555950170897
-0.06770797817153595
-0.038006595366742335
-0.014365664431633618
-0.004007310137626063
-0.04143895783207496
-0.05918172900526453
-0.05893057763119214
-0.06009784595934296
-0.04535873117164993
-0.026942464500611357
-0.017411759782921088
0.01746743724997002
-0.03113035238305483
-0.056795249806055534
-0.0677834704835055
-0.06510281027359387
-0.026964870703068064
0.006018657082612872
0.014859045930441378
0.03829673937030614
0.00830826037953844
-0.054252454227237915
-0.07214112060265807
-0.07158270675609921
0.015368890956026782
0.0666425096403338
0.03217295339441123
0.0442252864166337
0.04649688494285745
-0.03423451980684744
-0.07160971198284327
-0.03048706192288382
0.07295018915254609
0.09863610236902132
-0.005538854798256276
-0.012838489041003598
0.06733415480299976
0.01889730257784039
-0.030677493861572036
0.04131980453622207
0.07040884979730122
0.003604007866327863
-0.08520010485074654
-0.13132283364832337
0.02828002130124113
0.09698470432742884
0.08726413039291014
0.07791608923861917
0.01948057616539453
-0.07512922222280466
-0.11347348896109802
-0.22603942382205988
-0.07570186597493495
0.11036418780716462
0.1384669222005408
0.06888197961629194
-0.026714433566986384
-0.09606069312297544
-0.09605743970778802
-0.23048353452161938
-0.06590772037546072
0.08362409406668087
0.12801636413807582
0.07665771457704457
0.0019032929848700753
-0.0628830967399715
-0.09591538140288278
-0.15792253056458974
0.0037341177537703607
0.07463647736976989
0.03309145739948882
0.08016983325629301
0.09725227729737693
0.007874046668818711
-0.07360645606893579
-0.013609196667818303
0.06592923934029093
-9.12665647789801e-06
-0.07901584442601767
-0.0445764894108861
0.0461541320414689
0.061930279479881445
0.00025809269942819735
0.06059814198254915
0.02654635742938144
-0.07582095982480093
-0.11697260948743493
-0.09264164020180116
-0.03219660550123907
0.013494827230223022
0.01260522581883601
0.07628436022671395
-0.01013416320919569
-0.08337537386179034
-0.09622622312193746
-0.10561279239658955
-0.060573234976575796
-0.02380769252392756
-0.007575748324410159
0.03140321096050626
-0.04000843924406755
-0.08126061848579785
-0.08300520161306535
-0.09504259018486877
-0.07222204472308608
-0.030292434043525995
-0.007960409326787932
-0.019203189127143694
-0.046006096452266554
-0.06955372250756803
-0.06654881434028559
-0.07696292759815243
-0.06847487863864188
-0.04771013125624329
-0.011115084578729097
-0.017310642480693195
-0.04404611486314963
-0.06820097109211443
-0.07195183302167159
-0.08410357744346797
-0.07355045045815567
-0.04612875462487814
-0.023342922272486633
0.14763047772877114
0.12569344292234913
0.004518593121507097
-0.12652188491326932
-0.15035140118381546
-0.07114055419839974
0.08801007305907199
0.1339813251971999
0.1826204296263637
0.21527762041165371
0.10904047476736022
-0.042587902054200266
-0.03502450167111876
0.05387193238988264
0.12315902597857697
0.1932797404707134
0.13980511961263467
0.17336734564161282
0.16452696335191266
0.03766349726714836
-0.010047103246126177
0.1051708382660424
0.1691175455303519
0.186638821131975
0.10385701707172787
0.09880594194265802
0.13021761245684454
0.1578956734112937
0.09749031791907758
0.18509290801151668
0.21837932148495953
0.12453008828375017
0.0069478903442411755
0.015237618249543151
0.09632796755510649
0.12668270900138517
0.13837774787690865
0.2509724197200762
0.21566985233670766
0.035601916289808355
-0.08826767827937204
-0.028205310080095525
0.06691996813201745
0.09393419168566636
0.14786704272883727
0.26213218421007584
0.14884036867528033
0.0261744927687097
-0.19686269730516548
-0.13907443648724405
-0.04027036253270305
0.039605028701499886
0.15716807225095275
0.208876486575559
0.12252152345492337
0.05503097273063349
-0.2643541808519285
-0.1975357954212899
-0.12384186362635397
0.008314999850578209
0.10853345120031366
0.06503123216033169
0.07170918440779472
0.026237787013288848
-0.2805648571385354
-0.20879735869400445
-0.11764521854843413
-0.03075549990648091
0.008839708102319543
0.02507590075992855
0.01492000798797155
0.0023756649639161687
-0.2510728785031608
-0.1765492330904223
-0.042753078541715395
-0.012274477934313188
-0.018978476940038735
-0.04289362027225882
0.00570766779575143
-0.0030612829318996115
-0.18578286575270803
-0.07118162480052179
-9.421036272777572e-05
-0.060897907636776605
-0.04066964334551698
-0.06970929565441575
-0.022127030397196767
-0.036929644192167044
-0.12147512711680997
-0.026479010576204276
-0.028931045777066677
-0.07062258016537011
-0.04702634467750699
-0.07107544785617403
-0.033185625991256795
-0.03864272976107497
0.02258970648063216
0.02954299152991391
-0.028518663179657736
-0.0494227572393226
-0.05596144781907525
-0.06347806783375076
-0.02465155976242467
-0.017824478595008346
0.07977000655140537
0.025390289540076216
0.00769108044974591
-0.015998051878084563
-0.04266443613140489
-0.04214475841958826
-0.022266697610535006
-0.010149632627095062
0.09586995186586628
0.03801109642914543
0.01260236027010786
-0.00915809235482444
-0.00807788807760192
-0.033188901942874216
-0.021297741729706277
-0.0014147165262030081
0.0901249222736043
0.07901675982905734
0.051757903401361965
0.03346799804006162
0.009752241562353048
-0.01459653425846369
0.009003807777983264
0.003006024286564768
-0.023010172547045293
-0.04130143840044276
-0.08082646014213646
-0.09663879267460664
-0.11206065262766329
-0.11243008591493231
-0.09503359313134332
-0.06111337413269999
-0.017506379162534058
-0.030360801195440865
-0.065810733461671
-0.0658089975138228
-0.061837278253126376
-0.05689156617266228
-0.07413575650373239
-0.0664172960087488
-0.011346812426888286
0.03365673117780554
0.017999472667387134
0.007047778668081206
0.009992017119845653
-0.012639596612469994
-0.04831149255895635
-0.06026892616829971
0.06188969162123431
0.09218473508208846
0.056972335974031174
0.014852906264919141
0.03367072828809958
0.00874051895886696
-0.00866348181275467
-0.047847889073006
0.170910565053627
0.16629653188175664
0.12816094257705285
0.08745689486961461
0.07537526849943377
0.08096347505233564
0.019569979307499624
-0.04243189258114881
0.000922846098474317
-0.023783002312035034
-0.04552917803946871
0.02923280009191831
0.06292899136967406
0.1721408906088953
0.056225706789415575
-0.05434519084616368
-0.20174576438979924
-0.15021220209664443
-0.10435750376145736
0.04929574298154188
0.21273784679435798
0.23857117754956036
0.04443725447170213
-0.048081124125805744
-0.18238354928979894
-0.07238113422974343
0.05074314932990137
0.16766001464906866
0.2258034575693963
0.1598899140633924
0.013486532136670781
-0.05822154645856886
-0.24703329163946952
-0.08774626759301557
0.1216930757370013
0.17187635651065417
0.06921636831577072
-0.04375825950047249
-0.09389310917288887
-0.12017999764363282
-0.2771619027051878
-0.012762679264515964
0.17123024146675186
0.08727653830238441
-0.05575896610777564
-0.09522705751874949
-0.07187313777057702
-0.07745482101861102
-0.12965726084348816
0.0892948534387284
0.14390238650425377
0.09840475061220244
0.009098629751697979
0.008344328474164775
0.014939103017830926
0.04277977066309013
-0.053523994201038746
0.045347630948188486
0.11005697616139964
0.08090083958822372
0.09843555662907194
0.0893009239134669
0.11571167760782294
0.13198531207447736
-0.018404518166191486
-0.0034364753985908214
-0.0079632811778514
-0.029875197159055067
0.012758525766467587
0.0635314849600575
0.07894115672536159
0.06577861448034003
-0.04578802433611614
-0.03443233167388645
-0.021155341898772773
-0.004187252667539776
-0.008124924623871314
0.02243112485766402
-0.00025629772915392035
-0.022575274757512087
-0.05193888456142076
-0.05810510533467528
-0.0714079293033077
-0.08282660895704885
-0.09834395301662588
-0.07512580155922405
-0.07602179634787276
-0.03521062138640166
-0.05193248358878649
-0.07611824785799373
-0.0949037296114395
-0.09344722941773304
-0.09901846950231069
-0.08118009352783073
-0.06210729377221186
-0.01777193119287579
-0.3104528391522023
-0.12030040358533411
0.30832962139815034
-0.12184347226378939
-0.2976553305219618
-0.09261640473641947
-0.14301159663799262
0.10981134522394191
0.1169851788934873
-0.027764751421570564
0.08462265844001915
-0.027662764701826575
0.12213359240226482
-0.2455962269502573
-0.17842305681807138
0.06710596153614296
-0.050834311642836666
0.39130744674245305
-0.1097427638693999
0.07371836284126021
-0.06859808748513253
-0.07012663327886914
0.12311000725068408
-0.05065975780051166
-0.08490822088027804
0.04276792146819006
0.610371314887885
0.13573012528142517
-0.06682471345405533
-0.04618336636107212
-0.1608011073391259
-0.030352520177821835
-0.05975994608634504
-0.03411717550348725
-0.07328306640050647
-0.008640851757191564
-0.03467433927052889
-0.06340279036833735
0.12128462017976832
-0.14636349320296344
0.0528447644813904
-0.0491183561091402
-0.01760263167318482
0.07987630523672912
-0.04807565253673873
-0.05185040699685675
-0.09054582967195665
-0.024145867448854857
-0.02291887683405386
-0.01771918991896121
-0.02958800493551328
-0.03701028295868378
0.312642126378913
-0.05284428534993216
0.04628013125011127
-0.054975654992681255
0.35461192511871537
-0.04234247273980113
-0.07003202006625298
-0.03489269667656064
0.41712394955456206
-0.012070189643439866
-0.041440804564635544
0.07264110602475696
-0.06014787250146138
0.18562567979783434
-0.13330350167323513
-0.06801773869345729
-0.022513890768699946
-0.09644141130859907
-0.04749057141734485
-0.06663037238321695
-0.086329529667527
-0.02899402580226454
-0.025331293553784773
-0.020262628175244685
-0.036851854020519284
-0.042862438661420976
0.024920663623301087
-0.047493533382855724
-0.06734381124894162
0.11628018529528594
0.4870237518028205
-0.03650837309104804
-0.0634609723645373
-0.03119209651004906
0.08743466531751287
-0.010393671096471768
-0.03586439654078627
-0.0818879036441586
-0.06277052867294078
0.22488165312277147
-0.12744186971171345
-0.05251116836510589
-0.019354055173500084
-0.08029516361956965
-0.04519952010392245
-0.06186282635293186
-0.0818761987534527
-0.026698646172729767
-0.02343786946538283
-0.020462164982934405
-0.03840238628549897
-0.04351266095339175
-0.36759204991126065
-0.1480741876229183
-0.03163150051545861
-0.00198423310236151
-0.3589842927449337
0.0324379935271199
-0.0896109698254739
0.005082700575452653
-0.1596112888358887
0.11628340342939306
0.2098945561534881
0.48245581631427925
0.02813509085980115
-0.0436038106770234
-0.33213593379591877
-0.025710851088843356
-0.06715855862433961
-0.07840403097666795
-0.044917530053036
0.2973130685496542
-0.1569340612097282
0.2945444631411026
-0.07736691844412258
-0.06545119885101452
-0.11651556905074606
-0.0020672004831193136
0.04963984045005755
-0.0376918181822819
-0.04144612021485855
-0.036731845546887666
-0.11525146805389941
0.16649375067554892
-0.04812937356751401
-0.023811026301045923
0.2209951316275779
-0.007148399509200284
-0.025719306630397204
-0.06429201550040231
0.058598912905547834
-0.10323040481300866
-0.08379980205337789
-0.03976947987920673
-0.014565877603430866
-0.0499938135379594
0.10132661354954074
0.09441121029723093
0.12243755689415625
-0.01906995961542619
-0.01675531021526666
-0.013873048211858224
-0.026362690222918594
-0.03035292332963055
-0.16864117734430345
-0.0600050656468919
-0.06955541967528923
0.04322833276938781
-0.18723277924432466
-0.04354822344891324
0.08871603959349611
-0.04075501634109624
-0.006150086084965117
-0.01366789737742774
-0.040721754373386224
-0.12577467438419593
-0.0785983600210348
1.0888232778063434
-0.030532287317144996
-0.05906275572559433
-0.026555919866905975
-0.07905276067147926
-0.06898757535340111
-0.07381085815007844
0.06213733312701769
-0.03236861659673196
-0.03057356845965309
-0.023253581790177336
-0.04808036945759259
-0.051607629654197795
-0.10734414060408615
-0.03493417595041387
0.1256886817456192
-0.030286776897402376
-0.11590227391552566
-0.022863381357208723
0.09475183210567989
-0.021589466351358833
-0.05360912839285931
-0.006522906508428072
-0.02388634884977764
-0.0471828076805188
-0.041664745072279796
-0.09357538496676245
-0.08711148379869514
0.29044372953194564
-0.012636973678947894
-0.05239218244345728
0.1787927884534683
0.08130610074280814
-0.056437262383161185
-0.016554034752438274
-0.015110055557887248
-0.01200337569491855
-0.022380284581582588
-0.02663371126194239
-0.26847323174110477
-0.02481539959546203
0.027691828646541267
0.18545547710486454
-0.2971207385499422
0.20602694246889675
0.0058624770348383315
0.07778972503058224
-0.06006448743000464
-0.025760824513131664
0.2533764972767078
0.44556644636666987
-0.045784187368575036
0.1480873085412201
-0.057937041913099896
-0.11601423235579475
-0.050016694316545374
0.37492448390563554
-0.11486613927582001
0.7061258137951922
0.10200349135110123
0.12375509697108703
-0.05288038809090484
0.13815459663713694
-0.08863329330341194
0.20660592203788686
-0.031014237080101648
-0.011170515309080448
-0.012778259859775654
-0.01063071324840903
0.07787282993848879
-0.007239689304931296
-0.013677172602085064
-0.006513576323068482
-0.02112373313925764
-0.0019494659724889063
-0.007974634836818362
-0.019641619085406514
-0.011539997993167267
-0.03539611977523566
0.12783002004857547
-0.010540834620756723
-0.004390874814321797
-0.015200133905017232
-0.010396067707530654
-0.013339299754912659
-0.019483310782195118
-0.005330708005415075
-0.004441905736400437
-0.004162281054262612
-0.006731762406516226
-0.008606281009760353
0.07283694640444177
-0.03615804133108419
0.2396615327590826
-0.035291115248680706
0.022685436247709412
-0.025265617244365796
-0.047500125496348466
-0.023468553369001527
-0.06151425289988416
-0.007216709146974698
-0.027360679878618732
-0.05425258240124087
-0.044190112533057574
-0.10062302408960513
0.05310104685866235
-0.04289659407992827
-0.01345482361381109
0.13807833223163013
-0.03620834368071052
-0.04246209256490371
-0.062077057284691095
-0.018433028819132502
-0.016762291126192264
-0.014151732269105675
-0.024773764071883697
-0.03020450208243164
0.41442228385047597
0.44312735451670787
0.0661474300037368
-0.09325949238777341
-0.1421237385614572
-0.06464880677500429
0.02321562955393952
-0.06988357889733172
0.11510825796571895
-0.019573118578518567
-0.0689925320122659
0.18298535145916758
-0.08707911246052015
-0.22402367705750184
-0.029821565525027044
0.08902536540915289
-0.038392920301383804
-0.11430492065094133
0.08248332385407242
-0.11272776162743157
0.24008074482196357
-0.046620247405812776
0.07479875674374986
-0.03500693325815224
0.09806950716648505
0.08452317543114474
-0.1498928178091501
-0.04237690112856396
-0.07342867844129349
-0.04302688054708301
0.0522556437184034
-0.032079559680571745
-0.058393596572969775
-0.03264079708888558
-0.07904112023139315
-0.010107474281997098
-0.03748217423061739
-0.06354592902070921
0.08119652485476925
-0.1573786292477308
0.3969504290684813
-0.04966804625762383
-0.018627106842410646
0.18288919828773637
-0.042288233587027546
-0.05561830547395391
0.0774284352065886
-0.03012096119916862
-0.030035396521667312
-0.01858062118702735
0.0833852845904541
-0.03898713462609832
0.19950675225759473
-0.1123398278403569
-0.1604226897873574
-0.12136745663948556
0.11953343230220413
-0.09102257360492894
-0.14185731008278152
-0.08223761351405368
1.153825161237506
-0.03219607931724017
0.018731031471583864
-0.0829269128348771
-0.13903184557817366
-0.16491748058797723
0.2509698451573423
-0.13171648388107515
-0.05416971440751667
-0.037632601423606055
-0.10368778026670755
-0.1362515408266846
0.18596132877868612
-0.06984026452056485
-0.06514612029827338
-0.04857490825176972
-0.08180438527492942
-0.09388426755229329
-0.24879795412082115
0.023727415908757654
0.26867320405160333
0.06610967903032242
-0.2354392828282247
0.14003016980690505
0.0014132224477167998
0.08357783595621832
0.123976682642356
-0.025847951656153355
-0.08531124825088543
0.10554326236904565
-0.11095922514557616
-0.10433115783682162
-0.1736167757935354
0.039963878324659974
-0.048765642518024746
0.3415936407166898
-0.10026161671454348
-0.1233663815470658
-0.18067067010769058
-0.060719762028782875
0.13700674159827814
-0.04195922866837609
-0.079621627725813
-0.07969140584502832
-0.007937888608572807
-0.04330036738249807
-0.051901443701812766
-0.04996712971270312
-0.1633951807690011
-0.03919010377762533
-0.06336388605995064
-0.02927855147577324
-0.0909914418993868
-0.0096348617963595
-0.03403568763790982
-0.0833876964518276
0.6042086912000912
-0.16844690739273538
0.03166110720987772
0.09359578065276714
-0.0197294109587986
-0.07302240524417647
-0.04811550354256135
-0.062007733596977005
-0.08351751479232122
-0.025051792916361032
-0.024619430816450877
0.16047534041938094
-0.039244652696742786
-0.04287333422858987
-0.05858266041495219
-0.02200171406534296
-0.02412320324908912
-0.01982094718145591
0.03866117683282244
-0.014233184291081946
-0.028204253335327223
-0.013527474869329648
-0.04067660418500592
-0.003946050039376592
-0.015077782251634812
-0.03728371328945013
-0.02367821661972059
0.13688431198822548
-0.04916744705759596
-0.020511965443034408
-0.007651286161810433
-0.027671078320045228
0.16009501571689144
-0.025189550762488577
-0.03835562660119923
-0.010591805694766476
-0.009408853439970555
-0.007547904660119509
-0.014437095616526596
-0.017209269311109165
0.18117157626475838
0.1280185340629172
-0.09318644402508547
-0.06760634128727011
0.3785717796557826
-0.0520453221891255
0.06174126053996443
-0.04286842009520697
-0.11823626091347395
-0.013635138716868556
-0.05084293173860971
-0.10427444057256652
-0.10296538478006928
-0.17985586384913316
0.3080504204104694
0.24615936188128978
-0.026701001739733277
0.06272416025276883
-0.062659328896701
0.05885887764662473
0.07285601339595663
-0.035694771433673514
-0.03144981981891415
-0.026788356496182927
-0.05048584374527154
-0.055258214272537104
-0.13347293045195552
-0.04762103240831772
-0.057801481974141054
-0.04473520620441304
0.19683399165577817
-0.03136189791110838
-0.060432510134028394
-0.03170250913189704
0.2755221605311393
-0.009837203644350895
-0.03318357153744414
-0.07290771807142599
-0.05747574090865004
0.26745425847874926
-0.1206654487823795
-0.04280646625319852
-0.019006537394475276
-0.06321477953178933
0.1423382081036809
-0.053062342757587755
0.32746721360034486
-0.026348537146474033
-0.02431181701876503
-0.01712224300390812
-0.030680708719859617
-0.03820146177171563
0.49648780001612614
-0.06607365771394791
0.2379737103029807
-0.06177103239067888
0.04941571853418994
-0.04260659430745217
-0.07916109034859206
0.0988082749460375
0.07611296178316629
-0.012479866664424778
-0.045454204712659096
-0.10295941529394259
-0.0726854986428086
0.27285473292311047
-0.13853427376679397
-0.05960691843699982
-0.02458428687274733
0.020772384444048164
0.2022974551258312
-0.002838557813259729
-0.11145807316683898
-0.0318971839232311
-0.029650773078880865
-0.02352404863782237
-0.04328905300771935
-0.05360173775192356
-0.1858444532819053
0.10067128101689837
-0.10331845356122064
0.055514442545150644
-0.23107558057144173
0.08939082211404917
-0.12403708994858759
-0.04921525206481392
-0.1273236983334473
0.10196940453089537
-0.05129447517363672
-0.1085487400968399
-0.07963749756963678
-0.04767388934465665
0.26653118968716893
-0.07726767753382832
0.47206336571360363
-0.10487112720679463
-0.07593400486846263
-0.08266229203397413
-0.14014132696587578
0.09905949547450107
-0.03568757840312686
-0.025575832029486656
-0.05064601596009061
-0.05227717789843575
-0.0717554817988833
-0.02516872326430708
-0.03232772331967221
-0.026453382237432432
0.09811171082750636
-0.016934173331302455
-0.03306459317574681
-0.016427653535607295
0.07281960117673425
-0.0049256103440153964
-0.01792898888378014
-0.03849924273924529
-0.030095203144460236
0.05574085859380179
0.09465169405936591
-0.024435172627078408
-0.009671939722781131
-0.03620134701961669
-0.02389045479689278
-0.02991294442794218
0.06236665797739635
0.18733048567533855
-0.012044660859491962
-0.009126619897441846
-0.01703217048080674
-0.01965978260511972
-0.06258927980765983
-0.021305819289823447
-0.02839151126738393
-0.020446426551416985
-0.0766862965776659
-0.014674414359401422
-0.027673938050396973
-0.013632719561665063
-0.03940644013346273
-0.004083388597162785
-0.014877219895917476
-0.032781713058219364
-0.027218210460879466
0.11944401958981082
0.24006647394360103
-0.021389454483439818
-0.00815002202064724
-0.03285227083445369
-0.020057513284320816
-0.024705003978527706
-0.041061534316804926
-0.011507789510823707
-0.010746812714048343
-0.0077619869103049965
-0.014090758612667453
-0.016748728838157895
0.12636040352940286
-0.017890546736424984
-0.023032690625177543
-0.018802968554492344
0.2925331226642638
-0.013067421516003763
-0.022410357156890853
-0.01210439413331632
-0.03666395774153791
-0.003887065751469021
-0.01323476306447341
-0.031799731372510825
-0.0224150578830144
-0.05545879533111564
-0.04552863599333534
-0.019293151522771668
-0.006937512779334576
-0.027704271557505655
-0.016807188611529453
-0.022644612127051045
-0.03299612313890288
-0.009379407970162346
-0.008712006445826925
-0.00658307055359747
-0.012949490131400565
-0.016672417211380575
-0.10502106155654978
-0.03606026267849288
-0.04104420406976611
-0.04403539667037143
-0.1225727757762728
-0.028653174485350263
-0.050637358162407026
0.1422676105675058
-0.08667049639034244
-0.008219776738087325
-0.026989511725378446
0.8488767036394852
-0.04548850143489433
-0.14153877837082576
-0.08640728914634223
-0.037923859759045386
-0.015974330735691378
-0.048497138018568586
-0.037795596440978185
0.08767342630147085
-0.06363160770889925
-0.019040702983635527
-0.016645331733945612
-0.015253454251653809
-0.03054640146976175
-0.034505111730944865
-0.11962235763095812
-0.04106912361208438
-0.049249950985452484
-0.04278509182093848
-0.14038987337020598
-0.029035535011204372
-0.05026286158190174
-0.028123029664497867
0.5049000548671877
-0.008278755724246661
-0.030828919291036927
-0.07481479469939872
-0.04816444367022221
-0.11576227961147123
-0.09283638664720861
-0.040813440686500696
-0.016906698552788757
-0.055991292893526425
-0.04096845110236491
-0.05168601965293135
0.27810400401909424
-0.022434086768727032
-0.02001570065110264
-0.01663651462708049
-0.03006279233687892
0.4846668692628374
