-0.32290747488185
-0.8347511170299408
-0.20872248305349927
-0.21048226507261758
-0.038493650221184006
-0.23544937155268625
0.0016366974639714371
-0.03210539592881803
-0.1588981850823007
0.2197279162790794
0.4541369249991718
0.022269010180416382
0.08639829668732368
-0.015510330481158102
0.2745930005791812
-0.18145153986607876
-0.35343344606648286
-0.1279935543449214
-0.35739644842685664
0.0856833340875249
0.08209088068194981
0.16176717789713158
0.13378035172705077
0.28366545987897046
-0.566685747446103
0.0012151865891707886
0.053725851644217365
0.11734419963887477
-0.13150372866929402
0.03239860044864269
-0.38654484917540904
-0.5119691573880144
-0.7497100968156171
0.2833373304230751
0.20079855907070043
-0.07616480338045564
0.29072261176970016
-0.136522499775739
-0.11881376695431495
0.009944169538485703
-0.2859819959520984
0.25543509361608024
0.3295966938059466
0.27578449472083055
0.08150559750987507
-0.08748600021559927
0.12920772607739955
-0.1064066188291351
-0.33834772143592595
-0.07149541272945095
0.2924290066425316
-0.006006959459098821
0.19686542773456295
0.11553621386306062
-0.004429729291882595
0.005464400007019338
0.24183484965681296
-0.3189468037124994
0.1272870029270639
-0.1886166987819663
0.27628110907489817
0.2966790330955769
0.32955243745238083
0.04203512574401211
0.8334944105715048
-0.2282870788097287
-0.06547155994417453
0.12882748871021868
0.396242889840864
0.5739778450498747
0.4479501146042695
-0.30218384581904606
0.7966564649774259
0.20624503767984986
0.1429940238870706
-0.034023524255077056
0.4116336766104233
0.6119746196945974
0.011327981434006625
-0.02949930331000805
0.3139947666512991
0.02123929721921669
-0.20958982948363597
0.17160133438890485
6.586588148856706e-05
0.07144251600524804
-0.07179282483062754
0.38990798378556407
0.17266217960231584
0.11562693870683582
-0.17824934017812308
0.2797064254301642
-0.2861113280616798
-0.1332569798436028
-0.049857174278876926
0.5209196607012934
0.1139213284459325
-0.3517251860815924
-0.15556646020931544
0.36911498958345623
-0.2966798949583228
-0.06620066603618757
0.03691067566817691
0.694856072943628
0.2691185720619383
-0.16105465270496577
-0.08869903390653493
-0.32802610359973
-0.05877466360677587
-0.2522415720579606
0.3450695467001389
0.21867470098685013
0.09822356879407229
-0.025540876743047225
-0.18762886168707632
0.21097872160946718
-0.5882987676587672
0.09397545083403763
-0.048582106403386255
-0.4829657633788309
0.21001590146295684
0.09801333185597752
-0.6216115317167105
-0.6298756058140076
0.06655839847067932
-0.3915721221034987
0.3939633989099161
-0.0016053810169967542
0.22181594519506986
0.3393204413053326
-0.45697618977213267
-0.4762772683907059
-0.7000301965297641
-0.7340014941588736
-0.8934939520057035
-0.8055988300611877
-0.060879237223933375
0.15402441780705411
-0.41869843914027427
-0.26205054403914835
-0.49648389010065597
-0.3802844322673675
-0.6487160315147474
-0.39491202518752155
0.2639057864111766
-0.0584542752489475
-0.2647288340840475
-0.1453504024459087
-0.3656106838261843
-0.23078214803095054
-0.6528090600061074
-0.2720066650443524
0.5947696003391378
0.17533615186535462
-0.030705460993026346
0.09544042642744197
0.00855889509152788
-0.10348591949511052
-0.22584219893590113
-0.18145664803856054
0.3652321228866464
-0.17213330904919039
-0.1249447491973481
0.19308862009174899
-0.012321438689070346
-0.42587266924158695
-0.29969729634073616
-0.4260745130493395
0.4050667703422715
0.23885675394996692
-0.2749319629725826
-0.02164684910642964
-0.3336552338792612
-0.06886800347194807
-0.9368005924149383
-0.6149165696669774
0.042156150775138346
0.13439893846106749
0.028886094914952698
-0.02402652413404105
0.06932675425721688
-0.3282278848564989
0.47889419582426773
-0.20752113027944538
0.06579142837712526
0.13867229643278006
0.0014271683907547683
-0.10983872632994321
-0.04557101070607189
-0.1584340381412977
0.21583522846864198
-0.3589875888760904
-0.3995379172806727
-0.08623903091287856
0.2583733575671897
0.028559888363150543
-0.1258883895943344
-0.13687375446088856
0.22539908011499316
0.022358859366515715
-0.5913522854607622
0.24387053612315682
0.41476388413049564
-0.08141052692254286
-0.02925099767514161
0.0946844421150152
0.04213810231053422
0.43966895494263225
-0.0663600400854342
0.2206965620514234
0.5033278008170539
0.10561296960143207
-0.2280563198063975
0.029635443408710438
0.002400360652417999
0.3578720649985985
0.16436335625474213
0.24589586290206472
0.250858630378488
-0.040927491039547736
0.13463566626777312
0.0636512475690102
0.12355294263044109
0.20614577336226098
-0.04996299603813892
0.29262188225638464
0.5499838380155966
0.04518175471529265
0.11257726565562601
0.25289439597758695
-0.003203104369989218
0.31482630311500603
0.35225402586986143
0.7703741537420279
0.4170892301233866
-0.2784205879423469
0.2555287757196339
0.19870177709838416
0.23412918239657926
0.04799663081961977
0.4121845655166322
0.4769485172309597
0.6762879958460633
-0.09594085668859997
0.2697384750058282
0.3074064232507895
0.00962905381862278
0.0008794839163059585
0.4709659329431925
0.9565824413529698
0.7556324088244548
0.050289296649538684
0.6364773705574526
0.8947066914317603
-0.5887679792541828
0.11488867093816264
-0.4827395170862726
-0.24984218061739238
-0.42495438556669574
-0.22489526308241692
-0.21276813746142748
-0.10330166678508612
0.22365585082208506
0.31611574000451215
-0.13971770496484232
-0.21518968885533618
-0.2804247931197028
-0.06187599202476267
-0.007794507935855316
0.21509501139632797
0.09049288288344909
-0.017399274553220545
-0.5691445625625117
-0.4204995364960521
-0.13023609150842885
0.2615631961033367
-0.1425897541449228
0.24555817692517135
0.11457087956450354
-0.23396093318921457
-0.5947839664183655
-0.015932227805061233
0.11323246556227551
-0.1609235789030697
-0.109383480381122
-0.16253760700615105
-0.26040051648705764
-0.34306069644339854
-0.18627455824346656
-0.18813789099321482
0.4421132825204036
0.04334423371876839
0.09069741519952834
-0.20592592610995386
0.039319888181850005
-0.08797318560336903
-0.37654535149087043
0.09369945237489433
0.08662833479122939
0.12407709441101317
-0.10691292424719585
-0.02591125875602418
-0.20287227331814045
0.02180846410723003
-0.04422328105932687
-0.355458010209896
0.31865598697483805
-0.5091167634188729
-0.20880355479146823
-0.24640071003630437
-0.3428603996949121
-0.4454149332788063
0.6627333180102976
-0.2203499450650767
-0.6515367366022261
-1.4469032907724255
-0.025607113137641246
-0.5901043695683839
0.29835778370351773
-0.770904711699385
1.5766875015449133
-0.10068872046694788
-1.5677120465942347
-0.8994815128387911
-0.5301922082406377
0.20371883185067313
-0.6818236773606992
-0.49504162226943826
1.9833823422694694
0.6437429353277473
-0.5943451752618044
-0.3114203660817359
-0.5809292578247159
-0.6628547276088322
-0.18832534387131908
-0.25275182828114745
0.6868484553583891
0.14093701691780122
-0.07538384554102787
0.7018686224626671
-0.18990130530827576
-0.21144089487359213
-0.4250980108872371
0.11409551204121324
-0.05913198082159504
-0.20649006074605375
0.2298293578959147
1.1733404593531462
-0.301347451687788
-0.07964780036655812
-0.2960902787106325
-0.23850398492497427
-0.33870616720871244
0.2956480764613024
0.12426865596724651
0.8371829096772754
0.3276987100804577
-0.09851294113206788
-0.23577564709059107
-0.38361735604859093
0.0031230092060163805
0.2472335236519928
0.1951995338894984
0.597406280428268
0.4367994836113824
0.4260171885394861
0.31918845908826876
-0.3195188714128405
-0.3120087502345153
0.14237164613449305
-0.09836923914529072
0.17949598837249814
0.18010933500952558
0.21956562406171778
0.4636720493472707
-0.3585600462839959
-0.4211733269314079
-0.27359018915888456
0.09519654483692741
0.37687520022837095
0.473550966554938
0.38722603092939123
1.1256226954126487
-0.37277208529624706
-0.2979770526668362
-0.15638434480277025
-0.2924967082125497
-0.17755816189189422
-0.3376529531695363
-0.3015950432750889
-0.3586234046199272
-0.5100888866110698
-0.22548768248709203
-0.47380946949819003
-0.12396673009073975
-0.19509340913160989
0.02046485663406694
-0.17907517277716162
-0.29148159122477535
-0.2649895752551178
0.4977739796796299
-0.19768113552346683
0.12320489155876858
0.3146428992870777
0.06962998018623254
-0.014795463764978534
-0.3598824061607784
-0.3760809280440943
-0.05488177862776367
-0.0299412933714309
-0.2896367892122305
-0.2483869706552168
-0.3655503920323096
-0.21493800487369097
0.10691854272332091
-0.46342051789094607
-0.4312981877223043
-0.1945931168415989
-0.4062637771153029
0.17045131371901528
0.18723551200640431
0.2441387949345699
-0.20091159693802468
0.16352942797766684
-0.6521691980014167
-0.412065550129352
-0.26102325058098597
-0.2029963959834179
-0.0827427857946707
0.07438759027411115
0.29182687929157825
0.07736667335575753
-1.0195138240531163
-0.7389018234357279
-0.43301512725502356
-0.3625251266851075
-0.017438754134846746
-0.10459076055541333
0.2428372289807052
0.16263048373978267
-0.8065062359820344
-0.09524378176400072
-0.5439616211018826
-0.2217047755756237
-0.24485195689312245
-0.033934454200129194
-0.2520009268074226
0.10774563177911312
-0.34864108294395546
0.21688402568942777
0.27312118579335043
-0.40690757651486553
-0.034045058454282934
-0.09425551648830233
-0.366936744098077
0.08128816353645674
0.3357871144296528
0.4596400610901987
0.1676416460328923
-0.09307275977511734
-0.046064227030603866
-0.00044429833768266924
-0.03879800958168883
-0.02930641770274306
0.20507038180468973
0.22421472866495457
0.29876692971644214
-0.3319905474996759
0.4200293313899707
0.017106105046669928
0.02721446765538743
-0.28955737675672805
0.6920298890529519
0.41657999965931464
0.5417949907953964
-0.1459777803614083
-0.03993015392654953
0.8053267800989103
-0.10901521990302154
-0.02787098887492076
0.6722502085410161
0.6670241480321945
0.4221218109943055
0.03177119914188903
-0.010474500369912126
0.3585054029083983
0.08154324686297476
-0.013294696945725604
1.0161002169738764
0.2392067772824932
0.5471531684078953
-0.10320088968410154
0.17623876649669656
0.5809319737971905
-0.14908343515557876
0.4363031278525099
0.34109534675957953
0.5588023363200484
0.45377290083780886
0.14634750433949087
0.1931375137014702
0.01590911024012459
-0.13699139832878282
0.4058413355235241
-0.02474593003115072
0.5697887019461947
0.7563333981818867
0.9647266630346454
0.22723058625659245
0.1155486652972415
0.18353173243585363
0.011420147779643966
-0.44362252351901366
-0.9024582507916166
-0.5580692167558782
-0.06501994384411516
-0.07831740144396188
0.030564818945420624
0.0890309626141023
0.0032955156408068786
-0.3749177729893592
-0.07999589127320211
0.02596020000085869
-0.10771539860728391
-0.03422335676352162
-0.12722856768585736
-0.10407419173334265
0.33464516309958986
-0.8736118643606741
-0.1263401158640392
0.0715139674955805
0.11028650487973068
0.2723213716668456
-0.08847297761571071
0.1464344337648199
0.17798933941206352
-0.3676181221283148
-0.052820926492823356
0.11321753826314224
-0.05500906545276213
-0.09224770779680441
0.043057532094884
-0.1989004378319884
-0.03664947541267477
-0.3847326834708745
0.39480609848815296
-0.1437288490472562
0.17989828688099552
0.13605354947211
-0.08682097029866057
0.13705890402568824
0.217139156024993
0.4683394587942014
0.1908803644162208
0.3152005348135505
-0.1204831361770815
-0.009131259420917748
0.0014812064058732366
-0.09359244014459633
0.4585028877437748
0.050634431112882294
0.5436614324660203
0.1400792967320073
0.013466427727185093
0.254509288518473
0.20013014617025873
0.1491958871585481
-0.22861460330452388
0.6249519549807712
0.37369693920873936
0.3739452384969199
-0.20302952702801524
0.1513945476087628
0.22480962269383903
0.11692570306310604
-0.2977412443248482
0.8725344440901851
0.5203476893853639
0.22256583398095342
0.09838724550689204
0.03878422628585561
0.15839055086382828
-0.3210179148277016
-0.518509446153227
0.600345815740826
0.3459532674976274
0.10673352424827776
-0.40670376368885974
-0.1908043526536074
-0.6522498006397691
-0.4786875149370894
-0.4246551894443365
0.33468828219801994
0.17440501997113728
0.06044910607739923
0.08480201321467168
0.06077379702587454
0.2138748841123055
-0.14989460501337526
0.28472241226907335
-0.35122093765356627
-0.10442398491057062
-0.05219631423844995
0.5047183883640778
0.1668309049163028
0.19525103212110115
-0.15755210019574706
0.07339027853364549
-0.3937927039373721
0.014436072347304207
0.2124390645499541
0.3597434877011797
0.26853358260428484
0.10500465452662974
0.17033944891227265
-0.20158920861066373
-0.6141133220211599
0.12454887935781685
-0.24534786876353176
0.5406656131776911
0.2880912736423672
0.20344334992984642
0.22755633156813665
0.16107515959305085
-0.25580337862535907
0.07902471032146668
0.1920532490586755
-0.010507884121405187
0.017539945626816184
0.2890977071249106
0.29946061258425627
0.28450645045421874
-0.11644389455669081
-0.4937395874375593
0.20331933677806305
-0.32946487730284224
0.2530876013579122
0.14920789425931508
0.7287330405705692
0.3037959542139109
-0.2661426576796617
0.034636963955989
0.25967290612850824
0.45972946634601564
0.765577641324362
0.8411132983518815
0.8433698229903217
0.6983157247536701
0.05116488883218295
0.1043122417116234
0.4663916793217183
0.22327567653060382
0.35742132473215643
0.5844914683092882
0.615134807752836
0.9931368521395376
0.2314419073609016
-0.04933698795454844
0.17650567662293892
0.5526680880960613
0.5055673574398561
0.501633864970426
0.6175054308986105
-0.18260823212139657
-0.046046628880645826
0.07320969770696739
0.013446794917467225
0.5041800407481168
0.2027840922950534
0.4371831839070687
0.5419339032745776
1.0077512304258465
-0.1817522345454622
-0.46592071081335323
-0.0259339698867877
-0.04426530140739553
-0.1878854480390116
0.14342276456534758
-0.24266763182724327
0.19336689974080096
-0.3474894955231402
0.06553967254389065
0.18733742647895163
-0.43087345074735806
-0.21271017372202072
-0.960760087494761
-0.09306152246225126
0.20921428016147087
-0.2748892011007683
-0.13636828441110677
-0.037415250634147856
0.16770702158936457
-0.24745223405959654
-0.5373320732149194
-0.18276614028668836
-0.46524385593918627
0.18260594122680235
-0.21608171984808888
0.13915766448919886
0.2696697645231773
0.0072673728737849
0.292649285916493
-0.08702756393800415
-0.3937473057299057
0.20507275163645572
0.7209438044098194
0.362631693511631
0.09987769359989551
-0.06645052168896043
-0.18653807389182614
0.12543479696275245
-0.19173839138407944
0.5374876641949735
0.3811283390562852
0.38337215394399765
0.1723113229448658
0.3430728708937953
0.04957566232797908
-0.42880199084619697
-0.5660079426623392
-0.2066463281839121
0.24773177167741567
0.33445377617536215
0.3300701620997037
0.10697821784477518
0.05398073763282163
0.23395362937910197
-0.08063981134962075
-0.4158840363794366
-0.3571141944743459
0.11492157980556922
0.09035755032491061
0.2719444897779883
0.36153007094656764
-0.11063581635306169
0.07601243525416601
-0.8078310797988097
-0.26266488806214777
-0.16182368250897505
-0.13383183174734314
0.14827388432486355
-0.08666833881084454
-0.23381602905138288
-0.3051419623972276
-0.07237870727852504
-0.5104080989129687
-0.3467740426561836
0.04114307921165067
-0.10244667595788814
-0.29674420912336125
-0.410224999489124
0.41273105997080856
-0.45296304869554876
-0.490530128857005
-0.49650917226565605
0.040341328262931575
-0.012931715568660018
-0.10098328499459586
0.07692331759546453
0.02370051299652004
-0.8879869547355141
-0.468321541610078
-0.2087508476375398
-0.5130740079881118
-0.42299053354799687
-0.44854117377934866
0.12679801388721684
0.5548166549080136
-0.32837782256058573
0.02550251322095523
0.4904215736713187
0.17778596482856035
0.7338152726063388
0.157531491586383
0.04606886348724176
0.07770503781116159
0.21653658598387168
0.6439585995841105
0.5243183735423482
0.4605214641294412
0.19636349617684892
0.14087438468186744
0.12052635909348511
0.4859669523831528
0.14569405415051867
0.4226143551649692
0.5497389137316049
0.12706149002807574
0.5395708911508116
0.3152950260858674
0.10150113393302279
0.11571480014643157
0.7359971254622684
0.2841058931958956
0.5380348924175024
0.6724580202090021
0.07534025864956914
0.17422902815961722
0.2928714087983161
0.3510334725580496
0.25568142145116346
0.5162562226602094
0.3247611038428121
0.46824307415820676
0.5831366677666927
0.4632450518277845
0.042302333063869435
0.22400031905061948
-0.44866083697406944
0.2839050001045281
0.4419282353162879
0.056405631057749706
0.4572786912920328
0.2246849420023559
0.5543928123513723
-0.152854776506962
-0.14289426871671035
0.3412285270066178
-0.34496447084098925
-0.07496989286505415
0.18749404109895695
0.5457720468532781
0.1824665487442526
0.040285078030558086
-0.8493674443007706
-0.5935002686209516
-0.10839390450584482
0.13141680196935984
0.12595122579602633
0.10993996349336188
0.41321481567488305
0.641038688286589
-0.9390308049862799
-0.8917813186107042
-0.08605104062739877
-0.39565909687261913
0.05168703937477148
0.4020975936332687
0.3643197789934529
0.5980374811602653
-0.6662121606843251
-0.6653559467102702
-0.46425524726982775
-0.02939574170351622
-0.15847788550882502
0.2864582627452652
0.3662561186165929
0.3713393759005079
-0.17539012380249944
-0.4565360248576352
-0.32976330691883815
-0.5716605535804898
-0.1977571559779023
0.05081314547735136
0.012926244503264017
-0.2165434184531308
0.20894825506914444
-0.13446832962476876
-0.722602646998803
-0.4894409897650587
-0.5803527458124342
-0.23829267951629762
0.05666627565338647
0.2960071872720005
-0.2125635497020374
-0.023437840492468942
0.3249596400008704
-0.1326165137383365
-0.4204598567192358
-0.2000328569478378
-0.34280021213218614
0.32535243367802724
0.08914978487524877
-0.04732728870745928
-0.2659189004914988
0.09491061541692897
-0.08333926779375728
-0.35807444361408913
-0.2643912083216566
0.03558833011333276
-0.1379670632584289
0.43006326730022276
0.19311610009233088
-0.23690915693188364
-0.08869322350841927
-0.15646345653459415
-0.48339702427305087
-0.4594494097343715
0.17040910652306623
-0.15054743801004444
0.1756798304209795
0.5004000773476811
0.20479268073232193
-0.16145001853896618
0.09116095069326163
-0.5144842033667678
0.21544945807812435
0.3104559631704764
-0.12496806864403415
0.014622278452204429
-0.5330124800283167
-0.33448481744765846
-0.46547606010392917
0.034948877738133544
0.21754871646282564
0.0613626709730723
0.09614394039319601
-0.24532939969052797
-0.5861074088430772
-0.04850502907497886
-0.5147967882562123
-0.4545705390484303
0.18780488450062133
0.42161082260118954
-0.15118997045127341
-0.27913743264015317
-0.7318389482588197
-0.33955806124815124
-0.3500003461121235
0.08937165600141433
0.4615993141537689
-0.3576019371237384
-0.2262434434964249
0.060586726229841716
-0.014050753383779924
-0.09336680640696429
-0.5727882317364017
-0.24443477171819325
0.2660979796924551
-0.28656654843896345
-0.5581410345734833
-0.07181254881597332
-0.7062688123263138
-0.6738847505837728
-0.5352874560629545
-0.4435801428183392
0.3265374721639297
0.06060939016831793
-0.19521817263005517
0.08817386559350167
-0.2571059038223359
-0.2518887816536457
-0.39070054629865697
-0.6709130213893731
0.05021697684500792
0.12350300296918848
0.1716711561958907
0.19400504457498557
-0.7897209200205282
-0.3204900116420948
-0.21908270852681427
-0.4286314926441678
0.5942830329540582
0.030410705559931084
-0.29571563819483676
0.08004443416673024
0.2334946804144855
-0.18282415021489662
0.1026096963960752
-0.2974314970873983
-0.34094333147026923
0.2227883608555416
0.24231795056757022
0.22088923315693076
0.23411830492101549
-0.38958019895935725
0.4222255474825321
-0.12307172531966248
-0.1439379343584956
0.27859512808709297
0.6335785420277356
-0.002690302073957861
0.14434129688188738
-0.11109842772610731
-0.024819690047705623
-0.0715832807657617
-0.10924752294410031
0.39587637919462537
0.4418033941699003
0.11262919841300498
0.1833231748161591
0.3730354882579624
0.3459229169371202
-0.08454267524037729
0.1767365909788755
0.5491598234938142
0.7688948409892264
0.1818716069632026
0.10641914974348232
0.21812369707110515
0.22853220982055733
0.16637470672133092
0.2979031655436192
0.6639023821479069
0.220072595136261
0.07882697452266263
-0.13713251642075308
0.44301523431821244
0.2586186306257669
0.17689192678629934
0.23332251925651581
0.4655925962077919
0.5180307037325225
-0.18862466101654157
0.029089114437849922
-0.05846677037767037
0.32115005946723824
0.3888865293237516
0.29873995388589986
0.6505664216312812
0.444403684894815
-0.2713452626802697
-0.19451538880716465
0.444936713527896
-0.0870231385559459
0.06739842963777237
0.2887724528884006
0.6116280961069851
-0.0271197242219402
-0.7210490137561927
0.17594922627241813
0.8571795156811667
-0.262443343851207
0.5335659436927188
0.2690983003696882
1.6113778793455837
1.4450340163855133
1.3313549724750708
1.4013359726958803
0.8631119803114579
0.8128000682825888
0.15762105588759043
0.3594196050412336
0.05679693863008417
0.6383083831709633
0.6500788788035411
0.6007318047440299
0.270032428619938
-0.0897816737544127
-0.7392781256660965
-0.3625952717158272
0.01527760085974849
-0.5988141178077181
-0.08580694379268712
0.18787807810335616
-0.7696947408987806
-1.1177272874641473
-1.2469331039580478
-1.2371400684545373
-0.5905521302860438
-0.7897972094726159
-0.9032110158154152
-0.06649959687638085
0.7698556504154799
1.0526298682759023
1.1231364716540972
-0.9917965867111544
-1.0672953650400967
-0.7046711481530364
0.12041110224104669
-0.45540081339175675
-0.12823191266089798
-0.2102539965230506
0.7443093660949271
-1.6508165671731638
-1.3781753770434362
-0.5982599134468405
-0.11342213464938959
-0.09550370927104182
-0.3755433812451888
-0.554028962675453
-0.7293064670249333
-0.4800911174275334
-0.0990037341873874
0.0955653394900334
-0.28588878028547604
-0.07837728457252746
-0.32133534960577725
-0.23738149955673268
0.47830443390427924
-0.37789115896718095
0.2966661245243496
-0.013844305312381788
-0.13561188541539526
0.20277552959366568
-0.709823563448885
-0.43865972217134874
-0.7506823962817661
-0.007472566168997219
-0.43240306981197607
-0.19379858621500254
-0.18839981621464189
0.048046927470693696
-0.24350867885044825
-0.5271247315494473
-0.17167497715783145
-0.18459291773247694
-0.4050584168130247
0.332904031849503
-0.03773412999954171
-0.08616197391494446
0.13542089256750717
-0.08899900317701666
-0.09769127934755203
0.2553820787446739
0.03504783514909736
0.0861131340649954
0.28549667037932913
0.44693984974882334
-0.28612535980595066
-0.17733848203522554
-0.24878975868484565
0.040561521214946716
0.14358151667507713
0.3656029065372255
0.10306628624954889
0.14237778907317442
0.19892952358408564
-0.24024630847307038
0.017247039356763416
-0.005855947777889725
-0.3739070832453929
0.37004503479396106
0.2421773263652166
0.10087376409680224
0.02144918932155898
-0.014525141421381421
-0.09742141390039283
-0.16505107128969682
0.5301346502335831
0.3901165294750965
-0.012995009338667762
0.353412801117185
0.3483988903855247
-0.21692262658913164
0.35817514052352967
-0.043603070013653544
0.2646912260572694
0.2018131955981048
0.3205635965356838
0.18913858282625018
0.20990591507988265
0.05372948822553836
-0.08853773087141448
0.3677631932099229
-0.18465632620622835
0.5254692802840634
-0.16978330148750861
0.20578383630198044
0.521854798062841
-0.04303118784150922
0.2740386883577343
-0.004241132653189206
0.34332548315851324
0.6607482448305864
0.5782873004424376
0.44780229945797456
0.2541164987306579
0.08010914685849764
0.14250695862297946
0.2024006870629394
-0.043974744655065234
-0.04993936425452555
-0.3915226663790166
-0.17817049013990577
0.07910036324289473
-0.1341944287632419
-0.1264887101420013
-0.26048312106998084
-0.37454148699053325
-0.2348134945639861
-0.2563248720417524
-0.23968362287804212
-0.17838677031236044
-0.1953802755622859
-0.0665682911249239
-0.34579881007012386
-0.35636192311046133
-0.19775554559886133
0.2912329687726499
0.08946040968742106
0.12208968688267606
0.5415060069923627
-0.009798182322396709
-0.26898152550093396
-0.3198005570543806
-0.08896555635584139
0.10280966069811215
0.04154017545902303
0.24636969293850897
0.19319939597661195
-0.1947858434257136
-0.13752910273784663
-0.08406865107074311
-0.11435879110227748
-0.008874300866836937
-0.1154673409298472
-0.08774809618131066
0.13598272257301108
-0.25704257274563685
-0.49575228487788087
-0.36234538950264156
-0.19022729452378628
0.23915671138930872
0.023308785526640854
-0.10973802993921855
-0.1959464610838704
0.5188861572741795
-0.42061304167497093
-0.36195778584641247
-0.4220047139918182
-0.16790739332722615
0.23917737838572697
-0.17364174102628813
0.10176702221226103
0.1880425068298332
-0.3204030085086581
-0.5056141018542009
-0.5003677073325487
-0.3929548740305929
0.009061052524561908
-0.19734442316318535
0.3445842746050618
-0.21419620609108625
-0.3932830614260544
-0.15218053100561457
-0.272199953038716
-0.33173784944564993
0.304754427272834
0.01708232211118929
0.10357819005477172
-0.11783175343017309
0.022757298344863564
0.007442181585024632
-0.1266672794712797
-0.690250873529703
-0.17914792622173722
-0.02575903428117332
-0.047745368656417014
-0.017991713095004004
0.16680336168768278
-0.017569993006081835
-0.18087698473446276
-0.6018052147234186
-0.3767498317494301
0.09382141571458996
-0.18173786248451845
0.13315062585958237
0.3237388279295018
0.09689216402406353
0.08927484848840761
-0.5571591318348724
-0.33549839382210506
-0.029115871086488665
-0.16586960979834564
0.05928414368184376
0.24651239085327203
0.2665831895751231
0.39426250183085454
-0.22914881721225627
-0.29509447386966525
-0.04430325409492247
-0.37438015431637056
-0.21302084486449244
0.25182405898118365
0.2750983236322763
0.8033124642253715
0.7471441897596242
0.5636695034834824
0.23973386929479673
0.28975993080619805
-0.12788336812251253
-0.044321371360798
0.19261394426309422
0.7097695477018731
0.7987347196664938
0.7647172887290228
0.44699871232942506
-0.3670235187716582
-0.7411814711192211
0.0569370699813721
-0.2148863020649085
0.1484048661558218
-0.28249069539179983
-0.4210985804233762
-0.713038234611954
-0.6215235853219372
-0.823459048899525
-0.3237710816207111
-0.041038635874926344
-0.443949606595052
0.09441824775578977
-0.31436656333011614
-0.5008587320857523
-0.7200400526189406
-0.4731109975525587
0.2729237681457122
-0.22835899990082068
-0.31731467467402685
-0.44369331085908786
-0.6397478837750785
-0.6323241562206815
-0.08684037803187034
-0.1774955695816353
0.5001605250677796
-0.05277870068117391
-0.19611597172526407
-0.2682793592534205
-0.11706834197977645
-0.03824317264802085
-0.47970754993712006
-0.745569975728935
0.4507288903881626
-0.1941806251737347
-0.7303188199564331
-0.2048038041833058
0.015204512694223682
0.011218516168269077
-0.22850115447139874
-1.0364875627967471
0.18748282764779772
-0.033797116276039874
-0.0475409420213353
-0.05453051182330579
-0.24627405784734455
0.18909593618584541
-0.47067849998027267
-0.1904827486952151
0.06672164709571984
0.32745390286947845
0.08498651069773108
0.428427866659244
0.055253173727019766
-0.041526315544091585
0.0843526454728476
-0.32333879563893175
-0.05686607368729161
0.23899457953829684
0.06714182418695874
-0.012891304882193474
-0.17447431142260572
-0.10068544541746427
-0.1572070328935667
-0.20862587337677319
0.025084722934063608
0.4617324352428298
0.6578016050429794
0.06471739248628966
-0.03783704600047602
-0.2986782859069204
0.10275242538109472
-0.2965802677599433
-0.016995795026944593
0.6759947675594737
0.34591558966998853
0.13585374397205932
0.16751917688479318
0.05415719929474477
-0.0605280097082464
-0.49402869772899227
0.7473655283305238
0.29836812568905546
0.6247015413149128
0.18382478567454108
-0.11454991389710512
-0.09482607550266514
-0.16906351404540698
-0.30669932105689485
-0.0825501731003972
0.5565424727029161
0.4453682206907963
-0.04540279482712321
0.6939689411668968
0.26214913322332944
0.038776232997479454
-0.4604096482938556
0.8032125035907969
0.10467394643974398
0.3477212479907561
0.0931149784278616
0.16731559578114175
0.21657419956631535
0.21594648795494054
-0.12991184682065654
0.21518937024766954
0.5101548553414756
0.07701904464069753
0.003646625362309447
0.43898343243378307
0.4852744130694017
0.06163252821168355
0.047633218605947825
0.8876538261241386
-0.0825035133898614
0.037133614707842516
-0.14569656904143014
0.1748221757535663
0.5338560040561984
0.17130371379963844
0.35903558731914664
0.14237161231545192
0.4911623834964107
0.02862928374110757
0.20749386496109812
0.027861530209603552
0.09676484993586354
-0.20237627477153047
0.6120930211666058
0.8784751218067766
0.33999742371331587
0.6760346090553402
0.5837659295999383
0.521772214815659
0.17399991449920843
-0.05906813928077065
-0.09964606654660207
-0.013100994564430868
0.2622335549404664
0.22023160356282762
0.5502553162544674
0.47211521222344544
0.1131270254124736
-0.26591067676699803
-0.19932063199756123
0.04009454746391561
-0.12872307964018725
0.5979557543863225
0.3689833486491667
0.5817799226362257
-0.3851003983597182
-0.42868678267033056
-0.9300437890941922
-0.033699816722454284
-0.18374500433309335
0.19428612938961912
0.7790882044084142
0.3749200798702911
0.10881124695596728
0.5091850021365018
0.13906113587955674
0.10615165145240812
0.08582480191006292
0.03863811456112837
0.31013056695201563
0.5216611886654436
-0.04443558123221225
0.04792393378811223
-0.31221373295223764
0.1132945535150728
-0.2800863008949419
0.20501961022471749
0.32433288749875844
0.538912251424741
0.11991128598524027
-0.007236109909556879
-0.11715134998313684
-0.8500437567668316
-0.363439434060846
-0.22915987836334809
-0.053532648404571836
0.0966976435184245
-0.2937253369459961
-0.12604470060451034
0.04748998989675829
-0.5231085423125328
0.0021637031130286866
-0.2998243763027739
0.00836080622060728
0.16115589035122443
-0.2848315958988429
-0.2610034266711108
0.08915271018408272
-0.032392809699176045
-0.5113012526496081
0.03013282015576224
-0.060958109667142824
0.019902285804511796
-0.9298071188150218
0.05534415892411885
0.2860711978085891
0.057029679589260335
-0.8158919294469946
-0.2836030600977472
0.12112924848343731
-0.18782101663625259
-0.41810973671556684
-0.10088192225840842
0.0068910642244381926
-0.27419947583172743
-0.5973004742991297
-0.3789171785439237
0.15922944464154765
0.2991393596325434
-0.825199166036846
-0.006755334957305625
-0.03992649835774828
0.2983496456149973
0.24373229296023755
0.2783561802499366
0.07572775916574798
-0.025954423501387033
-0.2511057677828648
-0.33805549119891387
-0.014620450879000546
-0.04413766621166633
0.05013105231431303
0.07702695547400673
0.0669580727529061
0.16420411575207047
0.09543938978423373
0.1541643129290292
-0.09129193015830622
0.3228548956034222
0.019365863378623727
0.14566781324164346
0.05211899097367062
-0.07093951900192019
-0.21081614250919445
-0.3394278895764795
-0.07208446076404695
0.8425759488817339
-0.21921239280776042
0.5798930676211029
-0.010636098355227108
0.02052638179129776
-0.011731961345731567
-0.019137379959844936
-0.009893180064267787
-0.0522347742761948
0.4179085652925617
0.215766062011645
-0.3393377792782873
0.09213227547974652
0.7935569009211605
0.06013620444692669
0.15832824224857434
-0.06148881628828351
-0.3620150201607989
-0.2658355785004306
-0.3885840111291886
-0.32428448852420555
-0.22563741407411064
-0.2410825384690395
-0.14244198742847525
-0.028634235293810456
-0.24886708430889473
-0.49555324556504177
-0.36035752546262056
-0.33387877981962444
-0.3821383407398208
-0.1867092089941167
-0.17170711303934427
-0.4274362290430113
0.009380521850117618
-0.24058422504323068
-0.41033442698305855
-0.17353385674199995
-0.25186457334130835
-0.21872994466369888
0.07019896678710807
-0.26642330895092226
-0.054056955831008044
-0.2650538295223802
-0.40108056583057494
-0.48664799619476307
-0.579606296556394
-0.04561946636984147
-0.3244895634214082
0.13948115609122858
0.4274925310151604
0.14788255623143975
-0.4734691767552496
-0.2805848016309179
0.010552703390653617
-0.013214776726770516
-0.2522282933942177
0.07902095826389025
0.2188431802499466
0.22209183336776953
0.10642517716259703
-0.1760680463028555
-0.025212837503092417
0.34498419874877373
0.022081143958917263
0.7118518435638659
0.37759028280432316
0.26137513073357443
0.014774535569230625
0.33704597211649184
0.2580013744710798
0.19957826174138849
-0.015389340302261578
0.014019907191430175
0.5683708920706041
0.5213647477582508
0.13166173867632913
0.156877054825861
0.5418401550893006
0.2483093228931853
0.14599854651953403
0.06379667290884429
0.272245873925153
-0.00539293002373073
0.42963218616632803
0.6667609250629856
0.006252912685998233
-0.06482084119684267
0.5496102895167632
0.4900860728661788
0.030015700801125256
-0.9045748721242279
0.20978856124224207
0.20328620333196312
0.2999681876623441
-0.19671480411012798
0.19309409580246684
0.228401456641403
-0.48459381176245464
-1.0466831382977786
0.0873245500895344
0.007979822064581255
-0.009257388486459184
-0.459738836768504
0.18989589247392308
0.48357794106176716
-0.7168914335128374
-1.1704586922588602
0.08867705596815326
0.28748602473100543
-0.3147739772642375
-0.02336204641118872
-0.053133518607521885
-0.03807548207066824
-0.4127998493572671
-1.169165928859486
0.21129733520126
0.49000900394112384
-0.9471237372554467
0.6801723450085501
0.5056856900817943
0.012527058896662058
-0.2492922398191929
-0.9291180382732247
0.4209322830813176
-0.6450247746971823
-1.0609638741343654
0.3398237797124587
0.19257870880010766
-0.12747112113627468
-0.2493855799125707
-0.45142651070103745
-0.47065555861748254
-0.9432904805048604
-0.7489024031675153
-0.030679895550367042
-0.05450789937561956
-0.1851268888498124
-0.16974834498617175
-0.23966153326205453
-1.1608845002606576
-0.4525072219746781
-0.6039171619553254
-0.0407518226959995
-0.41687454597827817
0.17256698042265745
-0.5528822994857187
-0.1340664572360798
-0.2467236641398005
-0.4038303490323034
-0.0736598755878487
-0.347375354147946
-0.03301197517191673
0.22434898013316476
0.13016141889482719
-0.3816815204870338
-0.05498542226284883
0.08041692774002529
-0.10255082352936473
0.2911668588456774
0.14649823847610782
0.13267534245785206
-0.10134473824771154
-0.023536919102290055
-0.20991485299053872
0.14964431787247517
0.2839457565848885
0.14316226967777834
-0.36158905684510045
-0.01698569665366767
0.03510431430333261
0.3007804610757526
0.006933677637037838
-0.110116896227896
-0.034278089564099834
-0.3531950053444106
-0.32941464948484733
0.3602058361234868
-0.13508856980373835
0.1299062178052413
0.08483297049103672
0.25351185806817694
0.07240422275950714
-0.16919311294118175
0.01949666914691589
0.4708046033169165
0.2069806616683647
-0.004028496118829883
0.1349779563894407
0.335479153924206
0.18580099433067754
0.06956140383099113
0.2697267730720828
0.33822705352985916
0.1567412517626468
0.11410176341212913
-0.19907453676959413
-0.05562468205231941
0.08410223007191259
0.07515571172777341
0.005192080099656021
0.4104440352246695
0.4642719824050708
0.0962631249380535
-0.06467104213999636
-0.6925762403859086
0.2220845167200767
0.2566347418468075
0.44226620639021264
0.06011583888819061
0.7448683156410152
0.18884341986981745
0.3666435855266794
-0.806399444827754
0.0677241609944384
0.2288312568946244
0.3945415251821518
0.30837144407012257
0.4061034312791083
0.14519097212287863
0.3067255569650338
-0.0837703888265563
0.15149820120864876
0.0080461722248385
0.28021143516953273
0.21566949425434212
0.2332489745301326
-0.2536954350429617
-0.3125309055010026
-0.15669842275466522
0.01777612189610872
-0.0930449197836073
0.20990535227743629
0.3037724901182858
-0.19471737240083303
-0.7550319921323717
-0.06104047386019429
0.019741674848274965
-0.11995945507869415
-0.12683345100202525
0.09280217232978849
0.09148529328613025
-0.020214390909868415
-1.0109036270015688
-0.06561730944577512
0.45797343458135803
-0.4075389850065356
0.28804399199897146
0.07170418080662824
0.14131752110406026
-0.31532928616411376
-1.0339072322077398
0.12090705416689457
0.22913450515082656
-0.3475703986919607
0.0360810982114152
0.2949085692477744
-0.0640166976603837
-0.35859049087890615
-1.0701323728547454
0.43843024734172137
-0.11037912768586772
-0.4829429297426242
-0.0933917395910252
-0.008775983095372003
0.5653059434928291
-0.24041161683241383
-0.9337398102409233
0.08779798268860911
-0.6333325078912968
-0.8471307893101592
0.27182202370685005
0.360355134566241
0.020414492148043528
-0.15261050017919647
-0.20547456056526092
-0.054639213784564766
-0.33450795249830634
-0.23226051906991085
-0.4209983847760762
-0.40748439662289176
-0.179462138153907
0.031487239700667025
0.35439523620161234
-0.0472444185583461
0.03183158551137022
0.004254321160894636
-0.08558299582387226
-0.48815227247286225
0.0495270315791016
-0.18468693885615417
0.21187327445415943
0.1842754388791511
0.1780876808498533
0.10721682444354197
-0.03454721436026331
-0.16009132390847367
-0.15887344071134896
0.362752201967223
0.022168924337004625
0.2773215643223842
0.16805482208703698
-0.007670673029481878
-0.08375807566674331
-0.4921795223930425
-0.30499176048087884
0.11008756233706918
0.6570265263992444
0.15633305897625524
0.2883673640955745
0.1968938525838967
-0.06848577800300942
0.07571780203642398
-0.1998015265818271
-0.06573554725440772
-0.05587036443093821
0.2715216943733641
0.5971030346397014
0.40640963737699387
0.11823648283732152
0.6494088281724334
-0.1405539564561195
-0.007695029123482744
0.2204576168989248
-0.3524477300826303
-0.13738068625092625
0.019978707521098094
0.23786428432988932
0.49595468851783414
0.19597763006817115
-0.16510751471839658
-0.7623615907541497
-0.3902840530223587
-0.4977399644801448
0.27402277409667863
-0.018145899525791376
0.9706839102650455
0.4250917239594222
-0.15533814621218978
-0.5507119541141345
-1.1643142778107913
-0.25343444129768117
-0.4941706338723213
0.06319960020643484
0.5496317592890444
0.6210278920850987
-0.19918933601432404
-0.5777067860048104
-0.3321330006666084
-0.7020740803158028
-0.44749894812508284
-0.31986784469302415
0.2084264174539111
0.182724395297793
0.2263769926333985
0.1329061276612843
0.1270537752102902
-0.29928019359131125
-0.15125042395154698
-0.0860503451943958
-0.14615994459834009
0.03124381698382586
0.24189086829085407
0.07568650062225962
0.9470617848411094
-0.038446607416393164
-0.1267005807319409
-0.4377215394723251
-0.05236475942110089
0.31916244221440154
-0.012425125329210224
0.014151583482463592
0.5332136074001741
0.10288798442806318
0.04390188673137191
-0.25342384467100315
-0.4673754091221537
-0.22754183877254786
0.2730948041446971
-0.0014171053445224402
0.7517303047549727
0.2993232886939069
0.06402988301409418
0.3643329441464001
-0.5115341488802867
0.19636078186616168
0.05588863754468204
0.24502230738703445
0.04010639275144112
-0.12370411296762587
0.1972104166040271
0.402812270787719
-0.2812647926312733
0.308237205301776
0.6821348961425873
0.44278640622949944
0.4110457395312135
0.33310836926167375
-0.35726340236926735
1.2304499010571415
-0.3063993670661852
0.08259816037182709
0.4647419490219633
0.5516954714819233
0.7046397235130811
0.9795885518142495
0.8966179382155562
0.3447263078934541
-0.058351871067756036
0.08037149381276344
0.26436024988584994
0.5949995729643042
0.07291110947082188
0.33203124318886823
0.44911169905164094
0.20268934778406195
0.07018389716213458
0.2038171944237268
-0.05139965721837528
0.34524791143127087
0.39290649334770106
0.2783884447831107
0.03390001988549096
0.3589744336603524
0.12799738600274035
0.510168475337528
0.703713714169884
0.32604134766741716
0.4425886809253015
0.1682395367079052
0.40354792822533997
0.337288638196935
1.1378233474079114
-0.012387392766924271
-0.13676968165179842
0.3397084925064069
-0.002085350904358685
-0.29655261122197774
0.17924949055579145
0.32878725613328796
0.38157099229595165
-0.2575545610302338
0.36097793716550863
-0.11923803825129844
0.13089863103654498
0.27180771535039383
0.2852228827001272
0.3104475323319926
0.13067298779355968
-0.48686296951681085
0.0786644949719138
0.03535931696007674
0.15436013348109562
0.10018396085246278
0.41424351528072745
0.16189544402821834
0.21944205055810992
-0.32980903247129567
-0.04944949230082596
0.49324101332626447
0.14869715878981649
0.015197284309661718
0.3540159604098043
0.05657355886048232
0.09235745473083823
-0.4153046031890516
-0.1670283084977684
-0.03399927478403575
-0.05163798023142668
0.05066957820031304
0.18028705494524522
-0.21428020176654508
0.29210304100990025
-0.16837861163204682
0.15835003227367112
-0.12259251624217615
-0.07739821957228932
-0.25191586818132916
0.0632261833208013
0.3328988741377172
0.3142183438382553
-0.2940981097387487
-0.20462337377727613
0.025264627978207055
-0.27019345164149444
0.2428237401632557
-0.046745472421357875
-0.184128105333838
0.07127022339115285
-0.3834522452117638
-0.11326938003107763
-0.12535519922488803
-0.1471102230412849
-0.02918927042292313
-0.24071402325907065
-0.3228752767893101
-0.37512839613058657
-0.4134333183660851
-0.10916469801038575
-0.2830703531202438
-0.2504756942262
0.035094866902219704
-0.3873130949934291
-0.19450619803941882
-0.12117790259383182
-0.37460370866155007
-0.24866445374960455
0.21935700717123438
-0.223337695606583
-0.02686779401896433
-0.10584972932355174
-0.3839280094759489
-0.06493308750198101
0.11739697551541906
-0.3376979139574162
-0.05981632081699617
0.08381528476422517
-0.3933006901188518
0.21087209844212945
0.06652826783915605
0.35597637631235346
-0.18412742735609883
-0.42778755108923316
-0.28554384184220416
-0.32640186790739906
-0.13998429873546575
-0.4572450864991764
-0.4365721470082675
0.04137768986639087
0.06073290882255272
-0.017316397895183133
0.5666550094971394
0.642815563828885
0.5671449854903697
0.07557617845167489
0.34043106386815697
0.10641951787521298
0.009561378640180751
0.19488190500724167
0.6507768073364664
0.17179732994884267
0.509237239468592
0.3659206635883423
0.5471495439482252
0.37504059354571884
0.5593997197025276
0.52917877690869
0.5372862597006882
0.46752451732239014
0.6495061523788703
0.24632949735640558
0.37836907864433533
0.06182680709718258
0.3881656688750285
0.26716565945317094
0.3167742086627958
0.22760383298186726
0.39808203924451663
0.008536092160892572
0.0074749471763390085
0.04935407350235943
0.18185929823336705
0.6876045926190865
0.15006114771500406
0.23517902519486494
0.23651018380937738
0.06864367079125563
0.27230187924952975
-0.22048302583932725
-0.07504659076602001
0.41655802970573313
0.09299507234931673
0.35901044068141
0.5275393622555197
0.429760810717167
0.17626471040391917
-0.24239390055694365
-0.1523934649185365
-0.21558953116211393
-0.008235591423657956
0.18193559806164808
0.3992821910758232
-0.06485379566691743
0.02328179621140042
0.6050355065218044
-0.49580576893931594
-0.10341133800636891
-0.009112543206650725
0.3003161246164761
0.01394630620394366
0.0005929993548267898
0.15311800819154375
0.40884733605205886
-0.5708502227531291
-0.565112061423658
-0.1733750364802864
0.008456233680752323
0.15670713728358893
0.5100289486235392
0.26677485413202384
-0.062373841810890174
-0.4632166574043689
-0.34981201937978623
-0.13570016334612334
-0.03440603116101604
-0.15675587071557218
0.1560067397558304
0.23966349956183375
0.27625779226087094
-0.21241970685237144
-0.20024799327427556
-0.20173872233486
-0.37322141963754185
0.08396622724747471
0.09251793830911909
0.34963034900049933
-0.15373364686531857
-0.5359328766597179
-0.3347886023343546
-0.041682049387620046
-0.28492031683398655
-0.31554549080914607
-0.2357978974100957
-0.0018588385464701762
0.36155332576304117
-0.21466608096915224
-0.1495410094178365
0.05271068259058148
-0.6562834670242799
-0.14946663513345593
-0.28277236370178815
-0.3934787441409172
0.13740476831332138
-0.36204315551955035
-0.6514035376988161
-0.35502001798857863
-0.3539105646399674
-0.5202829842982607
0.17070716420686236
-0.2036282407434734
-0.4496263879074131
-0.13687103886319862
-0.30081537401322866
0.011626926223650469
0.04753966556461203
-0.12036122103923458
-0.374255669828311
-0.3290173105082681
-0.1702519079978369
-0.23713837276586208
-0.29420563986739495
-0.1817542945113345
-0.2710960182777167
-0.13254266055699856
0.04593937907207846
-0.03347412416639023
-0.20497983478334447
0.15000923506398756
-0.23758288180446668
0.12415675362957518
-0.21738477132697306
0.1720131071701485
0.582509025862611
0.22070300973994603
0.7943166688249019
-0.18053288933799994
-0.32242649751584873
-0.686956998620901
-0.03524174782330247
-0.01527169487626212
0.06928100483757565
0.2479146249542218
0.02455623268933732
0.33802069213484154
0.0033569929258591147
-0.23322414750819165
0.10646899598088294
-0.046368364860812195
0.15797519224292683
0.2733703331266155
-0.06157823901788384
-0.20126538635737556
0.17398153414715845
0.26682026458856906
-0.07327263483431842
0.09977420476082283
-0.04311198994768686
-0.17165542421363345
0.056011988491298514
0.2902051500431581
-0.05173614106136933
0.0976024224425947
0.07657004215123331
0.2779699065482598
0.20605417279417665
-0.031133714134700133
0.4283501637204181
0.500914906146795
0.2043077052853034
0.1852383463940233
-0.014872439827066625
-0.06370683511644501
0.03192594802907172
0.13354650702611248
-0.0391554038379911
0.7220216737721592
0.15739261520438555
0.1063494817719372
-0.2574486876127351
-0.38279799328055064
-0.3526254910711942
-0.19374945224817253
-0.41724831576956034
0.3294631331522082
0.6760881807664855
0.13267586814572646
0.04786394227365341
-0.18700389716110252
-0.5288700829718148
-0.5916584471239771
-0.18566570643400643
0.5076145601825617
0.5997064342875044
0.13473395861336257
0.20069653921459202
-0.49717799946125213
-0.18580939633021745
-0.03328911840266877
-0.3374216880692678
0.029701588091193276
0.533211582387866
0.4596868417831636
-0.040859378391959716
0.2935955035128918
-0.3847557417927697
-0.10849647159077302
-0.8623437436330528
0.469844849413274
0.23740173993733016
0.16639350073474024
0.2026735834096614
0.1265084740568455
-0.036432479204222254
-0.3944481329218155
-0.4358901589179886
0.1862599648352356
0.05271958124363862
-0.024983176343768232
-0.10239169185920732
0.27979839190966305
-0.1879120184814154
-0.20815928627312563
-0.7264094011106619
-0.02356175150112394
0.0559453313072828
-0.26863706501153595
0.18125777409146016
0.3104017543933706
-0.3939881897481543
0.2899686921893464
-0.382464369093372
0.07196099217810252
-0.19317036363263057
-0.01549860876193071
0.284119103742065
0.15595210020788985
0.10690883225672093
0.008193219364716786
-0.15437197363723204
-0.3715844392419754
-0.0860400311087291
-0.26803213301174855
0.11903715765074446
0.3814280510778218
0.1241674137544628
-0.260939534901393
0.3886956348222655
0.09106247597977629
-0.22324639412399144
-0.6728671523035151
0.4927034151890267
-0.41501117676264887
-0.41575136125082424
0.5188146364876559
0.0352880367742336
-0.3159730051838185
-0.13729806641315995
-0.08354208215946923
0.36041063176116295
0.23680186816504978
0.4354637306800324
0.15752319942210502
-0.030993135596909444
-0.058396329082655726
-0.22092582148280387
0.23503571135387666
-0.05552140413040485
0.22484168978897448
-0.13692284297491794
0.010769846332791017
0.31925064941120523
-0.11616517175216208
0.13262573267696876
0.1663913552333332
0.40291667561353656
0.3073033557216075
0.2822046755327437
0.22712527101953492
0.3518750749591027
0.33873230000601245
0.27765207778361073
0.4262055347620074
0.22762358616556255
0.276476010316717
-0.16361909074753783
0.1909534964744467
0.472499911856833
0.22649631657319358
0.4834361865590765
0.5352004080702173
0.30401850213697884
0.051820205981404105
0.10612797834485171
0.09915909797666048
-0.13612580886780276
0.317026918070068
0.5986424927936483
0.5508995446700325
-0.2755448199544227
-0.1453581356616278
-0.527895626512689
-0.14658013256476848
-0.34106105097604517
0.7435651563437012
0.24474384380950512
0.2238637809186409
-0.09683462305333834
0.29426661945378757
-0.08591806593563805
-0.3563301499354764
-0.5275775650435133
-0.1002755909274256
-0.34447357493137254
0.24394912728645984
0.6821867410151533
0.07189776522040614
0.397525853599365
-0.27740990086880246
-0.09628365909788694
-1.0258220875262047
-0.532036033908144
-0.016625533567026143
0.1392090902645811
0.46508635966307643
0.35082354451712017
0.33980421148125384
0.18027433190926434
-1.135951603690038
-0.7868611006475276
-0.717664293865677
-0.03014525147358052
0.0025651719965709696
0.22097488264979298
0.32286282060150373
0.6820336514753669
-1.0126862752359944
-0.7138436040256325
-0.9082787411087199
-1.0507279782134726
-0.06931106692222119
0.760362789764728
0.4668117489132944
0.4410992370490254
-0.28405924485802947
-0.12451429444839696
-0.09411070831296625
-0.48853340768422
0.1833496940009164
0.09643527975367144
0.6110217721397396
0.5357800097260195
0.30713488870356165
0.15129864174870816
0.01763099476192931
-0.32879787197992416
-0.5163096335367242
-0.28021411922590633
-0.008131771423198486
0.1625494170230376
-0.2578690623322859
0.25956546993295193
0.5742978281776894
-0.32159696209782374
-0.7913477768128852
-0.26169023608733705
-0.4853772784416802
0.06066554271820085
0.2868483384384453
0.1537856658050905
0.3228950169103897
0.204540205053166
0.11499808052032728
-0.22503354480174195
-0.49580924224277734
-0.08438065282861928
0.7631128869959685
0.12827955353462
0.11678600036047439
0.5357732651484102
0.2757067091807317
0.21208018038559912
-0.6288511506645883
-0.5205001141780763
0.3944436022548224
0.34773554233108994
-0.05551503874685193
0.10820411571414483
0.1287725457590242
0.6079294268651726
-0.07253522077698998
0.7890593929974097
-0.06866551378670138
0.051267748270899416
0.26884361454745775
0.5689659776500626
0.42135346154004455
-0.0032047825708090144
0.27359009171827453
0.18197993196295215
-0.4010241878144304
0.04156393806870731
0.5984937407388145
0.18644598295037007
0.7286695499452164
0.3726395550022041
0.6594061414577034
-0.10735839633723863
-0.6525376969286333
-0.4648602114993479
-0.11025723537514359
0.2669008832885872
0.2408420889176337
0.1797862267664635
0.08908718616860889
-0.19004933423895293
-0.13812757150592547
-0.08876087132779459
0.5455481514937159
0.618303907606498
0.07738729131410958
0.25327972690412426
0.2532620838333673
-0.009939166724616533
0.18415415786500638
-0.10040684442710313
0.030688691458267782
0.3390941036863971
0.523603997089018
0.013332157593077432
0.23049195513840343
-0.10094168388199701
-0.3198639132266034
0.2768478599430231
0.21882178378659106
0.21453234869463145
0.17734336374222714
0.2936032583715865
0.2507182011305071
0.08712355395829419
0.13700071502853972
0.020668091876162253
0.17347734938429227
0.052811939540516384
0.19396587675798194
0.1884035419487135
0.17556466462975956
-0.06400134554668876
0.14038476096913088
-0.10777671590457288
0.403403553653866
0.21204625585337716
0.062063763699621854
0.3578962897508166
0.12372959397714167
0.272886516245824
-0.39740724775024755
-0.018125248114105076
0.6089734862786562
-0.18609866309500786
0.3539094958058161
0.2519925805123312
-0.16138651270530224
-0.07270315652004794
-0.8631314971478357
-0.4102588846851405
-0.2857779975469109
0.11370057606243897
0.12765571142954873
-0.20115234759415002
-0.032785873732589454
-0.5329797246123149
-0.6274590265140274
-0.19457295060708313
0.0016854654882691167
0.0839827919232663
-0.006210961374754909
0.018980702662422355
-0.10039729785620044
0.12107829796208619
-0.59827410363822
-0.5905119510303684
-0.2739735622292755
-0.10741176737536545
0.1513655332651696
0.35171685436439104
-0.15891043236622077
-0.017986045807314444
-0.9363966152467944
-0.6727085390022937
0.2153731251168277
-0.14766602612053556
-0.35228442253422987
-0.018224469768667206
-0.0649085237194656
0.2989420732181095
-0.6825491198046328
-0.25188715834427056
-0.5828848843376979
-0.2279976473756803
0.13058808687060283
-0.46658790011296947
-0.03476959184801666
0.5799895449914041
-0.5194876565490614
-0.732816385386013
-0.2463309038362086
-0.22978276061072922
-0.45929206996510225
0.2612445494758015
-0.2347026376133961
-0.12276529711646755
-0.03291316433255137
-0.11988587496911518
-0.5913963978566716
-0.8892182538737015
-1.0409405997103347
-0.484320320058557
0.4525216400180324
-0.29524763557087697
-0.6373402539550008
-0.205223340992219
-0.591520530730119
-0.6698194276369747
-0.8634052406378357
-0.16211826122741657
-0.010801062082691236
-0.08073011788805765
-0.045213237395442474
-0.24662031761095377
-0.6109182283284976
-0.6583324683834001
-0.6989735399983212
-0.30919310430008345
0.1277119457559302
0.44032867773699885
-0.40999975116611387
-0.1637127082036342
-0.763952530588216
-1.0026822496956105
-0.40934448139405577
-0.37988053178440573
-0.5575618535475896
0.06286761852607853
0.31358747267434767
-0.27348859866326203
-0.4045110217531753
-1.261093476637196
-0.39694453317767536
-0.2023956069746602
-0.1921788484280769
0.40423041642151586
0.5342041535905555
-0.2886815420346122
-0.15127774134763589
-0.6190775589847641
-0.5629893915614828
-0.027170955782653883
0.048723013872766785
0.6553659377524288
0.9390872107545413
-0.11405794944579162
-0.6002338977963244
-0.3479894010333625
-0.22300506140437382
0.06914520670019392
-0.05340526871895139
0.1265189723946762
0.6549360045586776
0.340878616387549
-0.4696528666023353
-0.242160592260266
-0.15871234487538421
-0.022924878488178202
0.01142616673847062
-0.40118830181285114
1.379335984216564
0.5472448988677705
-0.6124933891374003
0.2884272381896977
-0.2450803628574666
0.19409097474556936
-0.13813946807405347
-0.14134032380703757
0.8023710643940453
0.17057131943463527
-0.0623504590604973
0.14587350519742354
-0.33117432822771986
0.19962080049487668
0.2721095913678879
-0.14771325524528073
0.33452888489595844
0.19184709004050698
0.37476177988348947
0.6867793586809113
-0.17375459573918972
-0.21770728323603922
0.030291948369257055
-0.06173859016203037
0.28318349122890535
0.04030750135450759
0.0919315858329684
0.501743280926174
0.192001257073714
-0.07938173310401309
0.21714660938702307
-0.1417830514360519
-0.31339819397637136
0.02226099146572008
0.2430084922464993
0.4541288540172536
0.0253996368849346
0.06939668533927762
0.17607948817088237
-0.027226058155066457
0.0440168477602208
0.2669790479036689
0.09909662749687012
0.15733242937785652
0.11967120191079203
0.17167274449083625
0.465581744735676
-0.13489738001588492
-0.5878105342929167
-0.14212987173505065
-0.2577339084062371
0.1664984764863528
-0.17184816265590475
0.32218855274624747
0.44915704564305103
-0.042502639794357866
-0.4363169534465573
-0.5179500579835516
0.038136430042309544
0.06784890689505033
0.33873205493624153
-0.02635744914599336
0.3425715521673378
-0.29512160806248267
-0.42133354022193925
0.08735903303581433
-0.5145118440719516
-0.5915583144365508
-0.5816191893511105
-0.43319813265452944
0.4923248723555493
0.3568839661537898
0.02607471036290543
-0.4358799410136567
-0.6859464097277883
-0.5066189434248439
-0.748475454001077
-0.16918067952543966
0.297258482944582
0.467747751972486
0.08426980977774351
-0.047785552109205987
-0.5009076157198535
-0.6478213652315126
-0.5501807864975468
-0.1220718348542249
0.7281623792241272
1.145006927437978
-0.13951762527370104
-0.1684929712310908
-0.3483032239070565
-0.8699669072628656
-0.3807517836667583
-0.47927636204930774
0.2090510017163396
0.45338582378337733
0.14591240867466987
-0.07194195778170841
0.031233592630622253
-1.0616046921008964
-0.5230225572597218
-0.33870808775456573
0.23772400625301898
0.5799241210509927
0.8626623961415174
-0.16436475512302806
-0.07050616701902729
-0.6284827123815657
-0.9725658667675204
0.0809090353606634
0.09429868878253778
0.6747990558532785
1.1158640973187124
0.2450686961491848
-0.2806662700260392
-0.18622316813850545
-0.9860429978215021
0.08674061142247569
0.1527673196110717
0.01735470320824517
0.6521881005564283
0.16539669932479995
-0.016505814871676572
0.07356096469413087
-0.6675957645915371
-0.27658155644804344
-0.005388526589218012
-0.4870959647547288
0.28865269894544837
0.08882109115824272
0.12277676795349943
0.18364680125514915
-0.4319107332157306
-0.3725322685764971
-0.2115470279455715
-0.3545329205599367
0.02544630665471391
0.159721036304044
0.1334003614945144
0.3028820196494568
0.4349260273443506
-0.4590465126949783
0.0193259117623846
-0.49885326094881993
-0.2919045656369864
-0.06787758531071286
0.45722835274686446
0.4666040385367985
0.3460042224698553
-0.029670505295139205
-0.17991440382376223
-0.18135253991069544
-0.47154634425276354
0.23838861687750373
0.2907840723148032
0.4884072422217071
0.38361170494757857
0.15016277317958823
-0.10700262806695626
-0.6005722006165234
-0.18750103377493554
-0.2826891695242508
0.35407856676056226
0.053307456443348
0.11604317566924527
0.2995694121181446
0.11794655897229807
-0.1430645315382495
0.12792743993275513
-0.2982961432257575
0.037247001964364465
-0.1161475713933656
-0.01735117897611857
0.19468357272054077
0.28476330069394457
-0.24796547579450118
-0.3923796783092156
-0.3161681305112086
0.13736455087356925
-0.3426143915779667
0.14939415672703873
-0.08470342815183751
0.3393628238568603
0.24059858961967456
-0.5843367622088341
-0.3460034906018923
-0.11836102433641749
0.16803342273273703
-0.20444800272715197
0.6839562138348955
-0.4839455814308662
0.34067037877327355
-0.182344354822972
-0.21277143438199386
-0.23450754986615754
-0.1843549428687214
-0.2787618538786758
-0.12930632168475953
-0.13558055124084806
-0.1094103974195566
-0.03623913783991228
-0.22724953037076911
-0.24613579035716682
-0.29311849243345883
-0.27732608195385056
-0.14287230695816525
-0.1211428207779636
-0.13482572051330474
-0.10221812676262887
-0.30056665829168583
-0.2935557127131198
-0.3057444661150038
-0.2885997253767991
-0.24992009508095497
-0.165047857351664
0.21609881603036762
-0.29794205526717527
-0.41669468460276177
-0.4025496673560194
-0.3568974858160968
-0.23665419992921954
-0.5404770342781409
-0.240309625602174
-0.44832926299074904
-0.1788295596593964
-0.5430963072429806
-0.4988845007674657
-0.40822292989037967
-0.7524353043251594
-0.8311870914775052
-0.2549374062682892
0.2777899461795086
0.007946205957676422
-0.6388860876203885
-0.6942289982009757
-0.33743015948793365
-0.689364666609088
-0.8421609555652747
-0.38327438907179767
0.8802626196639212
0.6244791170083754
-0.6037389470536306
-0.2693438500949564
-0.08258210812630162
-0.268085830750045
-0.7163857819891157
-0.13396589705869502
0.8889740556583781
0.8639001530595587
-0.05470836434739737
0.0918155040398525
0.2962089998247218
-0.13209610011272818
-0.5721663331053513
-0.40573662367197283
0.563373687193434
0.5855384141666297
0.1967587953545007
0.5265074849829424
0.6194877155346652
0.04865346910876414
0.09248743427956257
-0.5820739645780226
-0.13059302427881486
0.4979422355352997
0.4227303757142672
0.5202745117729337
1.0439214737227953
-0.17040848507353257
0.3090825186900944
-0.33400039312280483
-0.19526712551616704
-0.10180223504648034
0.2594721536867394
0.3118985963244753
0.611676497174299
0.006773667786407464
0.21643022658022393
0.17402123062051938
-0.8418622331315815
0.0580157215449591
0.11197649822242633
-0.18088357689269596
0.11498647336036055
-0.5143803522176892
0.3543513929684101
0.3613895149505309
-0.10024272613863797
-0.08300128684899885
0.2118637076810603
0.1225293256787914
-0.08132974856936195
-0.009343069227321865
0.0754642852994518
0.21194307401551785
-0.12492937360873668
-0.07496412762737675
0.3738867004591886
-0.2831210189342117
-0.4815448142254257
-0.03999420213676538
-0.03490019803222649
0.43703397670607136
-0.4101068212465658
0.09338888763775127
-0.14204985559784591
-0.2398535492086985
-0.34048941144556655
-0.10041785925033696
-0.17090460235949706
0.61575299899178
-0.69148458995278
-0.17643817905673143
-0.2074969318442095
-0.1805371779233178
-0.613025082222594
-0.524968633079375
-0.6839970465369293
-0.2820719554415412
0.5266721322466522
0.04110234293232523
-0.15852474884536005
-0.29737960481366854
-0.38739797277534405
-0.08929736250645792
-0.06676109165439148
-0.16074728450902154
0.07423178123344512
0.04036961907467462
-0.2128832219041108
-0.5803621359630832
-0.15380212437066493
-0.10750353138904672
0.05714964986176494
-0.047004580435282106
-0.08105207889348137
0.5575974277103017
-0.17948910633183301
-0.18249915451494217
-0.20096775194742603
-0.24965933120193762
0.3101069324610726
-0.20105336795093132
0.17391335831243854
0.47653173252395237
0.3742293890719084
0.21058452490225965
-0.15880717859857765
-0.4733845490724126
0.19420551661146823
0.037506591216156515
-0.5279839347059074
0.5172296583353101
0.17767622923821288
0.03845016182545641
0.06631324202198136
-0.1193221894284767
0.18483697161362353
0.44965707423540024
-0.2025018669953348
0.034577114022519395
0.45330409170696995
0.21513728505687607
-0.012000071619772623
0.21919959130909825
-0.21644927134162983
-0.12263527509924477
-0.4411415034594061
-0.2936399063260714
0.2284039825196017
0.5435503244430235
0.6424732055624118
0.46767515011422456
-0.012031060039642827
-0.4197699196600996
-0.8231568888002629
-1.106747489537982
-0.11616468603619007
0.959097169797231
0.17416044326410685
0.33863785704050897
0.1742519791806031
-0.3603137281457408
-0.34917994449814127
-1.1348658917268808
-0.11527215167165077
0.21141051185117365
0.8629058992910104
0.47980206923131763
0.2034073858583704
0.07668851738396879
-0.0022861670802035022
-0.5061473757672981
-0.05645949282956958
-0.0964573364772647
-0.013795581761428533
0.3746804389292843
0.4368131816825245
0.40687419779949574
0.010602097614518122
0.0020806503174071057
-0.10899703155267976
0.2575806672211649
-0.4452547141752815
-0.36224713895222266
0.42946259495465144
-0.01313733801534478
0.5028199174266663
0.3063901955718813
-0.018697305886870963
-0.00805976201137032
-1.067926729633824
-0.4454543488561169
0.18990585431064716
0.42338159460329594
0.035884191417348194
0.6319109273159063
-0.21223572110817548
-0.23944407680443724
-0.4942388793783252
-0.40296083947657346
0.39240533221401197
0.05460993045655671
0.07036320607236066
0.24920024796207063
-0.5008265166553523
-0.334345733620873
0.03721484397257363
0.14245350438331
-0.3027703706404919
-0.5315267334798744
0.17930733656867842
-0.4710664590250601
0.10444762645599032
-0.4301536547411581
0.08372385429517537
0.31773717985131184
-0.2945940732408112
-0.6845316197141175
0.015060344672779113
0.07630821360634732
0.023668003550469663
-0.4988093866781358
0.0958103156603845
0.027745406460140953
-0.633696680035196
-0.6646807892652531
-0.10213403156046541
0.7186119005578511
0.29820838584888687
0.1204985507330616
-0.18894833030806232
-0.16507763882993065
-0.2617631139395342
0.42927170053809005
0.21085682941772893
0.5530763156461374
0.6194763708005478
0.5435134944736947
-0.098029586829466
0.17787057660621186
0.002373589565642098
0.1796436176354514
0.30840493524854906
0.15012077920483582
0.34083215654201154
0.5669807084498999
0.09933793223494039
0.02573654024510147
0.2793907580269711
0.4181560736032451
0.5972424201471045
0.8184406391688153
0.271384617025608
0.22973734437504836
0.6629582680460896
0.3766159120406372
0.3742712149167422
-0.16139406231784975
0.25924481818801587
0.08293677403238237
0.48632134367718904
0.24772934729054746
0.6840190062218159
0.6929061102019911
0.46489794667089446
0.5031123142084482
0.03234146422020451
0.21335217423778413
0.14304135708393553
0.36468140534717275
0.18830514542294563
0.5341908322071776
0.6002807946847148
0.17131480032261398
-0.07056520424685277
-0.2843759555102769
-0.13863643184634877
0.04202492171795219
0.018325306278175413
0.5262074920065647
0.7717523184095572
0.7583359712867556
0.32308885188603187
-1.1595983942049357
-0.16229688665298875
-0.11317152359783567
0.160705742549096
0.4886428378146183
0.16289524291786373
0.38042295758801525
0.750323513221586
-1.0843954787531793
-0.649585874611667
-0.11009331817422302
-0.10495457410346176
0.2590140640671741
0.676542770647067
0.03704642050707119
0.3004677641998814
-0.9290997719160516
-1.2840895557528755
-0.42817350910133267
-0.2587224353635805
-0.08026993551337563
0.06751454947939073
0.18645020231594828
0.15959139123858052
-0.38300699572830876
-0.048588570583732366
-0.1536902753501897
-0.49472028134765644
-0.17660969130849186
-0.2069955814632205
0.3175277247337502
0.36660699834457244
-0.19467855377092236
-0.36455528936421056
-0.007762847572349685
-0.8154563860222577
-0.24504952164750732
-0.5588253613920621
-0.011239082823022717
0.16608443463909336
0.16161812947560605
0.3753831600569966
-0.113937082592705
-0.31169045191881084
-0.4943641533646578
0.14018461673813526
-0.4534612010237203
-0.3601290956972905
0.04512571202322097
-0.33384779190106906
0.035213169350408524
-0.008757160258305752
-0.39009864393794946
0.12561459321009422
-0.4495850098523672
0.0029250258746875146
0.19895119055969973
0.10351601827586623
0.057357630583442176
-0.08485582827517699
0.19445510494206508
-0.04430302756205562
-0.24033136001001731
-0.3868240714954842
-0.03786038424119159
0.2242691077712205
0.32624449526156535
0.29628495495761653
0.010318236919186263
-0.26215415783600654
0.0970067259954907
-0.36639802226827145
-0.0760231056973113
0.030595454996758142
-0.15945840537013697
-0.08645564172490332
-0.08570244171987307
-0.39376093544120405
-0.389485349124366
-0.37470860617966056
0.5620270442171077
-0.06595564734399251
0.006239528313349153
0.2533334742697662
0.2473145125681938
0.10565140094024211
-0.015719675827632507
-0.05347392928147221
0.014538515992944645
0.4305219850758942
0.17491420327237572
0.23080547255723943
0.04096898330352933
0.08596448117062733
0.03344220843562215
0.08759156151615355
0.30439232222712553
0.3515134130527922
0.4745146148116499
0.02270977995171175
0.2639553441366763
-0.05702870194155135
-0.34328595094497205
-0.1902495579003202
0.3957510072006975
0.23530928388378436
0.4204555521363365
0.060406617331600354
0.12243901825615602
-0.013679285646162144
-0.18979744868441406
-0.2309154060185173
0.0630063710305463
0.15336675485759182
-0.21589212806439878
0.2890069638524173
0.034030461078197904
0.4580826178903371
0.2589030144703813
0.012093117376372142
-0.37856149781771925
-0.0604298091715903
-0.2168020704261442
0.30540238581016715
0.4009413222311162
0.6309172525062153
0.010848932769372877
-0.1731822358435237
-0.08304077594333656
-0.4599344215594874
0.21971785619156553
0.4447438032618737
0.5384724683671156
0.4868074930371048
-0.00688818214177106
-0.19454961483727515
-0.5507188039503604
0.03745019517326336
0.7103775311274618
0.06399700786830412
0.4474164079342274
-0.14733464784554062
-0.21522896593651838
-0.17659360629748128
-0.9594823406630608
-0.1230128676186879
0.23165089969297376
-0.036514734657294545
0.052874295920618486
-0.2623124526599644
-0.13407632781129933
0.25099293874871714
-0.18976739279302146
0.40642295633634384
0.11512445550024669
0.2262724643661178
-0.06420487958101334
0.06574435998220718
0.3396626154217439
0.36928785991613644
-0.04476616609955504
0.055548629605738475
0.2298814116656711
-0.0655228219934273
0.012515580721478792
-0.09923678709993583
0.5044037596728146
0.15219124620597954
-0.10229326077293727
0.06695480994452485
0.06720848286927103
-0.5148805542536309
-0.4462856868433694
0.5171177538060736
-0.0982257772258913
0.27361381845034893
-0.44832865950860845
-0.20679506647541465
0.06908411379783916
-0.17356878130779668
0.22826549189368056
0.27480284859285165
0.3275709409197682
-0.2867132704468522
-0.11603572563918951
-0.15403186000198293
-0.13357883128795706
-0.5128346168713892
-0.414058326720883
0.08862770802733849
-0.5213788538116813
0.11172506466974352
-0.18829167065259764
0.11414960920056785
-0.06813270501377433
-0.12289403417117391
-0.36260794349762193
-0.39931999644892807
-0.7507991289182077
0.43762624628638125
-1.5916199578007055
-1.6246367815349743
1.9694263567542492
-1.826357273961173
0.35373536185267407
-1.4009122252270585
-2.3556493512520533
1.2330328786093
1.6683422931118146
-0.8292501334609921
1.2683707822446528
0.9370740859750077
1.573895908149033
0.4213124970729533
0.8278842630031622
1.3863809704175827
-0.9919999218526317
2.3969253841712583
-1.8374912219673685
0.9390523224396456
1.0898816930996866
-1.1839262067407983
1.5289966072748467
-1.1764765443495881
-1.9375899878121494
0.6015813685742031
4.153814148820902
2.234021241007123
-0.7305096028018299
-0.9559052938837063
-0.8105782640025918
-0.613064026123639
-1.3139898727287356
-0.6379496201572574
-0.7555735727650561
-0.3465979712059896
-0.5762882839838736
-0.7392910158058734
2.5745725781381275
-0.8161998300735518
2.5467389400127547
-0.5872094813912284
-0.41157255508589274
2.2740428332580676
-0.9520941766745472
-0.8013261358715057
-0.587323606537079
-0.5428379034947525
-0.4754916781150055
-0.5312747815916492
-1.0040200589098365
-0.7680431928032342
3.1797298083577217
-0.9923521839344175
1.5913223911092083
-1.1459603739432833
3.0680721239385225
-0.8196533120920546
-1.6117947139227917
-0.7626352904910939
3.018534218741217
-0.48021195142748624
-0.7149020531321064
1.9069703277714534
-0.7979513270496951
2.7830515089373344
-0.9068618114665801
-0.8334242655456056
-0.5589477312645514
-0.9211913837089596
-1.0918713278986862
-1.036450873124835
-0.7642714563148711
-0.6572498206051601
-0.6364275378743792
-0.6701436977784486
-1.1454914057693641
-0.9205495329470513
3.0609004639236344
-0.5602941906687755
-0.571076633134519
2.2124879205976002
4.226947510108633
-0.48782134132741406
-1.0510410054703319
-0.43691472951922716
2.7021030589119577
-0.25810842952063406
-0.4141161572097376
-0.5718850568996382
-0.46505363517992526
3.890172882807986
-0.4958076922743828
-0.42922314075418955
-0.2840438953267789
-0.5342141170399484
-0.71754200373664
-0.6425931721564946
-0.41280188871546286
-0.35597735426262944
-0.3504440614504136
-0.38376939121500553
-0.8334266944790751
-0.5728022733616649
-1.3812340306932986
-1.5030739021904758
1.069587984025764
0.6103304254988163
0.6012073389398165
1.2231551693796885
-0.5432198289243582
0.8115522644463573
0.962644092055305
1.980571837466405
2.0883601874284823
2.729587025087122
1.570492984616325
2.006684460177345
-1.3352816561132894
1.1750551036390717
-0.883861613390416
1.1039915150789605
0.12859136255261006
2.0573670962480803
0.8272427523206525
2.5723807652371664
-1.0239470521547411
-1.0591261396707523
-1.7853797218073821
0.8569636874517305
2.4128554914525475
-0.7024847178511241
-0.7154272182933126
-0.8279608266434362
-0.798454229031829
2.443695699734243
-1.340543541174009
-0.7051144492412672
2.8047614369721843
-0.3078526903463653
-0.5720559108936176
-0.7304872401702841
2.1163053458076186
-0.7402252097431031
-0.6725102221414507
-0.6141829844358156
-0.4137357102972843
-0.702651131185404
1.5197590888503343
1.8202517283496729
2.9186892277501886
-0.47007515477232137
-0.4692396542244771
-0.5510234919709175
-1.0228930700454872
-0.7317448874934565
-0.47895765763393544
-0.4538372303998778
-0.46770510409665444
2.1461342289604177
-0.566471679670437
-0.37320673762122913
1.8726649514223879
-0.41074976984417366
2.522490091185316
-0.18924428102770957
-0.32709101623686726
-0.5172189878486722
-0.40641641061449457
5.722525925130464
3.206488479122072
-0.34220733307264944
-0.2470990376170764
-0.4358046258021199
-0.687988089086646
-0.533145233592327
3.767583774303608
-0.3283381124134526
-0.2577518753228395
-0.3236009406493805
-0.736341484516357
-0.5784381022513829
-0.74697216147174
-0.8600663804146318
2.1135464948887117
-0.9418892321086689
-0.9037523715006344
-0.6553189890199687
0.6493604838761229
-0.6208523092710602
-0.779954146858489
-0.31929563502663805
-0.6103390613502335
-0.7815876359148031
-0.6652891166962639
-0.8436463003851142
-0.7357345691114365
3.203618762940783
-0.4234396241349113
-0.8403422128906824
1.8575106326527657
1.5935745127647891
-0.5889718117174889
-0.516654951555769
-0.47134286151633453
-0.5429286315824075
-1.1822215720042366
-0.8039685129761529
-1.18648933910477
0.8229226935876162
1.19036831944899
1.45656891052993
-1.4116625577529835
2.109172910126622
0.11176469007337497
1.4959544746162563
1.1635361755120326
-0.7467165058024124
2.4302582669752217
2.7500666444977764
0.6658756844792781
2.524638194478031
1.5175448241556844
-1.121370330045755
-0.8842150734733232
2.7185794966839123
-1.5395967592215818
2.8010316256391867
2.4508244727584043
1.7446021537120613
-0.8822495106528854
1.7108870086004593
-1.7019135079151235
1.8026358953489845
-0.45751828351097806
-0.47557888166897677
-0.5243630501883373
-0.6729158262618382
2.3149645044775475
-0.442280439574958
-1.0386639217070242
-0.36746227528716724
-0.5711021490573727
-0.2775703982927106
-0.32875058475959135
-0.5429039626238837
-0.4062875463965656
-0.5198955703536751
2.8427444729383873
-0.41202356748409474
-0.26249227806836284
-0.48900608516567934
-0.6781890237914017
-0.5975868460607998
-0.3700237743418312
-0.3588365697277929
-0.29946041689495523
-0.3760099097154181
-0.6658904877897873
-0.5062352119786386
2.2509428709685553
-0.8474060248094203
2.605979051573121
-1.0018481429466766
1.841621916646961
-0.6368195052870308
-1.4297543970711033
-0.6263244741620617
-0.8713431605809261
-0.36877649448535116
-0.679091651261422
-0.8076046210297645
-0.7096156757156857
-0.8870471069633399
2.166094170295084
-0.6921229732935577
-0.4195509038028011
2.2326201810182886
-0.9988580475873579
-0.8681558757280295
-0.6102479538133229
-0.5859097055407555
-0.5232880854510217
-0.5460407850673819
-1.037838479589762
-0.8738077516146318
3.5746637372385353
2.861585027828716
1.724444101361077
-1.3354700767693468
1.056198474827538
-0.9604278285474461
0.29531654327371093
-0.9159759044863929
2.165883738060266
-0.6045501632937809
-0.91028111183057
2.28722759026518
-0.9071439760443948
-0.9779668238621237
1.9095005222577224
1.866858289666132
-0.6902286925940839
-1.029238432226854
1.2707231729070683
-1.2216856584678704
3.312547651869065
-0.7702916911572043
1.9409092262724295
-0.8840304292910565
1.0039745160752827
1.4624070008815786
-0.8666643417609253
-0.9410206330029537
-0.9236520824101959
-1.1152567770044315
2.027575512146192
-0.7281994560024572
-1.6499100699963067
-0.7897440955341116
-0.9729017693324374
-0.48585927988494576
-0.7404375177824325
-0.9810378210817636
1.9684210209685067
-0.9734294271269819
3.4113130434800953
-0.8250610341015872
-0.5613520963940101
2.41036908444574
-1.1467454755291708
-1.039916797576078
2.40243062539259
-0.6592873013766609
-0.693396891331624
-0.6564308861353352
0.8776064109504493
-0.9104692715209433
2.422926070086769
-1.5649379112767783
-1.589111192366215
-1.8515638383705004
2.0073801408187393
-1.3467146459316988
-2.3195068484648953
-1.3633070011155606
3.3331244555997963
-0.8693367017659797
0.9085349705913202
0.6170786699736983
-1.3468512572787468
1.0225768219792875
2.6760088076026687
-1.3883259190144634
-1.0229930722379226
0.9957753634600467
-1.8063862939902804
-1.6028486317072754
2.4799411302181706
-1.122075691827943
-1.0866491672360303
-1.1583160685027294
-1.8859142769462607
-1.51201671232783
-1.3687728207019507
0.8113808529602999
2.0683191099591043
0.5849452052984515
0.7524730122426927
1.5930512911421375
-0.17571035518278222
1.120589001590778
1.8165438632342292
-0.7585313582087904
-1.1728428385173442
1.6657332559277853
-1.2809513249748483
1.6169980486446083
0.9506802464995397
1.3618920280720967
-0.9534294917608068
2.5406983856115093
-1.7295703816895212
-1.5035619523059123
-1.1425107950003475
-1.0841789801660773
1.7195412778369383
-1.075235017920662
-1.8529472132640012
-1.377513724180229
2.0655373075314976
-0.857146089754313
-0.8588667094289493
-1.0962367539440523
-0.9972836827333211
-0.8075865086811109
-1.5280652739559173
-0.6972355283620142
-0.9249043220497319
-0.39617976332697846
-0.69608717251997
-0.9267472572983536
3.793570745216586
-0.8969001622313717
1.984987723250148
2.0654308286759666
-0.5204552938369732
-0.8615624358039187
-1.0675932439204785
-0.9221527869912037
-0.6371378803258245
-0.5722155207743315
-0.5727763451863717
2.395272609308017
-1.2498583360857607
-0.9090735958768401
-0.5763486423491787
-0.6411474465847211
-0.6561373957098693
-0.8120236368993815
1.6748358132255028
-0.6151598786826652
-1.2427289564487753
-0.5080412247070227
-0.6700782993102204
-0.32987018882622465
-0.46823761176596995
-0.6862377499072696
-0.5178799365819042
2.630542863702712
-0.5605288054265134
-0.5133817665647996
-0.34572638201842043
-0.6447157098756727
1.9221369922014249
-0.8059939198193402
-0.47076830090529787
-0.46738788296652256
-0.4076577389749614
-0.48312830088259906
-0.9233935189057881
-0.7216175020983617
2.8243534453209427
1.6509354619491639
-1.093279465105236
-1.2637510595874701
3.0311401226838193
-0.973841884646375
0.3355952130010514
-0.9038785648670092
-1.1164308861667993
-0.5710199351811197
-0.8718111487684402
-1.121771168531885
-0.9805079106427244
-1.0622733780490132
3.0485243286979262
2.674219937747401
-0.6513367667292906
1.7696213271048051
-1.315594741774663
1.2835864095935676
2.3971871351778957
-0.7496821945068062
-0.7145559093801317
-0.7575293897995368
-1.3467584424527703
-1.0747144231443968
-0.541148993366317
-0.6008218488784736
-0.6166449268423647
-0.743119742776996
3.2993533483231783
-0.4812695552450496
-1.1542419853901653
-0.5127650181328239
3.364567025112768
-0.25537160487176497
-0.46903156624217546
-0.6436045662324829
-0.5258431113773501
3.80559831459603
-0.6012337842546287
-0.4796190921990211
-0.3430003888620307
-0.5944324077414926
2.1706445372130583
-0.6860695167212462
4.229580965886826
-0.38141019124020614
-0.3696694908528446
-0.4027073899525825
-0.8172865127689779
-0.6027761894462644
3.8412316620381075
-0.8870215445217023
2.715982567153756
-1.0509233829680813
2.398615315710586
-0.728400151814834
-1.5246480546996621
1.998233461685052
2.1210498041354233
-0.40663010022435475
-0.678046516976716
-0.862441995773849
-0.7455602191636755
3.3264757497119137
-0.7778918995232158
-0.7473142966737248
-0.4841886074535894
1.7338639697142635
2.048913423596633
1.027770636306022
-0.609413193255358
-0.5879657694690326
-0.5728421291230404
-0.6598199497281005
-1.1207066096078533
-0.8905398719923501
-1.3697985663715135
0.9646540101704897
-1.4459193064504259
0.2171827536806299
-1.5986646106225906
0.8719631485255761
-2.4584689214656636
-1.194535032688038
-1.5061660047260297
1.6661630858498389
-1.1122084322687869
-1.4310568729612094
-1.2299500157323404
1.2553682704479396
2.4906207763295187
-1.1744894308412355
2.909013510696857
-1.3337742867088234
-1.7498371751172788
-1.5905577805531506
-1.2406856700482776
1.1680433887995745
-1.017315975072393
-1.1156145810892544
-1.7880039399762133
-1.4112339316872697
-0.701096412523643
-0.7743522750214292
-0.7811483047331257
-1.0215852378089085
2.130372547391263
-0.6136455960394345
-1.4160679672922374
-0.5854855059915707
1.7274919298277078
-0.38319919874801134
-0.5726690883743643
-0.7393236289750201
-0.6191899832204103
2.0170490848946803
2.456867640766953
-0.6137914097938892
-0.4597100828345769
-0.7025324681638367
-0.9767214240468013
-0.8369634773084351
2.2588223618895276
2.7985463667245165
-0.4744558317415808
-0.6202068603066864
-0.996109264521279
-0.74841728270106
-0.6325588017350309
-0.7101288090854948
-0.6125294035901532
-0.8040031472928001
-0.7276582626987996
-0.5405223370987504
-1.2919777142201774
-0.5114774114101863
-0.658214544990078
-0.30803265300045973
-0.44328335387462114
-0.7092036132658639
-0.5875402058125601
2.4864958000696644
3.2414392969904298
-0.5018401887288332
-0.3482538531953017
-0.6048676179574551
-0.792639147928816
-0.7324134619619608
-0.5516878263141718
-0.43738981992538983
-0.3897431165317058
-0.44438899889486866
-0.900037009207038
-0.568214063371751
3.024709937702934
-0.4981298010852302
-0.5572766714454174
-0.6829946532814201
3.4277381351639553
-0.43909247649339445
-1.0398684575075006
-0.4179041417403938
-0.5657893953341526
-0.22856644054191022
-0.35841369392249717
-0.5372856063477508
-0.41810004315253
-0.5187254771121199
-0.4557040658311823
-0.39914929490892603
-0.29044988248274695
-0.5054835321645519
-0.6613690671343472
-0.5857016995099458
-0.35292086007505286
-0.3550988584778547
-0.3356447323261253
-0.3287552075414183
-0.7491451652780752
-0.5636156123654228
-0.5270322875049737
-0.49421982023446986
-0.5103075999332979
-0.7263908703170293
-0.7428835729655741
-0.4763266954878404
-1.044717966317196
3.002824662863104
-0.5525899602341322
-0.18289084109358383
-0.3914104038002577
4.714530673764541
-0.43788375814825176
-0.6569517903870215
-0.5207752708765165
-0.40064294087359265
-0.29031740812698353
-0.45987729860488136
-0.737278857194497
2.426634519252669
-0.4055722910934321
-0.3449193429017973
-0.2615089652629451
-0.3649554307338
-0.906611977979063
-0.6945903328672615
-0.7559088492506936
-0.781517431573638
-0.707731120865812
-0.9671549330653643
-0.8736248358084572
-0.6065935590743098
-1.350726950713778
-0.6213283827513776
3.5619191050106105
-0.2962851577164499
-0.5830434652565772
-0.814635911107807
-0.6547576828192095
-0.7462050219777762
-0.695783856591782
-0.5858155922411281
-0.37818512278059624
-0.6862948632909547
-0.9719406955162546
-0.8406514623187069
3.501483310842738
-0.5311767404400105
-0.49999057105199596
-0.569018628086927
-1.0362628208926394
3.297406302044716
