-0.013587950450168796
-0.018832686940089334
-0.02781075597300367
-0.036582805252103806
-0.03930699372206862
-0.03398873437677426
-0.021981474301051844
-0.013173903408451103
-0.020541424089547133
-0.017354396685283074
-0.01987377879686235
-0.02190804755553917
-0.022533076450181534
-0.01719535055352492
-0.016513189325191698
-0.016163048740003905
-0.03390424232539191
-0.020633859299253182
-0.019483901152453343
-0.009451094904990623
-0.003667892093994694
-0.005396123545434829
-0.012288145019303698
-0.01438261001120636
-0.04817772668834835
-0.01650127104759022
0.003990611396158966
0.01975333046335392
0.0196926164340291
0.008388814077590232
-0.003303053415771201
-0.01763961357499298
-0.06717427086023739
0.021842238962734885
0.04853993522821182
0.06071079230692641
0.05229665700052871
0.016081017668840503
0.0024698402942240102
-0.015507225667992933
-0.03758033478377944
0.07952204946738808
0.08350051463095107
0.0648727670867732
0.06161557636757289
0.03510252811402966
0.016112802759483076
-0.020999987093233283
0.04312429990803257
0.08147709619595991
0.028640436382360402
0.012372453956072716
0.04941053936543418
0.06210592355594425
0.03256554028237755
-0.025827210105645135
0.1113528086385524
0.002941961676266673
-0.03340577655380147
-0.011667321707167024
0.07386541236367063
0.1117792129034397
0.07031777578137778
-0.02432337520643646
0.15147569992755944
-0.0312668802239982
-0.015104939692079652
0.04163521058988924
0.12403223520135759
0.16355351851966357
0.10182407256975771
-0.019629321342242233
0.1650777885777757
0.010553575041172077
0.04382174640079044
0.08057767442348068
0.12261653311318277
0.16238226705480882
0.12224404818714645
0.01644984949509215
0.1187356812909784
0.026270422377551884
0.03715196441687593
0.049932048983648857
0.05247666142939767
0.07458095635304915
0.10241201449618963
0.07521385119605649
0.06380998155339823
0.015666818880239748
0.00950866241735188
0.0004559885747340693
-0.0174724775130229
-0.006730698087128229
0.04479044257221335
0.07290919368931838
0.010570139728608492
-0.021131267446263834
-0.01520734172833242
-0.032229275122891254
-0.04480860115537413
-0.03402515394052893
0.008244889427902965
0.04295856332641147
0.0018948587589794194
-0.017022723499876147
-0.028071998068246166
-0.04440219525069142
-0.048770919987343536
-0.04177942247888051
-0.01570929704267464
0.018080741008154943
-0.010782314271307
-0.025783228062962016
-0.03316018978158119
-0.03795817551345211
-0.04645053435305892
-0.03789538242015535
-0.026375439782023537
0.0008338862554054787
-0.01317137299718665
-0.0266878472550093
-0.039489574896670224
-0.04656872180287859
-0.05003343108440739
-0.037817772252621985
-0.02187806925828947
-0.005438085420491676
0.037306096010300195
0.02441909995085544
0.001312142849125905
-0.019713233104903277
-0.027017006797460063
-0.029565942830664955
-0.019824033972921925
-0.010498612850018026
0.0405507032291834
0.021478111177616773
-0.003496930418308254
-0.012717511312419891
-0.022063145284920017
-0.025297242335790768
-0.02183979979321794
-0.01591589487848951
0.03991371290172718
0.01879202673755019
-0.005475584134556324
-0.01797665071764869
-0.02660172135474877
-0.030072645329904744
-0.02878994515931479
-0.02328674428652086
0.033906403099290904
0.013655671677657421
-0.011368807664438882
-0.025215010038486547
-0.035485629845126154
-0.03612864091133941
-0.033458920962056854
-0.03086596417511683
0.014785630707084128
0.0033862209037087464
-0.01867636821267024
-0.033937526529263684
-0.04504288538442159
-0.046179309268396
-0.041373176875028304
-0.040284100732448015
-0.0050399865151360594
-0.003824648438194173
-0.01938378442623963
-0.03325373725663474
-0.044281116607315915
-0.04061303640350777
-0.03989194716666839
-0.04316373071051217
-0.026451330243349194
-0.0007716243864315528
-0.009708607237875401
-0.026411965267704965
-0.03464533451422875
-0.02908881274444619
-0.031419807221356656
-0.039829800205697284
-0.035941912823636235
0.014604583866053423
0.004281976007946791
-0.019006519753205393
-0.027392972461959052
-0.009380488096783178
-0.008812777128531854
-0.026293622963255988
-0.04529105102287309
0.023575697126380836
0.02235099523838219
-0.005150702716448428
-0.004845876667374803
0.00828945999460003
0.014163628153068009
0.002374260568514403
-0.04552577594967631
0.026945416174418327
0.038789248832888645
0.017015245829125128
0.008917322439678344
0.013634205259208965
0.018861762793958747
0.026611926647344603
-0.036998448396866515
0.028406362543256368
0.04884187079024538
0.015856051502646237
-0.007515913870305974
-0.0010384322611523666
0.018551181136650805
0.046505358062001435
-0.023446798629024976
0.03177453860868749
0.04644710635753585
0.006403616099968529
-0.016867788323812465
-0.011987095088657881
0.02837144273301862
0.06265149919001879
-0.007575801870600865
0.03747760506008158
0.04254735996415157
0.004601680264494772
-0.016618603189694915
-0.0012238606847660147
0.042358141467851475
0.06062000737279141
0.008553248975743883
0.040139608349432934
0.04133068421326679
0.002753932000430682
-0.006399461545290548
0.019736640450601722
0.05927678251572966
0.047408047083517195
0.023034508052885733
0.04136198833884781
0.04293319752470559
0.020185339993713552
0.026849432422047716
0.050438694268202654
0.05674959411128097
0.01868236052888711
0.025482850917179386
0.052874195167142396
0.061128983697775106
0.06367036799229943
0.05716495766108841
0.04134576427413118
0.020224519511905122
-0.0023960573489675177
-0.009081090327104122
-0.011785122080115036
-0.01710179202726345
-0.019911499981863316
-0.014595102141312134
-0.006237481958284754
0.0011686317804559174
0.0007152869091489285
-0.013061994821955034
-0.008124820527022134
-0.008979964925624874
-0.004081571320630915
0.0007272487151849886
0.005617053730927316
0.0076162516750682505
0.0043150264558580575
-0.019255207306424705
-0.006343619405096442
0.004887829781945568
0.012381598636083265
0.020074277490564646
0.01603063869813605
0.009376805580714177
0.007344545375444883
-0.019781712401481258
0.009921893374351058
0.027976671727292308
0.02466592498177814
0.019388664347180996
0.0034827373925865
-0.0025291559221963323
-0.0007031329533409353
-0.013897252334114481
0.04143171438668919
0.05386694343769408
0.04129383919516997
0.01592564578082349
-0.0020664448848159117
-0.012905083078447607
-0.01489943810359707
0.023290138496544148
0.07121970151310793
0.039853557724836945
0.0067909238191604104
-0.016046830531418237
-0.027674761682715193
-0.03638397210855618
-0.03816275157033508
0.0704529209561048
0.041870317597141805
-0.012417921362771017
-0.04087460216437732
-0.04981885637770061
-0.046717731045678654
-0.046250176803681875
-0.05666160956329745
0.10547176397704773
-0.005364250218379234
-0.04811618417166936
-0.06562672390903893
-0.06482305212230256
-0.05162967326537015
-0.04552727564896687
-0.05969313958527123
0.12087833792234368
-0.03858630778000963
-0.0588662819328008
-0.067454599833378
-0.0646860278846692
-0.04914321127587824
-0.0463538423828592
-0.05318426240343383
0.1286570858323296
-0.02644489872558825
-0.04755771671343887
-0.05587885959385612
-0.05211877902781471
-0.03909187090142688
-0.034028110275071854
-0.03362592862150782
0.11203470854583514
0.007557261897993288
-0.019190437265175577
-0.026620843443203826
-0.019319725561809387
-0.006906211412076374
-0.004435117496320578
-0.00810587955306075
0.07872483837840451
0.039080983018022604
0.01347302867890095
0.008561273125015426
0.013226644029605165
0.02083664647376983
0.015898517237032343
0.002668049944059934
0.03511829611464021
0.039045442534178465
0.028482476613276565
0.01406276783417372
0.013993692470678047
0.020202041844869578
0.012164121360140369
-0.00015398575568045288
0.005928207468907217
0.016139000271494376
0.023391883516777272
0.017330426313508587
0.009288432175433854
0.00987621603563673
0.004959910264986292
0.0023774772607103607
-0.0064479476431294975
0.0006919686834055632
0.004858462574668147
0.0067634498026891265
-0.0014918358201066362
0.000618705478252398
0.0011244324539257315
-0.0009184583169250225
-0.008831551379046239
-0.009740623703440157
-0.009965665909081713
-0.005984948523603928
-0.007154278512287408
-0.0008181388131262489
0.00409813851460074
0.0020086774631541187
-0.007583377557923601
-0.012892489887770392
-0.024810082535671515
-0.025321783764291107
-0.010857595832322986
0.013509502264541387
0.010853399448070362
0.013974758765124851
-0.01212675842247953
-0.01640911124020791
-0.021918784554288296
-0.015704857644678504
-0.001271511034863615
0.022555661999956615
0.014209868762875806
0.016256146011817303
-0.01877139869880895
-0.022399541696875393
-0.025361798032917795
-0.01544481339069714
-0.0024947374617814502
0.019194684368190232
0.017503244397672348
0.013942165874278774
-0.03179049720247536
-0.03197052688338178
-0.03671380140665329
-0.02627960975087194
-0.005782028473422499
0.023612474278212624
0.02286385824453133
0.008388375668169825
-0.04877056568686362
-0.045757024427864675
-0.049674989654244786
-0.03761369790519861
-0.014883071074963944
0.018304067855357813
0.02162219100331667
0.0012609794722053824
-0.06609858954545636
-0.054208278060233164
-0.04923539761315384
-0.035026987875724475
-0.011314977065626407
0.023276121601779203
0.028239466307587363
-0.0024258291619939734
-0.08121623532216136
-0.05814004240489595
-0.041738831150174405
-0.027334041890996516
-0.005673494851108481
0.026150121306525893
0.030360477365800383
-0.002954899957693544
-0.08637099642779648
-0.04301908766356462
-0.024256609411630714
-0.016487448274239664
0.003033089179154871
0.04240321804583362
0.03607246295134813
-0.003954910733711125
-0.07514845533431684
-0.01453179944947556
0.0037120124327050677
0.00028348313008618505
0.017841676605351346
0.05697380260963113
0.036705863185780244
-0.009177502297409615
-0.040907657966389295
0.014367240977270232
0.015815998424199396
0.0036045388756389112
0.024925686077674366
0.060161213094577365
0.0401170267808468
-0.01367498567700288
-0.0013058148924120908
0.014803507891799274
0.006333985555051196
0.0012897295830417595
0.03438628148914267
0.06668931222961645
0.04231854019490708
-0.018936693385222404
0.042405371944149416
0.027650276756381386
0.006640551292390399
-0.003186263829628123
0.022461794820491286
0.06261639322841751
0.041702531560545326
-0.010484954203307596
0.06708087108781079
0.03077768346952672
0.0012936839119233549
-0.001830397016282077
0.016503907935350885
0.0520142960061323
0.04678652676716227
0.010426589667198899
0.07378973683204057
0.041979434039019124
0.007900604235949191
0.004142548042484593
0.020913920326262
0.04605758318051089
0.04669325185276797
0.02320626772216982
0.05625554305313213
0.059587644614287
0.025674749398380752
0.018684556592407343
0.020225758741849766
0.029665804480106157
0.04002201699952191
0.026902204523858716
0.026006423362668174
0.056818042314488684
0.0567731533470918
0.04605697379929175
0.02582995624610521
0.018256969981872536
0.021322940641020457
0.021399641207943076
-0.016285003423142527
-0.021901437695770208
-0.029893751299699945
-0.03248925381352382
-0.030275831758539422
-0.02101759719241892
-0.009662010132860638
-0.005448971789511362
-0.026344095639652707
-0.01875238634956848
-0.012972654146913846
-0.0036353580781048915
-0.004445905637146371
-0.01147088119202087
-0.012096045993402658
-0.0011663983752197573
-0.03616711761477556
-0.0025276353744201683
0.014045631383695143
0.019290918439986475
0.018273352894386686
0.017649028635236087
0.01226605381432629
0.01899105972251691
-0.038713278289411124
0.025263209232380335
0.04777328016841632
0.04350891888498935
0.04263475710159238
0.03560044052164043
0.024441020222565387
0.04728409601529773
-0.023404665281782235
0.08105522993263073
0.089960529508691
0.0784265590194999
0.06079017551417761
0.04126243065403385
0.03172559541119769
0.06679715054825174
0.050500154408882975
0.11403379493493737
0.080074934338279
0.04319827725574869
0.0333126481392751
0.03350253541702458
0.03329507102526113
0.04828018911210553
0.11293688791559463
0.11154379005482282
0.06629120609625788
0.057007722047711325
0.08406896588824625
0.08636065107997236
0.058839853524617784
-0.005195700850866271
0.16787981845352687
0.12465808453799045
0.11651920298338894
0.10130517737976778
0.09508645905098519
0.06224591587573596
0.001216185581735611
-0.08923474482600384
0.1841268510058693
0.10137679500617792
0.08282842653135991
0.0312315289782699
-0.006020011867052503
-0.032205467581096776
-0.07887796200303562
-0.12196178630099538
0.15726707618240496
0.0532635781162243
0.004159150435940133
-0.05196237471898331
-0.07010422614692936
-0.07180852450543332
-0.0907464295880822
-0.09835927682136385
0.11304252522506543
0.08003663076605604
0.040646491744783825
-0.0053710346989626016
-0.020086351631479343
-0.01755531818801358
-0.027110209803036238
-0.031224186611033933
0.034142752632341254
0.05886349878962688
0.065473098189883
0.05321729902627944
0.04844814016614222
0.04911787661848499
0.030009375300083203
0.0019462737867464023
-0.011013488458389717
0.03503188074801596
0.04474477738228035
0.04458841596294365
0.040720753926892284
0.045248230342159315
0.027591395869066126
0.001393860302121316
-0.03591370141041772
0.00021569520629324292
0.010661697823359491
0.021834108990724427
0.025476727478789863
0.026433610108667176
0.015279488151990874
-0.0019824889649245735
-0.032278825176309686
-0.02005530972600477
-0.0062211963200322394
-0.003989495288313137
-0.010638615838843275
-0.0009807020002474552
-0.0015723467482700042
-0.003202556640810526
-0.02166979351055305
-0.03097783706941141
-0.030794112858978394
-0.02121292935491608
-0.020410937706288566
-0.008879662265187892
-0.000279626352025896
0.0024154946665685957
-0.004837749584958142
-0.003974945303810837
-0.002409030731995485
0.009944311068315713
0.029498117203641046
0.03898214659651195
0.03621524190955431
0.017755345509016297
-0.004237413181938398
-0.0011668703212935586
0.004690166469795063
0.012307733739015203
0.016138471817327825
0.02060957269041842
0.03164346498021287
0.031029582647027782
-0.007317619153513401
-0.00430997282902357
0.003858522906564971
0.014221288773195348
0.0101477607863098
0.0073555894219196755
0.016766640193196115
0.025078570817321764
-0.012246902918553373
-0.008336570227309173
0.003966456435771475
0.01012885514858713
-0.001963668154775008
-0.008334228350104785
-0.0034848840345111797
0.010314899838980235
-0.023987590046677085
-0.015860300568168
-0.0005226457534848945
-0.0027018975748536343
-0.01908074530291585
-0.029268391931589793
-0.022938715056238065
-0.00868423067529265
-0.0342232148156021
-0.018046283482635733
-0.002357034206577524
-0.005135746942552712
-0.024096514063790687
-0.03562736161003885
-0.0293434398997052
-0.02180015933328894
-0.046234742704005606
-0.021661931827050788
0.0013351280005371253
-0.002644852648903069
-0.026221920007947444
-0.03368322007073258
-0.029552344059612424
-0.028572697495531686
-0.0446727331865554
-0.009419813023067403
0.012116539194160163
0.005948098797507843
-0.01764381129604839
-0.016580349401212762
-0.019969096796539857
-0.025762183430321765
-0.030190980214682053
0.008261953411757133
0.020696675529098194
0.014723280308749772
-0.004332164151312281
-0.0042713068354164494
-0.01269720536887689
-0.027172982106621564
-0.030735489240899687
0.0034381335391874945
0.018037993474631312
0.019921185845595366
0.002262829065139383
-0.007760544881172751
-0.026154670474809277
-0.037539018863416145
-0.03208301772374544
-0.008923907168900546
0.01124949541807892
0.010512267188568868
-0.0016511433164381826
-0.01575964155078352
-0.029349652168301044
-0.039799900041065775
-0.030672078868813086
-0.018378294714433866
-0.0002076168061438622
0.004745301557994675
-0.009352580858441652
-0.024259298640273316
-0.030841906082828524
-0.03547889337829717
-0.026967207418229153
-0.019877084405892538
-0.006605120859507912
0.007789152259744266
-0.0018023592947203032
-0.018920930920553667
-0.027035188169785895
-0.02604062936013681
-0.017017851809020733
-0.015223803033633812
-0.006224778973242882
0.01000890348207651
-0.0009695152402176045
-0.014110136969881188
-0.019478081784492653
-0.017736206841525597
-0.010102907267416672
-0.009614998658655958
-0.004788034654715922
0.006273816309216067
-0.0013671619563865585
-0.009087047988423969
-0.013686446733846879
-0.010647972265545858
-0.007167402616852615
-0.008800969405307384
-0.005737095383456039
-0.003530935121245263
-0.00621627700334099
-0.01246982205238455
-0.009270854753706604
-0.005824390488652624
-0.004338441248330202
0.013072112940716096
0.048626036057973436
0.07493937828349621
0.0833473095536411
0.06918645681761468
0.04772316354707654
0.01354892707031093
0.010181970695469254
0.04442536372692121
0.06674549370438139
0.05087414581354113
0.0524251160287143
0.057173644259005424
0.05430447203281616
0.026101334659055637
0.021461717459007323
0.059145978574992486
0.06445672675153492
0.04253934330756887
0.05844079449645874
0.07129418045791248
0.0535616822346675
0.022609651191529887
0.02857928798876861
0.0505387814291349
0.04936724684281242
0.048882684860295324
0.06572682154602184
0.08161420414185842
0.053913903123488933
0.016193819169863618
0.009048181027565692
0.025884099437109325
0.03860719517125407
0.04450473347576241
0.06647805329868842
0.0868484352776687
0.05548311086299356
0.012299026144557893
-0.027359473173178432
-0.002181325834120294
0.009077506818288733
0.021991057688847765
0.04639797540923454
0.0745488260551274
0.0719099844267951
0.016244377972866618
-0.06215655442381651
-0.025583732422099825
-0.010755594171930772
-0.002102593641903253
0.009607394590529391
0.047596318793142633
0.07149506212216877
0.025621456784145565
-0.09284947449899847
-0.054052310642293114
-0.034212855969529804
-0.03184595861456486
-0.026561707756541073
0.02060726113918735
0.06907257545240593
0.03690458214567548
-0.09730408238383713
-0.05827028675895063
-0.037099932146916745
-0.044695637776540065
-0.03322174896901567
0.015377338972286584
0.06137477175077509
0.04632812719145059
-0.0876006511968049
-0.053421801098940985
-0.037164041260008863
-0.03893968385004901
-0.02902969598568766
0.013637439443560164
0.051843110142067696
0.0491150319232966
-0.06480788511752619
-0.04799172871631173
-0.040906028470012956
-0.04276329755680527
-0.030348542987553493
0.005876119691349929
0.0372539164550882
0.047962677432155536
-0.035624772281246234
-0.03215709377703286
-0.03895851993874261
-0.03763925185158725
-0.02585619115005019
0.008667590167109962
0.03680496825970152
0.05365713454673191
-0.0027385090380666766
-0.0045872990246031645
-0.016927782199170575
-0.014736293134029016
-0.007751766935134714
0.018705177641808853
0.04510591149936178
0.05858789860736521
0.01775420237440624
0.018601057280598812
0.0017701000461992915
0.0052397380416100686
0.016609466032425368
0.03297189832758867
0.06116290148127388
0.05278029031938985
0.019581010924737244
0.04104642218155911
0.03153494210766616
0.03096902201114554
0.032843497287810906
0.039853692231782124
0.05754881337110037
0.031668988397588464
0.01964710430950092
0.05583662182002393
0.07970155283075574
0.08964754065609153
0.07681939671630589
0.05959056309329443
0.0434358611017057
0.012076270813442204
0.02328567461089552
0.011666652489233079
-0.00777006806162652
-0.017094746703761217
-0.02193342951489473
-0.018504387432208662
-0.012131450330459592
-0.0052714408183441525
0.03158673850258674
0.0073088054765762965
-0.008745975590821723
-0.014566580044905091
-0.020202249541272935
-0.016828120462190913
-0.015701432471021674
-0.01030919164467624
0.03712764508785962
0.00434827489559494
-0.014219731016755487
-0.01850174116440426
-0.025765315442423307
-0.02253389904374907
-0.020459415694231535
-0.015891234732425562
0.03307937611413289
-0.0026601367225822597
-0.019023273247555893
-0.02707274927386632
-0.03163089324128693
-0.02755347175455717
-0.026842502633314433
-0.023011327199678362
0.019579165247946572
-0.008508488775344977
-0.028434940170176583
-0.038396272552505176
-0.04049451841862095
-0.0379155464788675
-0.03369640859059291
-0.031404814522348556
0.00045666609708660795
-0.012441445747384924
-0.02886779689555264
-0.035304553167805675
-0.03859685710860917
-0.03619956849131701
-0.03305978741568494
-0.0339591818495896
-0.015601105355807495
-0.013519736891827788
-0.023294448130764454
-0.03057181028232515
-0.03643838977267176
-0.032151794362949314
-0.029909140962450655
-0.03412899324930136
-0.02295793239478229
-0.005355703953413535
-0.013549418368687708
-0.02429038060624207
-0.025112711110601482
-0.015973987918404733
-0.017081125912726692
-0.029718115405745992
-0.02920265968922467
-0.0004173590774803407
0.001996536089673132
-0.008375544316416045
-0.007989117276157006
0.0014361842949958176
-0.0020937020099233384
-0.023126740104441254
-0.029838423147766066
0.0017231828316854325
0.018707704458483486
0.005746554925351319
0.0023202371758589513
0.01019764752304256
0.004794630790684949
-0.016492449958646554
-0.024164442758276835
0.008310105062767812
0.024105050417886305
0.004132710216814249
-0.001579425082685264
0.006315321838558185
0.010545422772560249
-0.008354196412838813
-0.013071883223994642
0.020875683162737413
0.022921626217479976
-0.0021450684662651953
-0.014808997250788101
-0.004798909901510742
0.014835541256069574
0.007380594266697059
0.0007056623556925422
0.02745055469711236
0.01652233748591339
-0.007071069248923868
-0.021566275731266776
-0.007716439472218263
0.019550873070641985
0.02237548444041188
0.009135685789666993
0.0271671765917975
0.010967292303466864
-0.013436197358992277
-0.02493643031620305
-0.008019098821499959
0.021663930403408874
0.031018299394184275
0.009266614788759984
0.019394281772616245
0.004463314175495811
-0.01579486484004733
-0.024856273794449185
-0.006091119810888993
0.020358109772151807
0.030452042073062527
0.007289069615692033
0.007467099508654751
-0.008670657374386574
-0.024793944786712343
-0.028039264646806665
-0.007749381723674049
0.018336697930219765
0.028602733940389483
0.011017004952450865
0.05255860513784832
0.14616546587384144
0.18566235949299556
0.17202975906167023
0.0855263361897774
0.018093000943258147
0.0007367259686650909
-0.0021958518369701798
-0.00011474445662365416
0.036564857725553845
0.05327250937243379
0.07151290841182201
0.02003223440099019
-0.011330103427025204
-0.01511831298476121
-0.018288258012995946
-0.02615013018719926
-0.01462174714793876
-0.007398236321008761
0.016557226284847213
-0.01409080613849551
-0.028476512039766512
-0.024830710670185937
-0.03030076855176598
-0.03821785215076316
-0.03362253587012268
-0.03310123735169675
-0.013579193435513729
-0.033002613683355185
-0.0391140127696151
-0.032555752174423726
-0.04595101037995868
-0.05119092890459317
-0.04451000888244437
-0.0355217753531995
-0.020590404286284773
-0.040370766945028606
-0.041648477311222475
-0.03803990433398048
-0.06079674058679624
-0.05950224551678371
-0.03723494703033156
-0.01662953074721993
0.0003330519586066078
-0.03359205941233467
-0.04450472837398238
-0.04233104357018008
-0.06803947051985264
-0.05622289489713762
-0.024725326612802107
0.010756961546900713
0.03465960926146544
-0.023614358552281372
-0.04641694915348425
-0.0436030576859546
-0.07144885239936867
-0.04882149663736759
-0.013440784994502575
0.04011135498644141
0.0793689693837788
-0.013559424735782533
-0.045642502097635096
-0.041723620385034105
-0.07341714608134169
-0.047765986863011034
-0.002550826336524226
0.07323039821205746
0.10900637118753445
-0.00398730252490749
-0.04179504756207109
-0.041343508686385325
-0.06964734483604718
-0.0446652957779704
0.009952413625291166
0.10429849772831204
0.1379155799348935
0.012450733216477678
-0.0417242754050417
-0.04676663305195168
-0.05906954862306578
-0.03788570191234524
0.016277819677005867
0.12363214356211663
0.1514100651185481
0.020275654454637394
-0.04373208891957888
-0.05143213649970821
-0.04617291813932396
-0.031182631016927517
0.02174453513261636
0.12361124870767058
0.1408560425947919
0.03417026433375651
-0.03587910900862293
-0.045081573757609114
-0.033498773015977854
-0.019709124469359435
0.03728647585236081
0.11989039979518654
0.13959505611223152
0.04994326935759439
-0.018159725320686472
-0.031826855361382994
-0.022593560129802043
-0.006607345294855364
0.049276507352469114
0.11081125345463815
0.13867439364687276
0.06443848579457823
-0.006532737927027884
-0.018320158578685224
-0.011683477251267073
0.0016197751481975386
0.05439497572443676
0.10494443663326875
0.13841030281894798
0.08325013271257892
0.018540323586140644
-0.004407036546634746
-0.0017139184681866405
0.005225619244336981
0.05137649094859723
0.0912398882994761
0.14697952550001167
0.11478747143351281
0.04083799853244377
0.010053773060828953
-0.003228306591467119
-0.0042675481582039616
-0.008471186371072956
-0.012492160547748819
-0.015434204182787131
-0.011721208024827096
-0.007749135709952631
-0.004327572733339734
-0.0064014808737818465
-0.008709027149363674
-0.01335098724432426
-0.016034337975556156
-0.015729519256170665
-0.012270288681172083
-0.010029837794972825
-0.00857850734628889
-0.011267535046172577
-0.01358091856616496
-0.017105943043753128
-0.019574164086727717
-0.01919468473180209
-0.01743738748535309
-0.014968625095063744
-0.013216908269888694
-0.016612275785575517
-0.017837203037800817
-0.021857453747645538
-0.023584155009804743
-0.022604011385187067
-0.017543038715234945
-0.01709647409572977
-0.01755898535731462
-0.02612782348730113
-0.02532348540013764
-0.029309239367899028
-0.029713624089506216
-0.026588291785861938
-0.021448645660239515
-0.021893116636658178
-0.02317844524475449
-0.03630999804370127
-0.032198821968567534
-0.03153546622956781
-0.029781765493760957
-0.02599402741474537
-0.02110671179561635
-0.022197875852525376
-0.023405883815104434
-0.04631043154730348
-0.036145817276708854
-0.031600547317711135
-0.030622046430733678
-0.026811777846348164
-0.019837328637121933
-0.021296861671065034
-0.02381973725253333
-0.05049602987570792
-0.03352301258514641
-0.03056418734914119
-0.034799463267567214
-0.02947433257444761
-0.0165328184355338
-0.018252353414342403
-0.02360968722716989
-0.05111011684233434
-0.03246384105100367
-0.030648460109298937
-0.036707148640347936
-0.029600291676831984
-0.013657558047130786
-0.01598434590225712
-0.025028904718119072
-0.048712140875160445
-0.032230344108354965
-0.030371842136462095
-0.033844634581351764
-0.028511594801382937
-0.012422407672695724
-0.01620307483028854
-0.026903445666238125
-0.04117165795194852
-0.032141603866629315
-0.030744051243550535
-0.03325687980449174
-0.028810020934043046
-0.01409021686127556
-0.01801865286275807
-0.027114976531864936
-0.03110814980360263
-0.028003050599443757
-0.02929694769593271
-0.0324702595735649
-0.029115021438318123
-0.014029867369590452
-0.013676008449540394
-0.02063508431896016
-0.021219569836972044
-0.02035421536859168
-0.022700603590527158
-0.027559587868579222
-0.024652622466457465
-0.011944340380252256
-0.008845084244406307
-0.012857446615383634
-0.012732636527008248
-0.012089373360990386
-0.015496213084042719
-0.021288162635016965
-0.02167631893765472
-0.01067197483653149
-0.004572934209589787
-0.006685207640697464
-0.007797670460757618
-0.0064250726343983424
-0.00649142014354906
-0.01037117528020169
-0.012408711615091932
-0.005390871193390943
0.0004457205862570342
-0.0025677359719440485
-0.004898216916148162
-0.005187329267010558
-0.0023885036169046365
-0.00027042729098533924
-0.0015939820124492685
-0.0002392027117433745
0.0006593406581989942
-0.0029750428761289825
0.019167310173722047
0.008337233473036923
-0.0075563090982336675
-0.020285069483176113
-0.025986082584413005
-0.02352004382818005
-0.01545428302205968
-0.009162093728156871
0.025877599639651028
0.009200234515239356
-0.008382583322405159
-0.016116445743385124
-0.021405111688513646
-0.021262670114043373
-0.01581786850732366
-0.010890161492772684
0.03428013564996183
0.008651365883697712
-0.012343287038329716
-0.021469837955588794
-0.027021877771067616
-0.02360653013957568
-0.017835730601317577
-0.016833173446347983
0.03224670308436534
0.003586146935364059
-0.01922035847925812
-0.028566332049807297
-0.028731356691164785
-0.020479164629715055
-0.02246943785312384
-0.025384591990937053
0.021742443273967408
-0.0057894752227517395
-0.030199783025203448
-0.03480090846145308
-0.028493619243349283
-0.024483616233515755
-0.028526692279500346
-0.03253992996429756
0.004297847923257224
-0.010207936080033361
-0.024977783186954847
-0.025906067924660735
-0.02270927954904414
-0.017846189064343616
-0.020918565388576595
-0.029045492559896597
-0.011886547478380869
-0.004526947798175378
-0.01028315104311451
-0.010432509461611762
-0.012581106469616004
-0.009544999191482337
-0.019852522211912468
-0.03024624361291306
-0.022423652673327556
0.006559517619424202
0.004918171431449786
-0.01084425511875721
-0.015056352313229993
-0.011693667039539299
-0.018282701247764193
-0.030745470784717115
-0.023624753849736623
0.022528638836773997
0.021547308686614967
-0.0021994396997278495
-0.012108705583996546
-0.011979581005464103
-0.02351957496619744
-0.03832228733332713
-0.01644054934534417
0.02595824120438864
0.022642777905629803
0.005062373500187561
-0.009008064898155869
-0.013984927601815775
-0.02902909989179964
-0.04241668044529018
-0.00469538571868202
0.02329700085460043
0.021972194230686137
0.009168885154545182
0.0001526527144834602
-0.008257117721878432
-0.02874456823112034
-0.04182668904731081
0.003626002280384674
0.022566655818244206
0.018689802939915182
0.006616373604577259
0.0017053139460661685
0.0010357962390725416
-0.01379942833733065
-0.0289115524451531
0.015318397326813527
0.01964143462898479
0.009162762972996575
-0.0005040532866981992
0.002525401449693084
0.01030629738155442
0.006542546469204568
-0.0022073897417722
0.0194725791977221
0.01838180610743233
0.0003441758155615901
-0.010086427454113967
-0.0029381967454667817
0.012588079807942283
0.015169322778377774
0.013879393105827306
0.019958473730893593
0.010778163405031937
-0.005145286476932542
-0.01350624574419006
-0.013012997467187988
0.0029807460433609644
0.014869388326826648
0.017946477380352134
0.01307126555017557
0.0075830843259532
-0.012901095615774292
-0.02202560378714706
-0.025726445896125563
-0.01160886862938262
0.006372656497023581
0.01640611768398082
0.0003992527978490862
0.007464390106327503
0.05305959394213248
0.07944450804781195
0.054415220355486994
0.0170316551123003
-0.008392042464601911
-0.006382957951353072
-0.006548900500770426
-0.002020346379078826
0.04287335842426313
0.08598476955387556
0.0652018525327012
0.015485809603143627
-0.014520339266820248
-0.012925155125619568
-0.013266321638167083
-0.011511138197621644
0.0322175694516448
0.0868281944944589
0.07033030462656402
0.001973173969247777
-0.023028466738542856
-0.02228901168294737
-0.02149469903492598
-0.02210234119483891
0.0174332765036937
0.08806504695679249
0.0745624316759356
-0.012467631206625241
-0.03165891286097322
-0.030925069901299496
-0.03403299900593206
-0.03431762466207232
-0.004197097737629205
0.08062499609957138
0.0701088088576225
-0.027432844091801106
-0.039309761830960924
-0.04087347885529067
-0.04751137745148789
-0.045628816951684505
-0.01816510413410388
0.09030612547695391
0.0806297246888767
-0.037768811801666885
-0.044017351587369594
-0.043657631043640704
-0.06329949980505112
-0.0522373484046064
-0.021921085440465976
0.09690225938522211
0.0816423723927677
-0.04878600323002267
-0.04792311458997013
-0.04414142795009659
-0.06716802902058248
-0.045487356931748026
-0.024282548991629235
0.10271980639395378
0.07214716346134521
-0.052142626721477535
-0.045752518716605364
-0.04226681764275919
-0.06656408914901785
-0.045402180822730884
-0.027669857690398886
0.11387200747760004
0.0661762493549607
-0.04804399970197413
-0.04561056568300935
-0.045075484132569225
-0.05988429566058156
-0.047506995115585204
-0.026680332077923093
0.11807142960119933
0.07122929376785488
-0.03913133364760738
-0.0473268868798675
-0.04812862753351244
-0.049911552960795455
-0.04852396537839971
-0.023351952310594632
0.11301438867619046
0.07273716146592718
-0.03233307758898629
-0.04861143714950389
-0.051360286287889564
-0.033683783429589206
-0.03713974661421418
-0.008693988454513435
0.10096724873340401
0.07383537010896311
-0.022907121709588824
-0.04161972347462642
-0.04163659659344906
-0.02149528220497658
-0.023758115662847867
0.008080033910896558
0.08833093533042721
0.08578903793704609
-0.009779331887533403
-0.03280691198481843
-0.03175456311799273
-0.011455905984878922
-0.01637573784154523
0.01619922755365064
0.07318749410581908
0.08913846498476585
0.004183689285960722
-0.023470442925146995
-0.019852121077194057
-0.0037963851179484277
-0.007642447548365735
0.028003435357851093
0.06546608302467857
0.10111577344415945
0.025985771645913012
-0.009403536501381291
-0.00866450083249914
-0.0016011187123838064
0.0007771489662110785
0.02897067014446655
0.05670865144649634
0.1142098287424199
0.06571200625864751
0.011877318562979381
-0.00049009148308626
-0.007415054485378128
-0.012444667021167316
-0.021609428360586713
-0.0291593863580291
-0.030931229263740177
-0.025025095391123835
-0.017641165007874524
-0.010386975654400367
-0.012411876375397108
-0.015514464973225405
-0.021690977607599114
-0.02589069991159771
-0.02750413250594353
-0.024871290856791874
-0.021420507262527866
-0.016004235049536693
-0.0197419562878703
-0.02014398108182582
-0.02741177757565556
-0.03286659142202742
-0.034579918479004865
-0.03208353308401318
-0.02708846214504391
-0.021854725225067283
-0.025375122757519967
-0.0271910704263821
-0.03357759738096194
-0.04042817642907799
-0.04280166717341412
-0.03625951000362793
-0.02650930434860719
-0.02546144379081723
-0.020720243538151994
-0.026281593501279427
-0.025949825581284794
-0.04186596002233344
-0.04336829616106444
-0.02751623791051438
-0.01184725468668303
-0.017892850512241716
0.005446922973052639
0.0009391215621612692
0.02239123841233964
0.007009252694256407
-0.003498795120656718
0.018112264620677485
0.03982555182711303
0.014237693654424555
0.05741431571878654
0.051232131326691466
0.07621166269024221
0.06222125671758989
0.05201490996970557
0.07331757234302687
0.07152087672503675
0.056728069030777345
0.05963793540462243
0.06251407688410891
0.0386859127119623
0.06472913873074519
0.0768214963837367
0.05219929389302157
0.04199986681432707
0.08916712115046181
0.06429923495503133
0.05164512451796832
-0.005613309256840415
0.056566397638972324
0.07333207839770652
0.007013146097284675
0.00474577313930331
0.10349755510940704
0.05551424571572567
0.007320780025801027
-0.03721792582234428
0.02502518005534484
0.033856612325054374
-0.028309453970802846
-0.02784699265711678
0.08874624743117884
0.018532578047682453
-0.03852509072222088
-0.05595469009723338
-0.02237533679666542
-0.021496432404293886
-0.04384187494100274
-0.04412231501921454
0.027677646626695435
-0.01680756899353113
-0.0549451918946745
-0.05663108174415518
-0.04951301844067795
-0.047385387281873165
-0.044713933574169286
-0.044613522351322585
-0.020030825704932836
-0.030170816945697208
-0.044507959518877
-0.04659435444665153
-0.04643770640166325
-0.04485670463189075
-0.035914861143307886
-0.03492035840751663
-0.030840289949074538
-0.025819407682545537
-0.032836039738650506
-0.036533287994921726
-0.03771957054589242
-0.037907786123581116
-0.030144696799919452
-0.025957657941913306
-0.02151433776597295
-0.017228316164360723
-0.022795324968076677
-0.02674416995141325
-0.028650213232544863
-0.030610916406417978
-0.024843572592103756
-0.018861097214956064
-0.013317337322971348
-0.010237476005652862
-0.0176897568059715
-0.02440069080767049
-0.028097930985334328
-0.031167505113447205
-0.023842065106945406
-0.014406144552635693
-0.007876198825587306
-0.009152971337641858
-0.015888300293254394
-0.026098416145492125
-0.03204577973676122
-0.03410904249771026
-0.02903113920747153
-0.023256892077331302
-0.014292091800880587
-0.0077437114130393956
-0.015334190397628747
-0.02583917329441627
-0.022367583780434963
-0.014843510583607684
-0.016337674422598925
-0.016672789695749347
-0.013696282835410405
0.005338430156276709
-0.015904740239993952
-0.015508085027426597
-0.008717688504288272
0.00121619112723498
0.003091891103481045
-0.006415585419768184
-0.010737833209043014
0.028810000066155205
-0.007549227785358038
0.0015895014104115699
0.014943890973648294
0.0176780837896192
0.026476200075857794
0.014624345856783698
0.010005217380419068
0.08058847911146784
-0.001301825264977948
0.02303322808976499
0.03951937337842629
0.05918735214151006
0.06557990290102284
0.04468972794743932
0.02996080988464768
0.12169230658315508
0.018755215264320158
0.05680716841480328
0.06163277222687202
0.0672325960222086
0.06974316182288089
0.05790709779634101
0.058864646074931894
0.13012039553177934
0.06120659756295525
0.08657691961509227
0.05574648613149393
0.0022124357919496105
0.01911125617830404
0.07588136959284031
0.10105003427499289
0.11975582100447318
0.12311468750984685
0.1018300819556814
0.01113549049303939
-0.07287068426723517
-0.02360812094129802
0.09270917397028554
0.1409648114840776
0.11319087739738763
0.17098473816943005
0.08866061671479236
-0.028475891195491872
-0.08586640652092474
-0.03368625170132028
0.09721118803749924
0.16539684994397
0.105564285409415
0.1533941132404771
0.03961655917805872
-0.048031876611384465
-0.0771377103337778
-0.03196205479771173
0.06573806165553084
0.18160046146545164
0.09163989618481379
0.0791784595175862
-0.023024217624323592
-0.07187601239485752
-0.07494265866339525
-0.047402619185909135
0.015156151650195532
0.18660086779699417
0.08193001327398403
0.007520446514494642
-0.07058018452009719
-0.10086803518973882
-0.09357294328788063
-0.0688690327737411
-0.01989925515120881
0.15094582538812157
0.046819637350358316
-0.03189243960321871
-0.07660639733013092
-0.08722260261946554
-0.07920881855946668
-0.06499920809813707
-0.026238446619616326
0.08731314640753488
0.015258904090485215
-0.0431280864761809
-0.06737300146053135
-0.07300507732778166
-0.06597560065153726
-0.053456526098842994
-0.02840253455409167
0.039551587448131524
-0.005474007342977031
-0.03709136287912985
-0.050279228896399304
-0.05221965052134459
-0.0522749095859845
-0.0431770559338926
-0.024007079038256406
0.008877123111607382
-0.010614030422374635
-0.03130308697309067
-0.04498286024717038
-0.050370333080848165
-0.0504589585637217
-0.03748403588188458
-0.019505026426547858
-0.004025019132026189
-0.007246395356608038
-0.005822951754023599
-0.012003885871371828
-0.013107273853999428
-0.014791906038058343
-0.01783399376804107
-0.01525331098027185
-0.014136504442878105
-0.01301565682342381
-0.004812713062989089
0.006841102767439808
0.010836129284983505
0.006079915216734186
-0.0015882023068842992
-0.014051664256910595
-0.024110878247605404
-0.014043530079492496
0.01236315269444571
0.029273577563755353
0.03714178051211101
0.0290431621632399
0.02598758066910843
0.0008285695913986021
-0.027860238404684955
-0.011804092034529867
0.036037714417755565
0.046117890766237485
0.04262764320892082
0.04174683366259186
0.04509253731269882
0.035596092812518555
-0.009153082510727118
-0.004526885172811248
0.05702968297523677
0.06294400158199338
0.05173540795967244
0.04833793199337543
0.060044646738588926
0.07226876990452596
0.05037962648008876
0.011581940843733065
0.06004284580914385
0.040682011349005794
0.01719119945506339
0.0018144958740078294
0.02510881537741404
0.06518132268294671
0.1318890602503729
0.04982104379080682
0.04405359016287805
-0.01541485152614923
-0.05454479167705025
-0.07222492381231604
-0.04903717439701231
0.014894626074565783
0.1995512537717955
0.09709149084759451
-0.010590882997588988
-0.06661230509655185
-0.09463053711891527
-0.09700444706433918
-0.07613205556171133
-0.03704544911372952
0.2318500661751319
0.12108361063391931
-0.053847325764181185
-0.0778040848039631
-0.09824715423849648
-0.09444637518754152
-0.07302018505940984
-0.023170580979295117
0.22874897344750753
0.12898328185074942
-0.057353923749884066
-0.07336624924965848
-0.08080677168862165
-0.07509952431524135
-0.03101660670734958
0.04456136203159028
0.17742573725241034
0.12768809866131606
-0.016521884922607328
-0.03303783809137127
-0.034774301664488354
-0.015284659906520559
0.04556964775676783
0.09294804723462337
0.08749513273882659
0.09989372976915549
0.024464411153335065
0.017869842261504003
0.022487365398946815
0.046218859633511376
0.08445804447117058
0.07621661596605865
0.0004507554454095308
0.059066693469529766
0.037643033857191865
0.032604430424810864
0.035677586010846134
0.050024778910760036
0.058002797932308316
0.03426983168259107
-0.03293865778131434
0.021022168358392653
0.03145153117021721
0.03079749211463237
0.030944029521310503
0.026133474980750537
0.025912838128378145
0.0016915279799679973
-0.03726405998164346
0.0014584771575688233
0.010798049618246685
0.004055146813216441
0.002998452964587215
0.005130204386384427
0.005953659159252342
-0.015189535468705084
-0.022333709989013493
-0.00593652438914366
0.00260959841336253
0.0013789859701113759
-0.0014812417207309934
-0.010654192123588306
-0.017613655942487018
-0.017919272284406134
-0.013985399394909134
0.007189696879558946
0.036715847346853236
0.05943522202820632
0.07610253138871928
0.08605494772035564
0.08451915284459616
0.04506886495192076
0.004749662852895516
0.023334024251004285
0.04677508446895185
0.05178570011559341
0.031290202652291266
0.018795730981538295
0.05028443438683465
0.06813034308069106
0.027787885054379433
0.02936699938174974
0.04340244092603508
0.04159453243394373
0.01163474269877186
-0.006120029378283737
0.015849822270241003
0.06712446424255566
0.04421322568460632
0.020329429723310546
0.045357410096258495
0.03662983784524554
-0.0035839029433344938
-0.022836027496316646
-0.007839521045237793
0.05040271224980732
0.053644823706291735
-4.811858827737892e-05
0.03136591523968294
0.023417387313936697
-0.020562823920107373
-0.03319292323069532
-0.004778980745971246
0.034241663751771886
0.04360822973213192
-0.021537750572786778
0.028856319915303647
0.027589380559690704
-0.00525182249344107
-0.010763061889094015
0.01354050531796938
0.02877807736129724
0.024974762041830318
-0.03817371885501829
0.0263323029450027
0.040634892609468544
0.014765125371774988
0.006262673807448205
0.022706032250519165
0.014830797379978021
-0.0019039500319652717
-0.04497383079430962
0.035330158493576576
0.050870771728325596
0.010952857296467958
0.002696695230938696
0.00817267334333628
-0.006015311380686122
-0.02686752706577631
-0.04905973898491428
0.033816349274987334
0.04138649312361943
-0.0011051167437990015
-0.01885459357443455
-0.020740165305812967
-0.03236521306275721
-0.04574694538438732
-0.04808013048008184
0.030805477014959847
0.03226785596922438
-0.011892358777626934
-0.030726687901256176
-0.03201540171444343
-0.04423945110002135
-0.055337581080917804
-0.0402758840183294
0.020891310690926257
0.02442470711293102
-0.01943982710369043
-0.035826742639201645
-0.03943749416749268
-0.05053500538430211
-0.05901409553618425
-0.022372672430625927
0.018583329049514836
0.021321349605118726
-0.022576879559735048
-0.03706985005862382
-0.04051527320675322
-0.04704955403372218
-0.05143723560085662
-0.006264090753559568
0.020692962262857478
0.02328256004983119
-0.012988975738996992
-0.029591759128559242
-0.03446380287817906
-0.03788884506322684
-0.03764604195469481
0.003959181154616317
0.022085785831260665
0.03103032256603658
-0.003995488901307826
-0.026708332498334483
-0.03183432481441359
-0.030274611258305266
-0.02519235144352512
0.012795307774519005
0.020753619055658458
0.03191482108691346
0.0016789181749255204
-0.020873954819239815
-0.023762717881501954
-0.023862267743235896
-0.01474364518968613
0.01290237093453339
0.01535349023520544
0.023120425180851705
-0.005675067216328893
-0.025361650505149727
-0.025421370138153147
-0.01972184838240964
-0.008902762579391273
-0.0023899192837183772
0.00023876519277964985
0.005708359823472447
0.003912391839151011
0.0011267317663929115
-0.00041079090991726357
-0.0012574320517243739
-0.003844017116433525
0.0006988388607240029
0.008695173464751248
0.008655229655478314
0.00036620375993907294
0.0006313662042715005
2.240803592681551e-05
-0.00026587189249324607
-0.006463585581528153
0.0037847935449581405
0.01057366200609958
0.0008620390878213517
-0.004289915498918788
-0.0023414194220574723
-0.0028826559948929692
-0.005487537096851322
-0.012228940701678136
0.0026291830463153008
0.004966753233717116
-0.004779485400672669
-0.007657450338331094
-0.0041249290029948425
-0.005923515919171194
-0.012291650379833565
-0.017587026315104833
-0.007738756570782991
-0.006464647779521619
-0.015462280883394743
-0.014739795510923246
-0.009187799346605597
-0.015051422673454851
-0.02022442707907332
-0.02284791569291118
-0.02195317797484479
-0.015055344367948
-0.018304002849046982
-0.012032823617751752
-0.009468494485812577
-0.01832240969595288
-0.021617044613016157
-0.02291579411196757
-0.04030495526756763
-0.02643879186042401
-0.020223056005630936
-0.014062934408232183
-0.012639795748111964
-0.01986782546642932
-0.022410899463490924
-0.02253236562957488
-0.05122015083376554
-0.029146112151026637
-0.02231349525264775
-0.02072490951225996
-0.017282415180448957
-0.01724140488294566
-0.01705837864182733
-0.019654773838600505
-0.054463023570870635
-0.03169914645341459
-0.026748518407126425
-0.024164562179359538
-0.021448251085123188
-0.011845483104974974
-0.011292849177448548
-0.02084092736252616
-0.051982562292634704
-0.03362723167235292
-0.026600051288376298
-0.021424757881859775
-0.018619655798234328
-0.010428739545937033
-0.01171399790547251
-0.0256468578135775
-0.045427394714207585
-0.0348745577867039
-0.027722370655712016
-0.022755101430252233
-0.018302800192078365
-0.010469639046750277
-0.014483005263384812
-0.027205268187220025
-0.03549616098926797
-0.030436647561270732
-0.02500302358489173
-0.023552187514980973
-0.018137203095034374
-0.011719108967660053
-0.013357203327997747
-0.01883451369402919
-0.02465961862297277
-0.02404778057141898
-0.01961085248723602
-0.018251600207728896
-0.014721922480938381
-0.010112958568771398
-0.012123048782220586
-0.007173671333236297
-0.016812680854443932
-0.01738589876412851
-0.016261104399539594
-0.014085667530769643
-0.01127555232533136
-0.006207779116907242
-0.005359975145181828
-0.000278692420056164
-0.010146424425966229
-0.01215618307009768
-0.011486108805223272
-0.009941316282567579
-0.006443677561259311
-0.007019578810559491
-0.0010205968321716655
0.0032562580272611223
-0.006196696928697902
-0.009002620713288209
-0.010447681768430207
-0.011216876373751062
-0.009093806886760052
-0.004023926281495818
0.001190381764060494
0.00036550389773661615
0.0003394777642269618
-0.004024542546536961
-0.008330149582460953
-0.007258445933724839
0.00384928599045202
0.017481464448946833
0.030078594502895045
0.02884242665402261
0.00424065363269191
0.0005965121586814952
-0.0021657664080490043
0.0021244443611148087
0.01437971825722436
0.019205493646384717
0.018152720947289886
0.02035274250322929
0.021660088711740227
0.011398410140873111
0.005513641376171315
0.01026289578753426
0.02095604504101979
0.024441327418964934
0.02503144547381878
0.02598465339324975
0.04021946574539738
0.018145776606170675
0.01788836635627123
0.021999595999269424
0.03296558663170242
0.03106479248624415
0.02883592065254698
0.034796114299426716
0.07140485112781897
0.026866872409628862
0.028588418406129162
0.03978341515671357
0.04398472189915112
0.0364925073376252
0.03212995321719796
0.044014980179510436
0.08920283626537501
0.038625997064174834
0.04447589729420976
0.032138812800433826
0.014539328415160587
-0.006892018602523618
-0.016043290822968733
-0.0003072692695138649
0.09187754742663361
0.0634082172813714
0.049303109991799224
0.012026554616528157
-0.02275199152722476
-0.04378213516353906
-0.05519039840884389
-0.04404059706975908
0.07848438577483866
0.09213380884195614
0.04845676454327212
-0.013549525732888439
-0.047819146534665735
-0.05444202576707997
-0.05967358208993719
-0.06628613115237753
0.06615245177900514
0.1085093334031825
0.05134340666145358
-0.02322548717631247
-0.051716802534258
-0.05157172408775745
-0.057509907571417766
-0.07240862262256459
0.06023742584428958
0.09490937210956532
0.04472419612197626
-0.023258366041916584
-0.04224228776579337
-0.044629678440958144
-0.05853665316949495
-0.07824294945434317
0.06710132201592682
0.06714421619661609
0.032614120812337735
-0.023230063095291995
-0.035655668162758954
-0.04450602862766369
-0.06451537346295445
-0.08454711734175596
0.07009738400630253
0.05555295727971581
0.02031690705588479
-0.029586813693618447
-0.0430371823161567
-0.04736751011091482
-0.057212086631760715
-0.0717383508025536
0.057190111911149547
0.03187091089607396
0.007532463466266531
-0.028371058704306312
-0.03821772288360522
-0.04061365775323945
-0.0436733905918609
-0.046942969310636566
0.037321151047999324
0.019263932878400686
0.0030928911252739756
-0.024149330711380233
-0.03508469865289963
-0.0339260847389263
-0.03526203721004071
-0.03233932164359657
0.020728565319027215
0.009915907162081848
-0.003643470558714687
-0.0190383759754135
-0.02716487628575086
-0.025605264465185035
-0.02450093826580449
-0.018617946798314168
0.009968744569327163
0.0024643828790656716
-0.012617670730284884
-0.023335673240979658
-0.030357215001061446
-0.024259804698734004
-0.01675881751984687
-0.01069695678939597
-0.007355241122167428
-0.008317862354184339
-0.012745570863405994
-0.0064313869050173006
-0.0023898645246987014
0.0031395495747934036
0.006873479630075268
0.005507017827997948
-0.00657985695986878
-0.002287477897893239
0.003940789725169144
0.010342866140997595
0.009452983659977748
0.009537607482158376
0.0077319445108736855
0.006295921104156706
-0.0018102888456661714
0.015341428347814818
0.022784314003132217
0.020854175677409655
0.015623640749311144
0.014199042870680993
0.006691648818060207
0.006874233909046118
0.016430557081877132
0.0314585025172061
0.02682410613554511
0.015623214114784784
0.011991770490598052
0.006864277543814335
0.00012654085879561976
0.0038906592707501774
0.03125863043435908
0.031224739267283922
0.016124246999039533
0.0003776900522171453
-0.00965132478699007
-0.016780466425293093
-0.02165298532456358
-0.011205792825096376
0.027768826269933017
0.02676877806060474
0.00701966967999262
-0.018039198393429653
-0.03163159035537352
-0.035702050439811985
-0.03870069235087475
-0.03397731709336334
0.0009641429175169752
0.024093051514392807
0.030221113199514076
0.0004539030613833354
-0.021426538638097993
-0.029649139269769927
-0.037315132235797875
-0.04175811150675567
-0.04333388218003197
-6.374961208093489e-05
0.034358286303408425
0.03568618947892252
0.02026592074378368
0.014622873878173636
-0.003705355639830217
-0.02492423454000855
-0.07847290085734525
-0.03520577075454433
-0.013676942072781789
-0.0035112349996631116
0.022619949158494277
0.04469223393464732
0.044301684503523585
0.01703409378565312
-0.08413395331665263
-0.053331424671318454
-0.042291405462961194
-0.03637770475937996
-0.015645724046843962
0.01865577543626602
0.04273649093099711
0.05169312931781501
-0.06951445896643071
-0.05205480936574899
-0.04472555618484314
-0.0425816178571942
-0.024019500941194975
0.010741657262752504
0.035671701681814195
0.06562968054343964
-0.033034548154326576
-0.032624828334261655
-0.027154768778837643
-0.019797370550031373
-0.0017627812806283532
0.019138423553560244
0.0359131739506044
0.061131305023070515
0.0001867751079545828
0.0001681181123384785
0.004596478699875662
0.004998632604295493
0.011057342161664468
0.029173989919307544
0.037141489886779955
0.036827295380123665
0.008625000909769904
0.008936801536026249
0.011018560098364978
0.011326393765305994
0.008728884780748488
0.02111528301340128
0.01851210458117713
0.011550665309259177
0.0076740560722162905
0.006409308668328151
0.007207303926476975
0.004513313118622225
0.002097636973827472
0.00532412182466284
0.004857677887521249
0.0026727135718103917
0.01124717659726879
0.0077653234669204756
0.004952115338527077
-0.0015991360953120219
-0.01011872422883803
-0.010724859550600985
-0.006677870525434488
-0.004685647548617503
-0.00207147241156604
-0.004415353468573902
-0.009044189032052513
-0.005659313194661769
-0.002143307439712246
0.0024270421020944877
0.001561515572174069
0.00248968391363654
-0.005708818574050708
-0.005629399046655236
0.001954524655209937
0.013115073677487342
0.015778154596126276
0.008567805118317399
0.004020498476204095
-0.005196801388199576
-0.012654308114718694
-0.011070732844756452
0.006580913785339607
0.02122370053159151
0.019784462551769164
0.014833829417823985
0.0023896977402416654
-0.01371824861006661
-0.019370886230558052
-0.01596752179468581
0.003918618245637273
0.02106498479241868
0.01977830329271308
0.014376154317640256
-0.003819834966919472
-0.01999723939249586
-0.024089031342265862
-0.01757382323042423
0.00499630516406232
0.02672230576490177
0.016614301771296042
0.015078130714226217
0.00018535089837965952
-0.020377794886757616
-0.0329823995022675
-0.024853446734256716
0.003756256598769908
0.04031489301151977
0.0402294864471501
0.020355985181358064
0.004710516684199599
-0.013815462227843151
-0.02949355955376979
-0.006595768118769375
0.02029205806868634
0.0476642226924891
0.04600846710761514
0.03097065665594552
0.014599286635544351
-0.0023041434806031426
-0.027053339219533665
-0.0025131237333011792
0.023512381512344842
0.05108791510917805
0.04624503403258412
0.03703568006815901
0.012827203180651567
-0.004132147797525628
-0.03201719985745177
0.007109617519033292
0.029466161514701005
0.04959095387295288
0.0520522233008893
0.03764567923933548
0.008657024857631876
-0.013603773110923163
-0.054597837928473815
-0.013377618402240034
0.01563155617690791
0.03497103148654464
0.05178461082454308
0.020670884018628276
-0.01611442731982034
-0.036966847709817494
-0.06413341292292919
-0.03826005575580435
-0.00956814750470178
0.024795593486147932
0.040283953781154354
0.010864897019610053
-0.031447994392631344
-0.05160731520851027
-0.05533631628963049
-0.04229734610775642
-0.016796163568476668
0.021592489357500282
0.03586608685579945
0.010895187783931913
-0.025065768363081414
-0.03710209693990514
-0.04159356522164202
-0.03657299292739514
-0.016131856189256635
0.020000412026149626
0.035447333695243555
0.017783488555251026
-0.0116252115866589
-0.017831637878557682
-0.029572035280501736
-0.02946795733187234
-0.01367361949585617
0.01984068328032767
0.03152271922698755
0.023553138442140614
0.0013599733860966382
-0.005603326312135785
-0.018138700577163918
-0.02160228199850191
-0.01348949247556801
0.014531406304824215
0.022455321641773805
0.020108712954822423
0.00695621521762696
0.001324884919520551
-0.01014146576911243
-0.02038970003721812
-0.01936083931082282
0.0005724329871660799
0.005821257075207746
0.016715537057375336
0.013551609018062804
0.005214441046162618
-0.007197664961722235
-0.012872130485816487
-0.02543129522547073
-0.033989980335670474
-0.0358681597108391
-0.026951560775350183
-0.013383356012885848
-0.00350334491475263
-0.006633415928818628
-0.015812409080417665
-0.027501482315362154
-0.03202686316045496
-0.03439741949826406
-0.02725718131650619
-0.013473713745355853
-0.0006267359205442643
0.01236348485485035
-0.017555629293083647
-0.03628476196963158
-0.04389418052462941
-0.04650470708046162
-0.03398431442723619
-0.016398325212591814
0.0225474192819418
0.04026460200452247
-0.025918774442036375
-0.0494373405167364
-0.05887934367506395
-0.05575405770830319
-0.03590685901647788
-0.01607178790135478
0.049641381021963304
0.0930452420293049
-0.03780563535564805
-0.06854453745099744
-0.07824293371184396
-0.06325521811665227
-0.02893486664263448
-0.005849105332325364
0.06975829413688849
0.12284077560039601
-0.05431884290666308
-0.0719475274982793
-0.07065189915508409
-0.047752388670950476
-0.007684985671531731
0.011771743254978111
0.08840293223103046
0.12534859223403025
-0.06035055809595919
-0.0698660349250375
-0.06559348709843972
-0.028139789758210305
0.014042086742382102
0.031077543630292827
0.08544736839935158
0.12205923588649074
-0.04855501258114768
-0.06427554735720487
-0.062039200448797176
-0.017346371142934858
0.03646468510813347
0.050904307645961384
0.07477526014610468
0.1170382100281064
-0.025942526034883426
-0.05580200958950781
-0.0412118021113855
0.008838995063340523
0.06312558328519395
0.07156265194986705
0.06135195349173993
0.09779432716660058
0.01194631318206398
-0.017962927645384378
-0.003668631324645262
0.035920083480020515
0.07433800309134911
0.0914904649033204
0.05682604111768637
0.066006743925381
0.04104312672839345
0.03252213441798732
0.03465792256627366
0.03702754080368088
0.05441273460142104
0.08205981494189044
0.052161480606313586
0.031098044246593015
0.037953451049041034
0.042117526800909286
0.03415976478406992
0.026769979510804717
0.03074915640561133
0.047641498327555085
0.033847240935003874
0.0048992390769536
0.025420295283569715
0.028338943401820266
0.016269129248009773
0.0056947169365590975
0.012705575868930381
0.015866020678086505
0.015295487251592388
-0.013726698397931017
0.0007491574946959383
0.007989864478554433
0.004788012660641647
-0.006031822526137831
-0.005758744031138183
-0.006304391251028971
-0.005657525117625338
-0.015511019833395706
-0.012877735068684941
-0.012268571924100989
-0.012053948808252531
-0.017599647176762403
-0.015564504175481088
-0.013913106416498478
-0.012712721130325446
-0.01241384606048042
-0.017065526181948294
-0.01915640680842034
-0.018716869649333372
-0.02239274322833644
-0.018681194730773763
-0.015259155393280818
-0.01038609138282112
-0.0025446354912213756
-0.009673399005535257
-0.019175266012954672
-0.025272677309323737
-0.026237670686089606
-0.01972829902201798
-0.009447934752074815
0.007052482476979888
0.0009753213206838947
-0.010363731911150902
-0.017946757298745574
-0.02082293331110865
-0.02222079343866578
-0.017478124529071517
-0.00865275745150207
0.017648308869224975
0.006432963096822905
-0.01116149511119161
-0.020819270570346955
-0.02567177891960038
-0.027069896757939676
-0.022500505501068004
-0.0066579831944779035
0.030014544053886677
0.00876774584310166
-0.014426666912769009
-0.027209664755734542
-0.03324098468264066
-0.033148733242931876
-0.02506990441852388
-0.0023872145881762242
0.03333730186311628
0.016041972998147143
-0.018109637248533397
-0.03580151555073891
-0.04349005124690438
-0.041138439913209174
-0.0309749939707093
0.0008198817133557259
0.029831684908471767
0.013680104014982514
-0.021585845554859973
-0.037777444691812115
-0.04129495023448452
-0.0401264923875202
-0.02594710726956224
0.007411551493455128
0.01871346189315015
0.00014395587463856717
-0.011951314861944517
-0.03175354679802755
-0.04110839640496627
-0.04080835282797568
-0.019230751774286157
0.010907298088669058
0.004867798758354514
-0.019920066506734856
-0.0017686918611501618
-0.019724994088432223
-0.04145736480001659
-0.039392329888931904
-0.010263431328368553
0.0105043567223379
-0.0026207536260189615
-0.0333812404960236
-0.0030588042919767436
-0.008183265789643884
-0.032635437661590834
-0.03144994791003028
-0.005359335943245876
0.004939661648215516
-0.01179961992591368
-0.03958593681669083
-0.007327337456092055
-0.0028122836846511817
-0.016645979808394083
-0.016613044380752482
-0.0013456882053221142
0.0002633593793592067
-0.020326994794636805
-0.03826885612732984
-0.015496928569573255
-0.0007235474253825245
-0.0013540428161473604
-0.006356089759385244
0.0010346492689971504
-0.004205522970123522
-0.02616050939936146
-0.03221943021068034
-0.016648773515377326
-0.0015248726810818086
0.003992654206442609
0.0022521754245911126
0.0044355820002844664
-0.006948962271739941
-0.02488772746057638
-0.02265866072276243
-0.017498152403692003
-0.004561218815336136
0.0014928758310362533
0.0014714688229956847
0.003011862198197586
-0.00580378182335406
-0.017478269332696153
-0.013603479247327778
-0.01418818792967216
-0.007218295343003054
-0.0018475043136614486
0.00017450953887013107
0.0018351822424046852
-0.003960316666394324
-0.011856641934149757
-0.009963113396735033
-0.011906917445484185
-0.01069945478529725
-0.008115483765163951
-0.006075093437607447
-0.004095591647128073
-0.0044846807914857905
-0.0070345123678100495
-0.007394945758080361
-0.012139794405059322
-0.016901824795292907
-0.017221531436957913
-0.01613589833595869
-0.011483079613291335
-0.0077026663624007695
-0.005527021238056041
-0.005408517457749595
-0.009514492878148413
-0.017310432621767093
-0.023125849901074413
-0.02389050128785004
-0.018921694320821168
-0.012824633607008277
-0.007576868494328865
-0.00845202632620912
-0.011187814805071264
-0.016342775796091117
-0.01937135926695086
-0.020277574369173615
-0.017598877174409604
-0.014836553670059805
-0.011279872085800646
-0.013558867179883442
-0.015581849241516616
-0.020415491092794214
-0.02373184886499091
-0.025099152416022178
-0.021894439121847173
-0.01915038530466059
-0.015608956829951233
-0.01837273128488174
-0.02165491492750089
-0.026636690961945313
-0.03070923001630486
-0.03132885795261265
-0.026940626966015256
-0.02245008072608207
-0.01565425107835862
-0.018988417538176837
-0.03168207476847228
-0.03710098191414023
-0.040703141457607964
-0.04076517543361515
-0.03473546561549095
-0.024946840823732903
-7.012310407259575e-06
-0.011194463898561876
-0.038295821156103894
-0.04050677687052837
-0.036746573366315795
-0.03711175380861988
-0.034841376678021764
-0.02262229264480266
0.021554821533124793
-0.0011213262887246754
-0.03963638071005427
-0.031116709806159975
-0.017440550356081993
-0.02887926245050267
-0.03492053876984376
-0.021164610438748167
0.033262997790091176
-0.00016789000507108474
-0.03260211848315953
-0.016128482404884598
-0.00036989340968199096
-0.019435958802225328
-0.02904629993872432
-0.01592289650499434
0.029858890741775945
-0.0033004742424708948
-0.02006466412438699
0.001367773674476054
0.009036712111749095
-0.007091812825096046
-0.013895607420772445
-0.006796196712625379
0.01915425945836197
-0.007077732334653201
-0.0004747211043585283
0.014536511232382277
0.008448660035272823
0.005375705294176067
0.008718468229930014
0.005368607104952111
0.004999572874759116
-0.016229354655223155
0.000660874229016628
-0.0015070233624544013
-0.011772270383846036
-0.0051445745921816785
0.009263705061627027
-0.0012234076789877607
-0.0161756132939496
-0.024246149019260317
-0.014577259884463706
-0.022009454563752934
-0.027827470933709124
-0.024348601606541006
-0.011648300899758985
-0.014743088287688142
-0.023969977863603012
-0.026209459190329833
-0.023891733915136354
-0.027383046213144607
-0.030075499082708044
-0.028432930722883484
-0.02190920125311516
-0.02195075892649528
-0.02194228074824303
-0.019534461632054537
-0.02130440184715735
-0.024975304886010907
-0.026912095055983524
-0.02760940869714983
-0.021950234265757228
-0.01849536811600679
-0.015481129271635747
-0.012117599875394895
-0.016429388363168658
-0.01997609325045263
-0.021607585226891254
-0.02386541940143041
-0.01899108298269343
-0.014374848340518496
-0.009074835863723903
-0.007592294630217107
-0.013418701301912141
-0.019001010620031896
-0.02214726508107266
-0.024910133320356624
-0.019231336552490628
-0.011208465879504506
-0.005654292306012767
-0.004430329844963086
-0.00889191793102318
-0.017438872650274086
-0.02329855281887117
-0.02391498801415459
-0.01841749186668077
-0.010903042244753344
-0.0049942973453942704
-0.0046372223720404305
-0.010295271516463228
-0.015823506787344614
-0.01832153548428887
-0.018727661370891376
-0.01481189594852089
-0.01051658193525638
-0.0067523574527413605
-0.004580305279832387
-0.011292993871067684
-0.01735710988503297
-0.02119787293070118
-0.0215396499259429
-0.014743496255584515
-0.008783599568887478
-0.005758479910252194
-0.005615920674183559
-0.009976728830736746
-0.020186206604619557
-0.024943802160375186
-0.024433715959478495
-0.011195154757529878
-0.003670053914237567
-0.00649480371919418
-0.010332043764133693
-0.009938915167276945
-0.02211330689816763
-0.028710269895065435
-0.02229071968629609
-0.006671507045505064
-0.0027874162628616947
-0.014445649574178782
-0.02382675835792237
-0.011493985584924557
-0.01582902321407683
-0.0211231972097426
-0.011119493851266614
-0.005535336273030239
-0.014880438016124629
-0.025719013563028508
-0.04470513970902975
-0.017738322010560022
-0.005424246344603162
-0.006715852768205907
-0.006218540787278992
-0.012302113103155321
-0.02501184487483953
-0.030397904742299864
-0.058436958094407306
-0.027175865126539113
-0.0018028220414860335
0.00023068811460327083
-0.008587434591783872
-0.017380549697216387
-0.025692237899616145
-0.028780945369041862
-0.05983909827410361
-0.02459526802987336
-0.002092979348606902
-0.0006552040684249822
-0.00876682935475876
-0.012625246688544875
-0.021563662060921692
-0.0296971488552244
-0.05013141920382519
-0.015708415845307196
-0.0017631987782415256
-0.012433747072954738
-0.007976594690507594
-6.506305090061735e-05
-0.013686526210856078
-0.028405375122263803
-0.029653486750321603
-0.00915833183486409
-0.01283885909498236
-0.026437858340097008
-0.021733378570693875
-0.005791179091422272
-0.007692418887058857
-0.02002881712062904
-0.014169707435796609
-0.013243323977391279
-0.024162701889199112
-0.032263687794803195
-0.028734148158077795
-0.016611671822044295
-0.012291514409211775
-0.015329022700892996
-0.005251637534047525
-0.01486299601965424
-0.024258813086900106
-0.02831531346669515
-0.029210454191248056
-0.019048710266850746
-0.014287964339014615
-0.012801628127478908
-0.005409353013477828
-0.015566875568786515
-0.02225229242118736
-0.024578862615993475
-0.026707163153079153
-0.019486427431137158
-0.012675708147989241
-0.008695430936008625
-0.007566448847274164
-0.013803791611047249
-0.018377373045594485
-0.020046983900066883
-0.02311563369600554
-0.01801029516009956
-0.012621753908800505
-0.005896554575938772
-0.005319358183963713
-0.01223990078673338
-0.01862821954056578
-0.021618957583259334
-0.025198676799369598
-0.019486858960985766
-0.010830307039026715
-0.005264463864177028
0.019905983597397533
0.019416247854995513
-0.0007849887584144002
-0.02157167198860307
-0.02367583195666704
-0.008365255278438032
0.018274805781087408
0.027037629386845636
0.024319570864247343
0.03334382931885248
0.016249800600652755
-0.008971427430650868
-0.00785220109818814
0.01002350647875272
0.027254997998199915
0.03684329333162716
0.01734950687399131
0.027069048556753652
0.02483066432951459
0.0020667764308741022
-0.0040586359468164634
0.01852706922025524
0.036864876655555136
0.033421803860342984
0.00926541487461671
0.013378833570135739
0.01774337081853257
0.01643646267998537
0.009671296903540532
0.030919125840437073
0.04278606855884047
0.018342013913140446
-0.010448036686749937
-0.005960354224873455
0.005976504731929757
0.009460832466854712
0.014266325296918533
0.04114033444889394
0.03508521689101474
-0.0006754585228623605
-0.034343633645337296
-0.020593128518396512
-0.002801289823896054
0.005292752057158256
0.019716600332174518
0.043691485915616696
0.018282702836137484
-0.0071051984405169485
-0.05833352851984082
-0.039157410370277
-0.016360295602338107
-0.0007355683053695718
0.02445094624424609
0.033014910952053264
0.010356492171101978
-0.0066133390696503066
-0.07163561074939637
-0.0451440033512063
-0.027447456396165904
-0.006017478535080595
0.015672547404492303
0.008331786593408639
0.004724411894746315
-0.010275217276873755
-0.07472267044272624
-0.045225372945665414
-0.02411555070799266
-0.006900888722114273
-0.0007827381161904731
-0.0012310677024199288
-0.0039575514856234435
-0.01441526033920489
-0.06908708955678497
-0.03991954420209732
-0.008422945413579774
-0.004247325256100749
-0.009330221033862314
-0.011960141669817452
-0.008679786163533657
-0.01755628442874719
-0.054483602792667195
-0.024224536626916433
-0.0020551798144025774
-0.01429276235202893
-0.014666437685413473
-0.01566682596867319
-0.013438684813789528
-0.02135774810075425
-0.03418805569126243
-0.011095868207506096
-0.005838447662119054
-0.01775510567137111
-0.017088497934152506
-0.01589934004551232
-0.01185530237467831
-0.01628533153150741
-0.0021375087431000023
0.003535022794965646
-0.005073260004399249
-0.013142246623774981
-0.0159448556532519
-0.011145768000399427
-0.005985909149034883
-0.007544232940486144
0.014073604309547317
0.007693654727422424
0.0019860000906394486
-0.0063767043312348125
-0.011468510559831526
-0.006670077343287343
-0.002998331789448823
-0.0028477055131552603
0.019199670174854057
0.01022186886027753
0.004444427909886609
-0.0035501351544031906
-0.006429995795526994
-0.005954838530632617
-0.0024886154873965355
-9.730246208614738e-05
0.01804291535542885
0.01529270107411716
0.008848065300628979
0.0015902131878385156
-0.005016059612160982
-0.004662223445929137
0.0014948388022285642
0.00023459753389645557
-0.004456370248172801
-0.00836904318462728
-0.01851204899129537
-0.02519600929431951
-0.026963829570579703
-0.02256248797364032
-0.016748133415623225
-0.009410158487539701
-0.005124802166736719
-0.007933579902765749
-0.015268092738409428
-0.017975396581225135
-0.01764783730988843
-0.014845216460481373
-0.015324042057593391
-0.011432148937711951
-0.004452305939985553
-0.0009155825915099158
-0.004493628251505558
-0.008254636938269923
-0.008382271299673677
-0.00919595302149202
-0.012572658769910417
-0.012521804399093851
0.005126299987020706
0.008005817015533902
0.002424632883855582
-0.004426614259364235
-0.001622072631365766
-0.0028411702596659186
-0.006431631273449396
-0.012845885761226125
0.02271287277045018
0.021803270237189122
0.014474503680635386
0.007843548266024203
0.01001615238371266
0.013772202858374716
-0.0011352874821968929
-0.015064813049054892
-0.010106599642041587
-0.014291593509469002
-0.016318647542306462
-0.004596404635228472
0.008651073488079425
0.028351212994367676
0.0007398812189898173
-0.02043777741265795
-0.049082843368102015
-0.03453913644134336
-0.022937376893437514
0.0012510818509573502
0.034912429190500964
0.036812609594909534
-0.0036212244498075442
-0.02213938529443301
-0.05094002156324417
-0.019303467879537684
0.00454733261536049
0.02943322259172203
0.04056247165894343
0.021720021463132407
-0.005899543806279938
-0.0228438864859588
-0.06142461651008523
-0.01954747404225109
0.020602122196294047
0.034529333049254665
0.00928835436512009
-0.01086384336398457
-0.021875945453878342
-0.03156949230848793
-0.06534024063498786
-0.009314750219473094
0.03349420499184937
0.016643103479211805
-0.014988489594346227
-0.01893099630543647
-0.021970634577568232
-0.027292144854894975
-0.04266306366256409
0.006917993918411348
0.02917850185101011
0.011877960018613703
-0.005746786502301482
-0.0025756278470171405
-0.005244145447268642
-0.005172060408713468
-0.02406889703199445
0.0021733948191327906
0.020325487920160965
0.012365499584196846
0.012970403772321644
0.015939307296022057
0.016683098581136587
0.014192406265577101
-0.013487716467721109
-0.006053538510037905
-0.0028099795488383795
-0.008967016422153763
-0.005441392088882135
0.00472069620124793
0.005731033590410929
0.0021800433871332035
-0.012588854198717974
-0.01160274895219686
-0.00967560291107216
-0.010324749319008848
-0.012202172103231951
-0.004685702789131229
-0.0063110865864603165
-0.008543698165555202
-0.01091516383081868
-0.014393060903783138
-0.01671336027714957
-0.020164362757757133
-0.02444712636373179
-0.017709675650355947
-0.015109168779246292
-0.008379516344821316
-0.008757607253594847
-0.015423267867135129
-0.020806649979115688
-0.02361821434692879
-0.026785408261104073
-0.01991150231314175
-0.01198415770269027
-0.004649665663003226
-0.035394165201825006
0.08909263909690529
0.040583216921634774
0.007167106429248686
-0.043434212456485294
0.006061238599878594
-0.019370657365009022
-0.011091180094670802
-0.021334218190573177
-0.007657942005819495
0.009120988700128901
0.0701505541705489
-0.01649979222779992
0.03170532159902463
-0.035471857063638486
0.001760449901220431
-0.009001543700881416
0.02759938070152014
-0.01356735010104388
0.06948176833254209
-0.02220950508709278
-0.010101623130777554
-0.009675931449932012
0.010397707970609344
-0.011786751844340792
-0.012375666181962564
-0.015720551993601884
0.015543762114924283
-0.007233888877175835
-0.006437223113787591
-0.01843957957512473
-0.004768806258225306
-0.00854815668422083
-0.004757831769526646
0.005266630481061001
-0.003268173711439754
-0.005061328515711601
0.06103201313090693
-0.007083390094026233
-0.018012686254546526
0.0013153162819516484
-0.006432814151524229
-0.0038496527193804665
0.012568175471407834
-0.005891920117349734
-0.006685596715690879
0.01115049246199747
-0.004309250129227725
-0.004126386754752437
-0.0038093593678432762
-0.005053879001399873
-0.005306065301384896
0.04453273985784119
-0.006902499372206245
0.006137794799675418
-0.007298604041877363
-0.0003233222125379169
-0.005456407732822401
-0.009661794722965097
0.012854034390281007
0.008328441474339369
-0.003723600167810109
0.025784370350661293
0.010036594450767582
-0.007868729136562438
-0.01982475878378224
0.04077286102807898
-0.007399116109468368
-0.004384889282288184
-0.009771357559652406
-0.006639901189502705
0.026766941732425952
-0.010670544569035309
-0.004887763483783273
-0.004662047893329028
-0.004323671767573298
-0.005753150630401976
-0.006000741934512771
-0.016917413624746473
-0.00661922638634465
-0.007846028431604396
0.013691695953764387
0.0004815841465019284
-0.005200597622475805
0.003048764206142083
-0.005144173751673724
0.02920236787853537
-0.003549274082195032
-0.005491716573637309
-0.008986402531598894
-0.007693005540880317
-0.02014071549740418
0.005660875592623368
-0.007040471621996799
-0.004179953093055047
-0.009323865265150036
-0.006384885751717467
-0.007299311740076624
0.004908201549110744
-0.004683444474006594
-0.004476451589190143
-0.004145497488091509
-0.00553671802356966
-0.005783073412494169
-0.026856672172542766
-0.01715137159189063
0.0537019966488387
0.07416500875018005
-0.03531214838965749
-0.013706095689721514
-0.023855269921156688
-0.013443608253367626
-0.02661505826964796
0.002502453560139642
0.003360129206479284
-0.011721744247453097
0.009575046446700609
0.023359607299649338
-0.02529857815337579
-0.018609732949627145
0.0002461726210946361
0.06425959699917931
0.025483052855458672
0.01023923786916515
-0.026610336689634414
0.008431516538138471
-0.011705547838249826
0.028278246542903854
-0.014461452694113334
-0.015119771844388437
-0.01208888495954922
-0.0048280634123749125
-0.005621242472337565
-0.005109322735410054
0.002882066062349553
0.016502173348313578
-0.00672255859821383
-0.003748270726945808
0.024688561603050396
-0.0025914757617098642
-0.003992079663107498
-0.00661251324956815
-0.005532949787787973
-0.013843451944004414
0.014023160405356954
-0.005086806669465063
-0.003049655508201202
-0.006635792303950119
-0.0046370045467298785
-0.005311056229807556
0.007249065056190925
-0.0034040661118182013
-0.0032569806878242893
-0.0030164092904543752
-0.004009782291793006
-0.004198956372953565
-0.023247345983782607
-0.00920256754757841
-0.010879257310710277
-0.009767609118230674
-0.015401127726132356
-0.007189147494514826
0.008006648375659722
0.0076005243659409295
0.007375160174631048
-0.004937127907610339
-0.0075860141081497
0.0058882871901751515
-0.010849977863743537
-0.030359343260373938
-0.005108969254721391
-0.009710550071969078
-0.005817320121597214
0.0040467186967818106
-0.008934732324605824
-0.010067358359269127
-0.014601287294676364
-0.00650386196655504
-0.006235902923706116
-0.005748062574995869
-0.007670046443928548
-0.007986202831660716
0.010277458523236058
-0.004704935238059361
-0.005533538594420069
-0.004947811147023945
-0.001759038743591667
-0.0036799133672241013
-0.006536329973666732
-0.0036580549242346623
0.0111103821288384
-0.0025252157412716824
-0.0038950791182974223
-0.006360576211924955
-0.005400272671063871
-0.01354442595942778
0.006396486264197245
-0.004951826095469606
-0.0029706758553843904
-0.006505388010991773
-0.004518576901831008
0.009610391802913943
-0.0073156124164169955
-0.003320451062063746
-0.003177396637697142
-0.002938537206698787
0.013204220692499706
-0.004086947167417895
0.019316754374451846
-0.009724037415000589
0.05118616096014151
0.01053175825071249
-0.009422777963745594
0.02464080543587077
0.0010067410668759462
-0.007405163974488369
0.005279102050944284
-0.005041110005372858
-0.007857542507429706
0.022368921980585765
-0.010716821589401428
0.21564129504110618
0.023160715288903934
-0.009977286853060284
-0.005967585142899631
-0.01291436892432751
0.03140579058255076
0.011658511114340632
-0.01484712032094413
0.005774931300271368
-0.0063396426669450915
-0.00588414287717643
-0.0079038648535143
0.05837067316039371
-0.008214501864361764
-0.0033103702135265692
-0.0038509874711712233
-0.003491030980118764
0.006104738329261093
-0.0025930763712050035
-0.004590110203633587
-0.0025747318535911793
-0.005027561526996464
-0.0017861120144383365
-0.002739227454728726
-0.004514263219259501
-0.0037677010260657637
-0.009440501917589
-0.0079257112800392
-0.003464111815560255
-0.002097272693157172
-0.004530366921705747
-0.0031735191632356486
-0.003628160510318135
0.006747346318318758
-0.0023398550026689246
-0.0022392229097239614
-0.002073683117421706
-0.0027442969208892817
-0.0028773102139645025
0.008350374775673177
-0.005004157154208501
-0.00589115091955142
-0.0052767942246856265
0.0236344661168595
-0.003921991315675857
-0.006952540882624236
-0.0038927534430944722
0.03169853279186999
-0.002687295255510444
-0.004148744758966549
-0.006792188364627516
-0.005750299854581192
-0.0020272129870658917
-0.012154476534896933
-0.005283486693140885
-0.003162211956931235
-0.0069379752730349435
-0.004807242009793091
-0.0054935636179101865
-0.007774681007368194
-0.0035342343445426854
-0.0033809418297627587
-0.003128811540882513
-0.004150845134642259
-0.004354855683894495
-0.0022114507902308675
-0.00877407892035
0.009962651427661992
-0.009172982651685554
0.08201065617944894
-0.0067035837869250285
-0.012234884972139192
-0.006690587478047483
0.07210454146974418
-0.004569020267631396
-0.007092393135732308
0.03140577245765607
-0.00964647278417279
-0.009107138645654348
0.01820716872511516
-0.008996255773000263
-0.0054016346818090075
-0.011620100957776958
-0.008338399356962732
-0.009470528947327219
-0.013402672451359506
-0.006010137383041676
-0.005736515590850591
-0.005323842846823074
0.09942116589115015
-0.007465865185470632
0.01773048188915302
0.014449098843117082
-0.00801815393909901
-0.007012678216398006
0.009331170187532128
0.006030426084495149
-0.00913975078967994
-0.005223501835340961
-0.0022309286981497963
-0.0036225978210864375
-0.005572111516957816
-0.00894784899702695
0.010653610144646377
-0.01958067615705648
-0.017356861012409082
0.08192530596235487
-0.004248439717966867
-0.009377119150385343
-0.006398267729666212
-0.00731606735341423
-0.010640732837415595
-0.004778726903379944
-0.004584997748168438
-0.004208884302636457
-0.005543484641949987
-0.00582417569814926
-0.02867586944833569
-0.016100846793217705
0.021279437753584665
0.03726084044544689
0.0009571254921494481
-0.012874817728855372
0.22162799357224458
-0.012702710446807458
0.030954945401585752
-0.008881217756512306
-0.013570184486934327
-0.02211134701677458
-0.018777159804862296
-0.02781137475352524
-0.012125265889559344
-0.017235171929210043
0.011765653409518037
-0.022968458594364288
0.039160336797618205
0.03740628579626414
-0.0042772023247987035
0.0035791317435579038
0.009845228929355038
-0.010257196941532968
-0.01350269591429796
-0.014105745146092875
-0.015183490813826792
0.007823433781316596
-0.016905626721429576
-0.014518588077042848
-0.04127503245789119
-0.010903577171852101
-0.002516976887103546
-0.010686265502920119
-0.0001529701756000957
0.008458544239122312
0.004975350885436109
0.0007148919684798066
0.06815531590907276
0.05056381084134893
-0.01906493452036527
0.0029153974387014993
-0.008740761854802378
0.04247352974544909
-0.013196560844895362
-0.014912250333833723
0.053053303180545755
0.008976987470737626
0.02530864896925059
-0.008591247916557422
-0.011456527274411593
-0.011824869862019732
0.00824486349713236
-0.00641661107358372
-0.007538780306846388
-0.006841226723927245
-0.001225978774812707
-0.0050765535974539484
-0.009045864394275432
0.030032177234717017
-0.009802609915654443
-0.0034560661302726918
-0.00533458524976267
0.011933950819497437
-0.007624739830424298
-0.019187365941011173
0.005469834947716044
0.011298151416408246
-0.0040735819011884075
0.030514400399356843
-0.006211111222258596
-0.007134722197109478
-0.010016355807070935
-0.004549007882736964
-0.004360991215532674
-0.004035888381104675
-0.005386326717090496
-0.005624479726069966
-0.009717536568601116
-0.0039076384215272035
-0.004546775359571785
-0.004115798747008874
-0.011517830593484579
-0.0030571448630839163
-0.0054271648695313444
-0.003035820158760714
-0.00594106849972108
-0.0021025273013572103
-0.003229718741736609
-0.005331953751157277
-0.0044561383184875064
-0.011216773862503124
-0.009362596462417138
-0.0040902851614647755
-0.002471236871068823
-0.005349582971288998
-0.0037494083751129733
-0.004281708104174461
0.04599569300753634
-0.002757000235534174
-0.0026385562735113197
-0.0024426623554396564
-0.003236429344652239
-0.0033933827054618373
0.05864124188836754
0.008368972625715813
-0.009704149437373306
-0.00861263973705094
-0.004127820208298102
-0.006423564132271354
-0.011347819975137929
-0.0063097189287428974
0.05421190371725497
-0.004367095643952459
0.014339396798539456
-0.011142825809384629
0.021388637393793427
-0.004909537014421482
0.0550384594407331
-0.00878260246475212
-0.0051454414859405445
0.00947604127010169
-0.0078074471775714215
0.002276346580202047
-0.012601453682912841
-0.0057491069796793675
-0.005491949167029707
-0.005089326814212091
-0.00678994892697832
-0.0070816425190630816
-0.015014396530939592
-0.005970693426589046
-0.0070260998133839245
-0.006281467812555019
-0.006701792456602659
0.009813082316293874
-0.008325612457774568
0.017657169554152294
-0.009016626112758818
-0.003206196230091434
-0.004937414610892944
0.01269697350762541
-0.006882872361517544
-0.01771978446437354
-0.014627172498905563
-0.0062623831857807535
0.014777507519699981
-0.008253895295448293
0.01565018268489433
0.022372956959822148
-0.009363518500475003
-0.0042190720061395445
-0.004037812172070343
-0.0037284286190169026
-0.004942373729444805
-0.005182716777601357
0.008352003722057922
-0.0068072022460568
-0.00793064777203495
-0.007188041582585838
0.04160869592274199
0.009440773642895894
-0.009452757920495434
0.007162805559631258
0.09672446740077768
-0.0036406717230104487
-0.005623694125679485
-0.009281303296910185
-0.00780654094283933
-0.019703601114564043
-0.016334231757063236
-0.007132241282327722
-0.004287417100136999
0.005926527761238206
-0.006537829823576865
0.00032011502604706576
-0.010582954643340216
-0.004791375240144612
-0.004585586279204977
-0.0042427047150176474
0.008826612257061578
-0.005918639086626689
-0.003536290335940179
-0.008736478856584542
-0.010559264966145475
-0.009193563693784178
-0.015508011313209615
0.0133957313531434
0.008959217135723053
-0.006794599431748609
0.025326171428412224
-0.004684901197079397
-0.007239497898904174
0.038876729336877684
0.01188620949484344
0.027884099073348437
-0.022960193756402087
-0.009259510501630168
-0.0055156317380474305
0.008669232274595396
0.041210796137286385
-0.009490681591528842
-0.013814730429159566
0.005657597251113477
-0.005906763835291558
-0.005437825338272204
-0.007232321744604383
0.031438261707312724
-0.01067876674712823
-0.00427077995090107
-0.005020217608833235
-0.004510098224223095
0.030031085327875944
-0.0033509422034247367
-0.005938695666695758
-0.0033258566427543743
0.014344215990508601
-0.0023030838700596537
-0.003542266247995622
-0.005801890821637933
-0.004903708448309026
-0.012350112108996133
-0.010464311589569052
-0.004495424746656821
-0.002706668178617708
-0.005904244367036128
-0.004104929670812892
-0.00468730417252762
0.008659924373708697
0.01785606223282372
-0.002895286301113166
-0.002676891487289347
-0.00354677971740975
-0.0037177304852949724
0.010883682307161335
-0.0040626972537422135
-0.004778618787874611
-0.004279757684218563
-0.012105221792080366
-0.00318886907981793
-0.005619663216128491
-0.0031668360469235754
-0.006152756636049613
-0.002194620827280445
-0.0033718843283261062
0.006929191234005175
-0.004656958914763535
-0.01164757338792176
0.011042564492516303
-0.0042680742563951535
-0.0025769642329824247
-0.005610111825155662
-0.003897279212149274
-0.00445306022709011
-0.006335547704969769
-0.0028825293104638265
-0.0027592952682041205
-0.0025489462829723425
-0.0033695084874729346
-0.0035352929753055366
-0.009588617737364639
-0.003835314266775259
-0.004482429472859584
-0.0040512612777249815
-0.011410877083684786
-0.0030125024711093584
-0.0053105146225924885
-0.0029876899655516573
0.013549527198421134
-0.0020712163276411554
-0.0031818588908684004
-0.0052327223443967555
-0.004394940490104464
-0.010969903270355217
-0.009239798529855455
0.01451222714567123
-0.00243288036218576
-0.005280257276244984
-0.0036818549067134483
-0.004216750227731714
-0.005949027746925526
-0.0027164384148079704
-0.002600606053219016
-0.0024076824278056776
-0.0031870356320878295
-0.003344279209797465
-0.013062531392476002
-0.0051966631173662675
-0.006077140105129283
-0.005525205519041089
-0.015544071119367411
-0.004087550003691919
-0.007278074261274469
-0.004040791504520268
-0.007946698863626684
-0.002799551350266618
-0.004306299842165764
0.010758389592528578
0.006432534751380937
-0.015352544855310853
-0.012585374012672583
-0.005493659699872245
-0.003294177382929559
-0.007188771423887748
-0.005007493849042363
-0.005735401654475313
-0.008072849041318695
-0.003675517307331953
-0.003517833293992217
-0.0032596684305708423
-0.004338735338107173
-0.004538097383261456
0.0029842717807985406
-0.005325073566341236
-0.00622575070059936
-0.005626690951156704
-0.000738521796030533
-0.004180433774949423
-0.007374546975933669
-0.004145141328731851
0.0267963183997179
-0.002867235867433547
-0.004416445860676391
0.010333406619150741
-0.006119334312009013
-0.015321739457327897
-0.012808948942297227
-0.0056022314473326215
-0.0033721976970695
-0.007336162532835397
-0.005117514937370394
-0.005865321368467575
-0.008268944279683343
-0.0037660985993131606
-0.0036049354778685022
-0.0033377996674791065
-0.004425512494483288
0.050946030331811776
