-0.32648084909510267
-0.7273103308361666
0.18021846703118682
0.16993079713304007
0.005669951750442714
0.07608193888605408
0.000757455440904109
-0.11909568439510645
-0.2867152574819858
0.18873428171501727
0.2563472417373147
0.18511634254833298
0.2102646050840018
0.07848349306784386
0.29032116487341386
-0.013386595768555387
-0.33898386618290105
-0.10338158000752874
-0.25174506765299853
0.1623195873992193
0.18101310548608301
0.0353681344652747
0.1570600645507703
0.16816921801031248
-0.47708320639438934
0.04375128765464348
0.058626882919112444
0.12711199672518492
0.06512457146698306
-0.018137222044971174
-0.17434152150099727
-0.42358230006067177
-0.6746524426748546
0.2516325697735414
0.20921903355620258
0.03393790204556696
0.44131886680613686
-0.06744074273704515
0.05147738351944264
-0.09133944368361752
-0.33486353082831855
0.15836532488055094
0.2789123512870907
0.19080550384045403
-0.031057384730253754
0.02606323100063318
0.046922980764011635
0.021869779094055852
-0.25728624262857525
0.03391308571515683
0.26873536934700093
0.07781252472197975
0.09473245582256537
0.030183407616979213
-0.023754392482884412
-0.08784562915129587
0.35525896164252224
-0.334540176218152
0.01874332817980856
-0.10304113604500187
0.2180029610659336
0.5527660738215016
0.29353764784150527
0.032182565635650535
0.7856139108661588
-0.1588997019266472
-0.17123542231065764
0.2288018145108104
0.49875820459110076
0.5127890767997025
0.4478949393183241
-0.02372716750239484
0.7308288238534704
0.1716168050241077
0.11641745758710131
0.03887282592404099
0.3749981704987731
0.7002427335478143
0.26925404920137086
-0.03070733461626468
0.2678219315113112
0.13992663576942838
-0.23063281716766287
0.0952420977606237
0.1089775973817687
0.06829203119349544
0.12624158419386283
0.3774994981380388
0.17292215036182818
-0.11042342140824707
-0.16860836651528527
0.228486835169051
-0.3742666832794908
-0.009295738465882775
-0.06746320874957557
0.6284310348605778
-0.095120113439496
-0.20055761234314018
-0.1307365512709162
0.09390935338758388
-0.25717712634388235
-0.029004460349467687
0.20307571363825405
0.649888845132314
0.4931457908097892
-0.16192031899059817
-0.1523453962602204
-0.2578700141238037
-0.1867663290359665
-0.2694817283649318
0.16824098471487708
0.1314440127044122
-0.020840346106978686
-0.09211538340393949
-0.2310012423491959
0.19619752538166446
-0.37590550713275994
-0.23091046260059922
-0.2090446609324611
-0.27150608785505403
-0.07185309969341899
0.13729263013388637
-0.6496585840063734
-0.529726866110837
-0.5281443219384271
-0.42866287224740485
0.7329290281145237
-0.3590537204795937
0.18439827214172239
0.3380495979729407
-0.4023135875461291
-0.5874596286299645
-0.345703912828355
-0.9192823561216766
-0.9472301210939684
-0.8514370523576423
-0.2147791428878815
-0.03055564730431276
-0.41425030456386064
-0.36808080338902516
-0.5794455012933797
-0.5311812159735018
-0.3942983111909818
-0.5037956511675805
0.22215543956090888
-0.15745167201601062
-0.12593593139907294
-0.3778787368668869
-0.3832991505773257
-0.2428794965691377
-0.491625848104462
-0.14833594508437392
0.5504172431964138
0.14140642255305697
-0.2954587651978207
0.1349928672101696
-0.11025316333494078
-0.15209394821939348
-0.468987853505598
-0.19587287154741606
0.3735200326246632
0.1666482766540497
-0.15411788358234274
0.30426960767574107
0.09847479906040868
-0.5386756121080875
-0.41727818896566193
-0.318217761678835
0.300861987209124
-0.07292559723865398
-0.14894390867878748
-0.36795761942009675
-0.34390156140239486
0.13679990571459621
-0.7404843546980512
-0.6554156918115055
-0.12712504782669676
0.1705223885449958
-0.006619184071334716
0.09077110594252064
-0.10693001125484705
-0.2634242733628712
0.26330820264105337
-0.5809629535398007
0.10201983562222705
-0.020195384292358454
0.0670459771549742
0.0003912510553427673
-0.07473281476020632
0.00037949588243163523
0.02758387807110796
-0.44455138836964464
-0.3596939211881525
-0.09049821098481738
0.13335926071274914
0.07837468470008169
-0.07925244082395871
-0.06235948596189267
0.24829072022369986
0.10417922829605439
-0.51011598527624
0.34220770742056794
0.36148208238119495
-0.04648321329810545
0.18306291458619456
0.14681910448545038
0.03380627396047253
0.5218995964974331
-0.17930816444196443
0.12939285921709937
0.5487610650269482
-0.15934128690214305
-0.07128571964533659
0.05334552496810646
0.056336093382707675
0.28437765457779723
-0.04470025148266271
0.404546773403861
0.3983947497811634
0.04294034985128853
0.21231438750027964
0.07082683084509239
0.2470651071956293
0.47344342998441735
0.04063093371687487
0.4131066144148509
0.568809061242875
-0.0763681367560666
0.18860295535245106
0.3202700321933905
0.03649862799010134
0.28070621414894403
0.4142999462085566
0.5783621188988243
0.6172237430946765
-0.028261703273602723
0.16070006185942887
0.31931457064509233
0.19614831987886586
0.18843997645480798
0.5728159848925966
0.48517921983927675
0.659107291286945
0.05606129088377304
0.45638202308137826
0.26197961120334773
-0.12106204298124706
-0.10497775890590776
0.6010898202169004
0.9529708389034662
0.663747209160773
0.298295735429595
0.46815782655071786
0.8790394291368013
-0.4164912046745646
-0.299660648422294
-0.49116016088433334
-0.2143823107172681
-0.52184656695063
-0.06305635987965416
-0.08900655131928104
0.024392782910232835
0.4275879683594948
0.017284397260064047
-0.4577583463651336
-0.25835037836730956
-0.23737509576515664
-0.18917062388909145
0.03384182700475477
0.03559936259955793
0.0862582081837478
-0.11579129957613596
-0.6229846095646855
-0.5551661624695414
-0.04917108341203734
0.19397076885320336
-0.053935259792185886
0.11811318160371675
0.09958171178541647
-0.3176853105451137
-0.6678124269652979
-0.07821029874702537
0.03216325577515272
-0.12570026111758104
-0.007940692783840186
-0.21021337799833523
-0.2957834513777596
-0.17984497540578337
-0.3051729873273636
-0.2306500942489727
0.3593400854859819
0.14780534620197433
0.1383648839351176
-0.01373253925139939
-0.08534770599365801
0.013342305512701935
-0.5162185816770054
0.22024546677481247
0.07439314846432041
0.12915876214512054
-0.21382980672768787
-0.21578186571707475
-0.12420147800308762
-0.06097305346578863
-0.0653818734631008
-0.46231825056101317
0.33938398087231386
-0.3698894076023044
-0.4279670864947215
-0.07466939189465244
-0.4706523526777039
-0.4895496190826125
0.7473200693015651
-0.222469208757813
-0.6812535051551564
-1.375011502385193
0.0018199675494894318
-0.46270407135185593
0.2928575704987604
-0.839440579949212
1.7249983992662843
-0.19109302694111957
-1.7310506985613996
-0.8501112755038068
-0.6636146183071643
0.0014524046319003558
-0.3388968881703268
-0.5315653322529095
2.0106112301877745
0.7401281666625348
-0.39737501902396705
-0.6805835978374214
-0.5137873693282664
-0.8335857253216996
-0.3270395515411229
-0.0353269626007402
0.639897977626855
0.13992934382035233
0.11810680215547531
0.6360171823299081
-0.10395550110419619
-0.2643023943157076
-0.15811759141674264
-0.0918469266527703
-0.1321758561440357
-0.2601539801823532
0.28443081608061355
0.8576025874917388
-0.09395635455186249
-0.139929667120134
-0.44230460979441755
-0.03387634360401359
-0.4103867378121022
0.371247453481939
0.15456722021533248
0.7994747369014907
0.25883782820621426
0.04892605787033705
-0.0891671305352845
-0.439869303590898
-0.035672053942055554
0.1407738771325211
0.08791523565262278
0.7162613944043086
0.440674421114815
0.2520412793546575
0.2657759764721461
-0.26672954609313004
-0.37044064898495543
0.37216741216731763
0.08062142046398374
0.3897082933971114
0.3149995031701656
0.3715555959983924
0.48211470025560954
-0.09230661493787246
-0.5275421544097747
-0.3224141296555445
0.13715911676901849
0.49055129400384523
0.2727000354527682
0.8217777914334312
1.011488410041196
-0.1915634903403286
-0.30249232083786187
0.15050710456225078
-0.32785306384772794
-0.38199520572394874
-0.2564743244197022
-0.17359832387331198
-0.43634770034594855
-0.35001163141610037
0.045069541273561345
-0.238233383244434
-0.0540704594275484
-0.1133227876588659
-0.2581657798695743
-0.0958956321886783
-0.3070032967692065
-0.21824471581230168
0.5235519022364654
-0.015854486296369555
0.14840666809160347
0.26119587063511224
0.18544345192359712
-0.12629730779350756
-0.3487348080255731
-0.43515806396013096
-0.2911841012470885
-0.17447553880896502
-0.2800596515645408
-0.09813087523713904
-0.33938444595448547
-0.1562065958462081
-0.07707499753322569
-0.29570676666156154
-0.4283985480203456
-0.40726035118947923
-0.4021658292887711
-0.042482442800642894
0.1086660900685216
0.06141993664930262
-0.2016595708244704
0.007301237217767875
-0.9738093344775757
-0.2561879890477967
-0.32841198555413686
-0.06905877688007758
-0.04334805731566954
-0.02318446132144744
0.35757515258596057
0.1713399607014071
-1.0271997461476117
-0.6474449452500401
-0.37223989433831417
-0.2758759547778835
0.06619698348406033
0.1280968031714255
0.3341382205121436
-0.11417733406282547
-0.9136128061781105
-0.11098251100150136
-0.3937793252494912
-0.25221075083750233
-0.1440722773931261
0.04558315984506857
-0.07425196028630054
0.3025838877150273
-0.09062671392320748
0.038002410272478804
0.334543226169013
-0.28878914451204696
0.030172551241220757
0.010998388136443216
-0.20752522354323324
0.029234795872008834
0.3508614523900707
0.4234730021618301
0.060874855084305846
-0.04618190491807311
-0.03251464757248557
-0.021040390381557972
-0.03724224518134924
0.060281826106513
0.2751104109268656
0.215171545934645
0.0953955686053212
-0.42002869071888804
0.4135374413742586
0.15420921085582032
-0.0634795447467717
-0.16064094041580385
0.6089594523024253
0.6263344593434703
0.5339130595948681
-0.2085751038931259
0.2430283570931527
0.7775983611899632
0.08318020758148609
0.016866017581614823
0.5574589471548514
0.5179574469590438
0.5745801189589743
-0.14800860446450465
0.13105458657758967
0.1644213600098854
0.11071523806752427
0.14006762765757452
0.7990321940349574
0.2869183103310881
0.6701172317498396
-0.10190349080361708
0.023654362238744175
0.6177422567630557
-0.06589394535289188
0.6143342017526428
0.1566553800192142
0.7354302696993653
0.3035972679717305
0.42374648720349545
0.035489474760217465
0.15047835983582075
0.3174637627264934
-0.19298030604096925
0.2413385280027937
0.5675211415166662
0.7980013301240191
0.7403457936854867
0.4205430136799298
-0.09740888977402573
-0.2953367534338277
0.6224202357984697
-0.896253300720959
-0.7110314130920878
-0.2619916500268473
0.022687996306130553
-0.1837665464125809
0.014980404583224194
0.32634139555707764
0.3387579369221439
-0.5056223752729972
-0.21788765122815626
-0.27593242829625475
0.1252145470394372
0.03349874535768499
-0.12447888279986175
-0.2507179548049032
0.1345860822592635
-0.5167612901009468
-0.10131294132053953
0.12410624745682147
-0.021788119863805466
0.3305478887368547
-0.15299123284571706
0.2277781366580337
0.11941901559974766
-0.3021461268779275
0.0925031580177322
0.16076010892529147
0.08232143516215151
-0.1024408110507809
0.14284695061251385
-0.19528577947874187
0.16966896918143615
-0.3508897205424199
0.18816025127676594
0.02697504302804149
0.1444366980384505
0.29766628046728427
-0.00460426462647856
0.1308876359607731
0.26798274550983414
0.41255178702740725
0.25778429271926734
0.24571910581777334
-0.062254624486092314
-0.01473390343738068
0.005073958538939494
0.01679683096875728
0.24296858009923392
0.1729313784164447
0.5745172723098997
0.18297451857844588
0.12241419975593137
0.1259584485797462
0.14958883416224564
0.036022577680432294
-0.026722998820639055
0.7164892291301909
0.4234994394285808
0.4064288480666411
-0.15102760488996214
0.17795659003732445
0.2622661131410676
0.20445692449863295
-0.3455006162920308
0.8520861705616022
0.5796610273913436
0.27313971011328453
0.08182232747837054
-0.010881441752020146
0.04042677683969349
-0.37592739940646747
-0.39001298316403177
0.6886637836737908
0.29623678766466166
0.08946170158400707
-0.25513341484243424
-0.2259980249735013
-0.48160148987307716
-0.4391558099453214
-0.272113504412248
0.3254283666182225
0.22648200607956326
0.0721745934111665
0.24111402335456877
0.1236618575504739
-0.059567353998969286
0.02758359883672415
0.16061154075141476
-0.42016416630386855
-0.07990596404570269
-0.09375367729692674
0.5608111690458737
0.18553781513066514
0.15960400563685972
-0.09505007660900294
0.002118686847982068
-0.2995492599836421
-0.016536157589512768
0.08754773949082328
0.2919343773609745
0.34439480617699536
0.25651284320822804
0.16967125565439328
-0.062491499363763414
-0.5951188627789794
0.02351279382220542
-0.11612038281495562
0.42608122840755364
0.3286157234160374
0.21607117780838409
0.25972646181550296
0.26849194824985767
-0.33991621340504563
0.2540532456014214
0.3066402667216843
0.21570117050471216
-0.07682112366440945
0.3554327838501968
0.6427823604361844
0.3504627022473553
-0.30846215492682294
-0.6232130566570214
-0.03528842156477041
0.04322472980583342
0.4278421887552592
0.07084174461821802
0.7343408816772332
0.2620298263881004
-0.300534947915432
-0.024645178618046187
0.20092835487758798
0.6010417087461499
1.0076470779391111
0.9991808725379557
0.7682513609913788
0.7645804718745319
0.015258791564919716
-0.047207385405830235
0.3799998602395106
-0.07013887926350396
0.4794080361522703
0.5943102687034294
0.7509353852453278
0.9870752968600249
0.15840984209156175
-0.10534297081408961
0.12090287890716367
0.5893053261037524
0.541276248462194
0.40062538642085027
0.7758489238269249
0.21419117971875368
-0.09380272432614661
0.02062698961450815
-0.02476303138315497
0.41576238476222205
0.2938767499613496
0.4065965174694248
0.561826832008494
0.8256152745938035
-0.2583864825168538
-0.25130902078786294
0.12365669185554387
0.070607324024261
-0.24333818373041682
-0.31355497672751986
0.0193732272825341
-0.276159759404467
-0.03523801480267878
0.26378726081730697
0.08009149336633384
-0.3512920254641426
-0.0967434980453914
-0.5344890370392886
-0.21479950658961885
0.2596656842799405
-0.12897039669970145
-0.1901879557236258
0.018295983870443566
-0.01303175085817676
-0.5623779456447867
-0.4751732382123296
-0.6413263320261023
-0.10014834733062128
-0.10541912308064783
0.11965481236772846
0.20281698592523506
0.5276944001329306
0.1858628684719169
0.07157418521939796
-0.2953055596717181
-0.183034161889854
0.3216291966323047
0.5583726266583631
0.4196133011455267
0.1858887138296787
0.1754400947910497
-0.04372323794015209
0.13580231006133836
-0.21892434930713967
0.2927289600541853
0.42584920747855465
0.26930504997197546
0.020024602847646802
0.238917046184633
0.1311550670135636
-0.34938620770592155
-0.38973490296542646
-0.32414734197630934
0.1494110682852421
0.3362635266281019
0.14930912529006274
0.19406904910126563
0.09051974516575184
-0.05105197230795418
-0.4471074224116187
-0.2015962896261026
-0.10187010420902742
0.11384361159297925
-0.05077320905276872
0.05344952405837905
-0.060904330757864
-0.06720915682778739
0.10080518086101736
-0.9196487730134801
-0.5143108167124686
-0.5174728176743597
0.22498421516115763
0.22594209070182353
-0.0056708762215172785
-0.12275369599803032
0.0012120605080007674
-0.3241031878753835
-0.6661014652234333
-0.29653341259341076
-0.011603096573637006
0.008327287741012407
-0.04773191403532001
-0.5184259835979182
-0.018036821457737662
-0.34096228556391933
-0.3369121370244833
-0.42457541883163546
-0.2996947325106343
-0.2519678745419076
-0.02302831505830133
0.08386041173629222
0.06355674688144258
-1.0005412073583813
-0.7032450226336394
-0.29497106714107557
-0.482614919663779
-0.4899675440180682
-0.21451640236835168
0.04141251410135821
0.10467073618286699
-0.17515177321493955
-0.2309143763266589
0.4728737093693542
0.28996310834823724
0.6090429789753835
0.1463937012063267
0.20393966111130635
0.2688311042018079
0.28409289580648434
0.4630632868850193
0.4472708529122454
0.3835436406821677
0.20099069524356478
0.06784952902823929
0.12691538426412496
0.5927874609527437
0.11916216755713109
0.33663109036016864
0.49411580964077806
0.1923323361600269
0.4485641892524511
0.36594460236240794
0.17534323829808962
0.12321852037441525
0.7215373660756412
0.26509736094914793
0.6022999902185943
0.6089734938755311
0.11172036157393245
0.2213820902595387
0.2142639684589922
0.27995676743167197
0.2013404984842896
0.5259351834684955
0.2692597518060777
0.40401801120119096
0.5926503086664452
0.6313812376492225
0.04366515801932258
0.07676007399197243
0.048345302521445366
0.2698227379748521
0.45432215772664764
0.07846947456902204
0.4512392846301566
0.30090760375638315
0.49133098524453744
-0.08202540665401248
-0.17777332939906926
0.13420635471492245
-0.29937785021056884
0.06937916068900402
0.23273440280625401
0.253196962840608
0.41208202137606864
0.33345833354163157
-1.011999024843957
-0.34772485952767745
-0.22647543218240324
0.03889448739945337
-0.16740447975813877
0.35362245944401277
0.42572844627839845
0.32196273822609106
-0.8510994756945653
-0.7368028110661794
0.18491114726999716
-0.702412203499247
0.33540928031889694
0.28586334492624416
0.41769890263494946
0.6848791330410187
-0.4448233966542061
-0.7537124357156082
-0.3432793855580594
0.09026710012603029
-0.10919892721976887
0.44822356044069117
0.1775408275200863
0.25243624483292093
0.06696827610436001
-0.7115158429817166
-0.48311751049016055
-0.5381242047784619
-0.052739015247962984
-0.11216893707555328
0.0888756317607621
-0.14119246266562924
0.1591410054208724
0.0824347077545271
-0.4593494520616095
-0.41446896741126515
-0.6972890030005348
-0.04793751604322649
-0.06902897923075368
0.195873095947729
-0.03918835916751884
0.0617515893303105
0.13703600628284435
-0.11104401658209673
-0.37427893529244466
-0.16181259350508603
-0.2405831432773627
0.10876753228982017
-0.013170273162573243
-0.12138774859330906
-0.1787616182782521
-0.043347395949624445
0.04949822368531148
-0.4090791250818935
-0.19707061731527833
-0.03299874344441804
-0.06636722420581692
0.15762324512455356
0.11319000599611578
-0.04050618950525858
-0.09347193164778275
-0.13305933024524086
-0.3767962913112818
-0.24103861969609888
-0.16300267942872046
-0.030463416101663865
0.15289021530314734
0.5017164132562542
0.15657691889612116
-0.07731268286216776
-0.06760931768008283
-0.4728990339348652
0.39686526770928293
0.34687549113939875
-0.1413241233627499
-0.025131583036405947
-0.2812523369742945
-0.35278401520908764
-0.19331827046599875
-0.11283583199627345
0.08443406830868022
0.1090182430820873
-0.10399727497463013
-0.25422437632005723
-0.5494775718434639
0.12590521909978447
-0.617174337378347
-0.41629934811883335
0.12222827249184512
0.4121915936631434
-0.22954211626841034
-0.2750275255957929
-0.7120921767356725
-0.3401772845843164
-0.35859510466924327
-0.13811701660029507
0.6298680032764976
-0.5453626707793608
-0.18153273922523627
0.2572413838706935
-0.3435544131570604
-0.029010662992458504
-0.3974570594985609
-0.25503237930841643
0.39767192895459735
-0.17630945351523375
-0.48707318232841895
-0.27127877348529816
-0.7857885117761289
-0.709324203368734
-0.7451188538501119
-0.3852340517201524
0.050924301683357945
0.13806638464664633
-0.09788407014931816
0.08142887429173305
-0.07313465525206242
-0.392800226865045
-0.43295447295811024
-0.43473084054860484
0.025818403047607297
0.08511046696954833
0.09282444916576876
-0.01886214478083456
-0.5211237046690953
-0.4734599277510355
-0.38722642770905613
-0.3392277233758377
0.618110704595978
0.16458588230356364
-0.1739904421847065
-0.035836423885778595
0.4485313851989127
-0.0037791202712942895
-0.02388827744180233
-0.38374996632706393
-0.23541598224205165
0.10691971138348688
0.28489068209615975
0.18204523845526155
0.061931506670070136
-0.27165596919703205
0.42550974064095687
-0.23436652988660756
-0.267970183526817
0.210813039447398
0.6273995382067399
-0.07884899705514582
0.2814104781154466
-0.0008289262579455579
-0.04530463447888522
-0.020548755999566792
-0.23172030005276884
0.4081265766462485
0.5390475974936848
0.18815376424523353
0.1461365832034744
0.2723056161511983
0.5200313719022933
-0.19432088856520335
0.17215675205931857
0.6752594410757904
0.5709379702706768
0.33901633456677693
0.28231023889752016
0.21891309059024944
0.09019800507233644
0.24323844817108742
0.19184535455297025
0.5727082056348108
0.461728799124482
0.03371766968498896
0.05491737313659506
0.2615040714437556
0.29152527762919916
0.35488531591432004
0.5759594631983225
0.7273056208048347
0.48981773226423453
-0.06807633552502973
-0.16926623347469782
0.03454814860077532
0.33311697644961097
0.45276694667507894
0.4961327489055104
0.2700391906427862
0.4207353691720735
-0.23141835450564974
-0.2507820808460584
0.44132458881730013
-0.0010385412490743484
0.08511527318839801
0.17059102953287847
0.5667207898633899
-0.0441813415114905
-0.9169816717611352
-0.004410009039894969
0.9248705148105248
-0.03975570106899029
0.5417693267255863
0.7999460662823529
1.7091700728930097
1.2517820820473897
1.118383488790603
1.1714915172709839
0.837143386432859
0.6214803961382799
0.3679300525075382
0.4499867834804898
0.007426431634035058
0.7042777636790307
0.444182624324439
0.638111475480484
0.24724511068118385
0.1870339573469872
-0.9210589394875424
-0.38897916930082865
-0.17303681829025766
-0.6377388384781038
0.07310819596054802
0.4385575031946795
-0.428498409480984
-1.031086270739557
-1.1499102351668917
-0.9779042300537736
-0.5876370127319429
-0.8597456268282346
-1.0603419430642604
-0.4396189169436529
0.28073383246995787
0.8622566883557614
0.9573792864453773
-0.861080131404044
-1.1989142408886275
-0.5992550359131802
-0.07549887247779595
-0.7277890254720762
-0.4159704119107193
-0.09518269242603983
0.7072400409597424
-1.7325695387137285
-1.422005710839887
-0.3200770265572277
-0.058043994269663036
-0.09643457989056738
-0.38399933487699034
-0.4793627861651665
-0.7303119240646595
-0.5378506415654906
-0.19607292865139953
-0.016390840753869183
-0.2108917912418812
0.0874867495948681
-0.4982152759302131
-0.6736091629372816
0.3141134504145635
0.18338638614584002
0.03999237999885205
-0.09131688907550756
-0.026730456571000427
0.09458007478038832
-0.4993709224391636
-0.9467838614265405
-0.6774907373820904
0.1566183926801497
-0.46302880522457346
-0.04843256603878153
-0.1825787956847556
0.10091613078134451
-0.16732568388885288
-0.27194779421131704
-0.7030284645399049
-0.23701142122681235
-0.22533975187205824
0.005280483409494496
-0.0005450250629678403
0.06226710728218143
-0.13190196392267772
-0.05348935621401664
-0.40804706342789476
-0.17330723550029492
0.21825693641717164
0.34307058724438416
0.1698993542654646
0.38093413065225995
0.01515673814386409
-0.617527755275634
-0.0383313698788976
0.1444514450374404
0.4728858727989609
0.22987822378589773
0.23564589256399682
0.2067342394309085
0.18077101188697417
-0.21546260805770456
-0.2788454937550918
-0.048504740744806873
-0.1013313910879321
0.5327324450070581
0.2439306357658214
0.16788160844032995
0.12341018244804508
-0.08128495871019917
-0.23397875873368423
-0.06240202868575323
0.3933468219166218
0.4132178452416218
0.16259503134154268
0.3241243090450881
0.3987257605970574
-0.32126516128223165
0.11174421380256122
0.15686746856672729
0.21221507185230176
0.05106367524289408
0.3231840746227911
0.2977186139229877
0.21430293548883395
0.15338012575544502
-0.1507350913780343
0.4060992195054091
-0.2204849368641343
0.42674269406221105
-0.025524172809457516
0.3471391677159454
0.4108253621067831
0.03937777810116645
0.15712522460164197
0.23719770216353453
0.5025397574326477
0.3039412410588565
0.6873659643050056
0.21362512167472836
0.07965733396409413
-0.06278676163224296
0.20063462705825552
0.18275966630407237
-0.17341389916620067
0.039216755667913605
-0.24193323006907552
-0.2387625179886418
-0.032373941824190476
-0.16610943993918947
-0.24460859710910796
-0.3880195919567462
-0.5501651637641785
-0.3256007881283765
-0.39982302340697573
-0.3403788689528058
-0.3992170950218845
-0.20860054678081147
-0.056615619084625424
-0.5021869938016473
-0.3977337919176137
-0.2538575034954494
0.010061933109866694
-0.11225956949596393
0.010667843801915766
0.5247837108263244
0.09690843383979075
-0.16494201738841918
-0.18034866794429877
-0.056665234119212066
0.2229196252156928
0.3158122131656995
0.31734905404675773
0.0643752580628586
0.15616853546306536
-0.23827503865426825
-0.16608229165427527
-0.011694336417891027
0.1574813467848371
-0.0976557770653445
-0.020486593135496542
-0.05422532722962075
0.3241208927644053
-0.5724131523180109
-0.5095631772269489
-0.11237201860456128
0.11673276725898707
-0.03638953900903795
-0.13078795786915998
-0.054962958711807064
-0.07208235874063929
-0.43926510433301275
-0.45081380591626874
-0.4183484547374053
-0.12209366350803164
0.13497625096656962
0.08531876052384066
-0.19831355865604755
-0.08905276483830066
-0.4024843818473075
-0.6414541684740547
-0.7060969844140441
-0.3201990094756949
-0.18612283635959886
-0.03180972414740972
0.0011146272856624728
-0.09299149853107913
-0.44183530548044503
-0.3374299017057265
-0.3954072456569723
-0.205949491522322
0.04982444988845819
0.018350952051778113
0.2279375353153859
0.07787647629958673
-0.06296821018087495
-0.10841338642948906
-0.32951203398652756
-0.6490070054874644
-0.0478673416858625
0.035608432121175204
-0.2058975029808669
-0.16975491197741435
0.30528181353443296
0.005631655923655138
-0.125809228238282
-0.6561403272620272
-0.2520439303594193
0.18911828701084082
-0.2542251329856241
0.026296077635989623
0.35681865637041005
0.2258225908220085
0.16828374648957323
-0.8731009473160566
-0.3711913237642259
-0.09999307817798975
-0.20920418196098178
-0.31120141580819183
0.245978469425292
0.3395058007616042
0.48153493201624836
-0.21353034677717594
-0.2582878945951652
-0.331365805977232
-0.3948813606508873
0.021892021891010804
0.13122881089358493
0.1585848753783891
0.6966390898810386
0.7228707464544186
0.48023127978742025
0.16041607293716736
0.1652433765650267
-0.09774184159644139
-0.02044454869869408
0.36293279380622206
1.140580534636913
0.9503290431370313
0.8435764487692026
0.6704782279928214
-0.1047013435388236
-0.6232706075880725
-0.005113507598407785
-0.1619271353953131
0.03198462254192658
-0.3214597180539871
-0.6209870298257033
-0.7208043375994646
-0.4470395996808506
-1.021882265088434
-0.03527015965027866
-0.2032549932533141
-0.3241392032871103
-0.09639011234200112
-0.3627411655725128
-0.6290058517333972
-0.4677316278126863
-0.36792733642428943
0.3220504809277104
-0.20389790960633022
-0.2627158537084301
-0.40474302134169415
-0.751389503889495
-0.508383570433455
-0.06836978610029837
-0.5655358768369713
0.31878954641766283
0.032259415530678126
-0.20056358577792233
-0.461798062996327
0.02839758927049097
-0.15037657449000338
-0.2367487992514743
-0.5701389404189466
0.440908788556053
-0.09661312938201153
-0.5513177198090718
-0.36542887597207685
0.1877033461438679
-0.21841988804229842
-0.41933585685394914
-0.7868922203241587
0.10168442583597669
-0.017226135185356484
-0.030997104214495377
0.009928234392565169
-0.11080050495214132
-0.012125676244540973
-0.2809410864937169
-0.5134548322177842
0.055770284680585966
0.17427246407772778
0.20289870450332176
0.25110101020376585
0.0900680551992038
0.1650960701192678
-0.03414973623295153
0.08310343554940997
-0.1325785267259641
0.17693448606778736
0.11254729336555275
-0.029022469305478613
-0.2313285491438335
-0.17649944858564015
-0.03389293537055971
-0.25529684385877244
-0.04073139336703846
0.5230939261489976
0.707359832862813
-0.03602438019340737
0.2505140296363784
-0.11170631478133607
-0.1888387797842907
-0.26239645000661116
0.11501699885246097
0.573912452552785
0.47317688984896655
0.06910666475658389
0.07093322161029142
-0.05848559106891155
-0.035488138082679366
-0.3528138335040023
0.4534671577336618
0.355343527202298
0.438894403707763
0.34174430060987343
0.17044819484324397
0.2030894464192598
-0.24927809447467408
-0.2966756754585047
-0.16509902613853644
0.5583678340731588
0.5695267581016936
-0.011203771022512937
0.4988541147697844
0.2943766966586847
-0.15628761617589346
-0.38392836851845114
0.7242673208803652
-0.011796320322449927
0.42081803126715855
0.06339834276573447
0.30942848524112804
0.13519305865993142
0.34897656014955913
0.0886394256183684
0.04836548819486686
0.679545921313814
0.037593744945239815
-0.0550529642914202
0.3429463960416944
0.7077343580472019
-0.15044110789495974
0.4114218893562187
1.1705282318855637
-0.07418009856049607
0.13277345316994257
-0.1190942671536453
0.38287785130710994
0.36146858640678514
0.29609424403241774
0.23064344938191847
0.44064716300199314
0.7067458884383243
-0.17972494507834474
-0.05864816664869174
0.07680866765431016
0.059288098571869785
-0.15484329375160993
0.7101867191170657
1.0747186854428066
0.2570679184207128
0.7875956721143773
0.3111168375933459
0.44296429087212796
-0.008469055593494895
-0.15061462109185875
-0.2175151311063795
-0.041838937540472854
0.2634278755298053
0.16888935385025422
0.4796729166814229
0.3021071413924452
0.1362048042778342
-0.15986418666363003
-0.28750073662876646
0.10636166267933674
-0.010366721000424559
0.4814637428599669
0.405023639358658
0.9001458962324547
-0.40989782124312146
-0.36158535779178935
-0.6206986999250088
0.05434827909250557
-0.11315873860037118
0.29166529209753406
0.6210211182251155
0.0738101330194153
0.4153181984972643
0.30495135962127395
-0.260955755061414
0.028356392000666475
0.02934000557458899
-0.038520615597760655
0.25564710525329515
0.1962738446344705
0.07412721079951406
0.001477542643365276
-0.5336756936513417
0.002334940443434047
-0.16206207652725563
0.18465947538323868
0.3249030462360074
0.2984252215734432
-0.01454023926666742
-0.045759084984121956
-0.4320792658897179
-0.7825161728349354
-0.3925576044145722
-0.026249909789292813
0.06432867099843609
0.19520137269483456
-0.29077564765824604
-0.1947664554692351
-0.06547828272407752
-0.3520095631934011
-0.048033762002959626
-0.3475873859972969
-0.07234963050751834
0.31085443818359654
-0.8142834146122484
-0.07404861812249336
-0.06460317308779195
-0.06520250375977155
-0.2661797264836354
-0.2830498394558144
0.128583087864934
0.10095608108059631
-1.0977845055297126
0.18837543955237795
-0.08526681771440814
0.12983651297821117
-0.5619988031048536
-0.08337303039649535
-0.08707633911783391
-0.10334141195099031
-0.6717986584868867
-0.278889771069061
0.18956801057855144
-0.3245940148066382
-0.6525331539293413
-0.3120532731370822
0.16699419082584416
0.09764345840948002
-0.5153535502750151
-0.08957671261895372
-0.19125561559090223
0.3818725672643414
0.11587076801183381
0.24445439364013546
0.24724088406956074
-0.023531028329304385
-0.15462524321151588
-0.25138909952826083
-0.0005192690908804587
0.21500220949872811
0.17240595406848658
0.32187024861474944
0.06010069032733528
0.2417227135029465
0.12719503831538992
-0.12183700073198311
-0.4279634733746662
0.28494415834959164
-0.06369768580484114
-0.05710655155664107
-0.006885247779407078
0.08247616793216556
-0.15002881287840308
-0.2993296639423268
0.09339432360929928
0.5942897785426391
-0.1751951902020519
0.6011659821909097
-0.0036869239416247312
-0.06969383061263301
0.19593501272441002
-0.1523103691385611
-0.06882160678281601
0.03685778839882259
0.45859002732894427
0.1508178016517725
-0.03206432446411867
0.33746208482687157
0.4055329820875017
0.1709832858965442
0.18851404203951738
-0.1637308305980602
-0.4209560352993611
-0.10729851899506318
-0.2556075342790063
-0.393869468561175
-0.26307321934557
-0.3838197766133772
-0.1985176491333217
-0.22887693912362267
-0.2580650660402568
-0.2470109808567693
-0.09417965955764607
-0.24355038004224022
-0.4324762490242806
-0.3539458384848384
-0.17336916321847995
-0.5164426871652227
-0.07510553892267749
-0.09177905965139141
-0.2762527820493476
-0.13241934422251078
-0.2834609881991936
-0.06583427564941313
0.003871394851525184
-0.16989256677927117
-0.07235330981226637
-0.36945895130698014
-0.4649798510807353
-0.3573555536881111
-0.5261423111090489
-0.001436675322955605
-0.3134492064659588
0.10297898721428381
0.32428201213599994
0.2926156050596456
-0.3581092253566621
-0.3057197539230099
0.025731964101459476
0.1358388024184486
-0.27499929765350584
0.1219964858338235
0.07788571806298908
0.1454042371814563
-0.09189696885225061
-0.07599677214281453
-0.04713284956134858
0.3939843743383695
-0.004663622219702679
0.6059253262756487
0.2978235773296508
0.3864905608472645
0.04444349678901154
0.29784755443086225
0.48735367139224334
0.29255665024606625
0.062034641336831065
-0.015100980953683368
0.46878759867111325
0.616665713570042
0.27718620445580217
0.23563781890869284
0.27748430365261495
0.37974608800436355
0.21279549804358772
0.09275506736655997
0.27904855372906495
-0.07761116817571892
0.5833527313969396
0.6299060823014007
0.22116985160119818
-0.09499051266550695
0.5779907367233903
0.5684183429717978
-0.10099159809495781
-0.9592051985207086
0.25686506118785984
0.30816068039034994
0.0842626169975835
-0.379070188776088
0.18264776169505675
0.06259213325111623
-0.4151650356904045
-0.816801915034659
0.011687634723797078
0.13210844807652947
-0.46139477188693534
-0.1003751082100981
0.19539565363501343
0.5911210238553799
-0.646191527093311
-1.2815247464210415
0.11320438371931336
0.11336189495514948
-0.6533544808814603
-0.12932102805614187
0.21187242896541258
-0.08178650345640714
-0.3876513743086789
-1.298750990940044
0.45400698488233837
-0.12052080804604068
-0.6944122937215408
0.6608996941671681
0.32299787366436833
0.11387433038563968
-0.46871981768912996
-1.1393836301548148
0.5561529439576505
-0.8623197471481193
-0.9505700960808439
0.26203579973128865
0.13049164843324657
-0.021902468855532264
-0.2592984100419863
-0.5170121918425538
-1.2930395248561983
-0.6370237567241112
-1.05046397092207
-0.010413774246067709
0.08496442477586552
-0.14615525530721563
-0.17464872229265427
-0.21296116605005394
-1.320832678387096
-0.631525165245325
-0.8673155193390218
0.1041719810740778
-0.3702261299566998
0.14302684770594848
-0.45651824991390827
-0.060330679111541274
-0.18086320334261785
-0.4295537827840365
0.10389750263532982
-0.2982004604975717
-0.136371326268744
0.1354161475242276
0.25071017049942707
-0.15445026430982933
-0.155650656467081
0.1634105470670188
0.048703417384303005
0.04932358276113469
0.22115195299328694
0.34532014281405354
-0.16210805416675456
0.03542685124990985
0.001317504755282639
0.1746971942945489
0.08844741129109648
-0.05690647020744383
-0.03996443753467077
-0.10372430238247088
0.2592549836594771
0.1698808765658379
0.0274282994963143
0.014343410044311167
-0.0630434451588337
-0.3017390361403608
-0.27198585731030234
0.19021013189029945
-0.12554842681986006
0.16657926847290908
0.14527589588082124
0.24947647854282845
0.10398393801940625
-0.04987235539180851
-0.004470788329370312
0.5760415560617199
0.11926889270047389
-0.036396913854930824
0.07071771484698902
0.10204738278510186
0.2357047542251891
0.022441131696749828
0.27669464620552586
0.3332490689969952
0.20935645004898537
0.11647996673377364
-0.21263903282383273
0.06727815898036815
0.03681154145218579
0.14481521739281217
0.06982535293857754
0.3586448303713437
0.40439375850370035
0.19126764872944563
0.2007339116657871
-0.7316967347890819
0.06264339476260128
0.39748730490707856
0.6542474765230198
0.08670471750684577
0.7570629921498879
0.25785729965838916
0.32143546412123974
-0.6155824216980421
-0.0896806971189057
0.37741077151468344
0.4737661354770687
0.21729922821486386
0.3628020233213246
0.019067921611338273
0.42551332596460717
-0.4496093958373697
0.2888811130540657
0.2936308580793536
0.24957626508279607
0.16783709395495575
0.23763806309461244
-0.2311256232517055
-0.19582328295179435
-0.1768812815737152
-0.1623973274575422
-0.043274475367187426
0.38653593918636275
0.24242876058890317
-0.09301884245208483
-0.65202235426309
-0.22418700650584855
-0.42798535787643494
-0.04059475799139928
-0.08674622628611503
0.2401517153773549
0.20089534506361206
-0.11094739581339386
-0.841942000655618
0.12108876367865634
0.07346045825383063
-0.47198698603704636
0.15896719227843994
0.09345107560720084
0.1588646352764555
-0.34277429528207387
-1.304421509034786
0.02934205763746596
0.3674446008589689
-0.5169397465860244
0.19762887890131342
0.027223692163886426
-0.22237198210925474
-0.41124741358864847
-1.2020027847788979
0.3842716549994693
-0.08923076635396857
-0.45237237989986767
-0.20002332798586903
0.2294278725517157
0.2509565739044288
-0.11316950171976842
-0.9245952003238684
0.1688504991364886
-0.6353320488950258
-0.6676122969712298
0.3840804895128776
0.01381212021662026
-0.01613670578345139
-0.0050297763329825995
-0.18898408456690974
0.011917748418769636
-0.06022264328477783
-0.2571932753618067
-0.25098896111109714
-0.44140371683177543
-0.4278377173817498
-0.06988845549025466
0.17830802610056712
0.07693991291551155
0.18102271357818703
-0.18027531635209681
-0.05893602934119152
-0.47690814397697495
0.0060960150836743
-0.11658729774581614
0.03375388345609631
0.18975067135781054
0.2000187806392869
0.0727069344092254
-0.11732297535344244
-0.20376009437804318
-0.054628146826581625
0.4087876223194527
0.11670310286581304
0.2495192798454123
0.15629883145665086
-0.011757097602462685
-0.016035050356174252
-0.41525237966933115
-0.19501280307350166
0.03716992193544699
0.5688374433304373
0.2612108286232978
0.20092507520555775
0.2457029539091738
0.01597650293068953
0.06515717644758706
-0.22036674034786768
0.03876513698637629
0.04665138576047498
0.3422945147844317
0.3424005439650827
0.4466809082220601
0.17476038363791122
0.5788503497527304
-0.08053790892091006
-0.10711178460294202
0.130636709775015
-0.15898554770048262
-0.24404473734482812
-0.00042006741706773765
0.3136685466844791
0.48767426411551723
0.20064608382792037
-0.07702197262589427
-0.6585659900551286
-0.8532487223238167
-0.18679571804392203
0.15218315044277675
0.10357883385192002
0.8667714687638252
0.5064381308014079
-0.26941855421074573
-0.43886117797376606
-0.8707011340720836
-0.4715647279246384
-0.5832244474298892
-0.08845516623918653
1.0637062348163342
0.6026146047945601
-0.08831426499464733
-0.6648754541647306
-0.41759841844066337
-0.6575978857244071
-0.1817856003472903
-0.23145364404838006
0.10492683038336587
0.21030690637336263
0.43106881464959285
0.03814412815742141
0.24685565659879488
-0.19476912640805377
-0.05070310616942478
-0.13461481274295645
-0.038292561567699834
0.029630111607711507
-0.031769469947241
0.19954789582904206
0.7415444357106351
-0.1927758734151804
-0.08633462754831084
-0.1270035747886013
-0.29814460980945384
0.23519460375326598
0.009903974680326333
-0.048954206514523424
0.7314763552465209
0.06797945039614478
0.05806863586573524
-0.30970809587037357
-0.27466258332470483
-0.25388812710336345
0.1998741476574535
0.12924975660432453
0.3894384762924335
0.3984080157509229
0.09393723386882516
0.5058102779193436
-0.4808094339647628
0.1433830510417623
0.23184495478477263
0.22836947457560486
0.42072267233169736
-0.1795401492575057
0.2992836555940949
0.22947872049503992
-0.012011341587021024
0.11519607062545945
0.6970861559193692
0.3821772862487971
0.3933996016606352
0.3110286582950278
-0.4580040740033149
1.296070593494917
-0.1769886704089153
0.11407973447253236
0.2525513678923099
0.47825599310156225
0.6726263347580079
1.0316848721181437
0.9223291648052998
0.29594334876964123
-0.08929179097548878
0.09691712041686139
0.4852942129922251
0.7022947721607785
0.1243616937138795
0.33405104716349443
0.3313205009293727
0.31116265077273214
0.17882597370634667
0.36942682370062
-0.0016744993357180882
0.40429275055809
0.550171478567905
0.28272680211556894
0.19411692101445727
0.6159002426360894
-0.15229553002205726
0.5036822947083881
0.6401768825851658
0.29487029976036216
0.4768407269674748
0.3230931718366267
0.39161471628676175
0.13745922951990036
1.3837769825621375
-0.03657214295724426
-0.18011689628674843
0.3372404995533177
0.04765769840225276
-0.2854915856484775
0.3862188258064579
0.4277585807250899
0.2833554312732302
-0.147032349660833
0.3655334070656402
0.013021380675139988
0.03642684908252901
0.4346634384926578
0.16576514117035512
0.34215211770310366
0.07060954232404265
-0.3282366462772299
-0.13324289593492428
0.15860112752022404
0.11082197979432054
0.05652381504408205
0.4861356776558753
0.12853119984579867
0.5231468500858867
-0.39527132679348753
0.016801372837572548
0.36990587871057995
0.20124845570674443
0.07598904696473552
0.09094945174887399
0.31042718496037114
0.07168015992178578
-0.2206280682846805
-0.095408924385839
-0.005931264503958145
0.08056879698332685
-0.029305334638469627
0.049204288068161794
0.20487267477168636
-0.07183022521017512
-0.21633189250497686
0.18987134854512172
-0.024451005449867558
-0.2520090153628786
0.12216385739678715
-0.030529853463058254
-0.160728571362794
-0.3098356548539873
-0.10496165964282828
-0.06732143787269018
-0.005026288694182396
0.02239744225645726
-0.2011347477468045
-0.11221444770102273
-0.12940214054048688
0.07034575001606502
-0.48300936157846447
-0.17482429051593423
-0.15540383174651307
-0.2732314638058883
-0.04069019371830834
-0.15104923321754793
-0.2420506518528543
-0.16724691835425998
-0.4296200688552819
-0.15435537154178147
-0.1943328527534966
-0.16690840139871455
-0.32462835023728254
-0.1340163328833777
-0.3251880082153672
-0.28396145192411915
-0.4256340946220533
-0.2569931330416923
0.030939995565441192
-0.17047686991708855
0.11797218707224633
-0.4392685852174638
-0.40426112671465947
-0.20792702647780975
0.16657351530152792
-0.5131023718721578
0.0041959665972692295
-0.041308524318848905
-0.20895142306504988
0.09856729834964101
-0.5927575534897819
0.40957110565484545
-0.03379312867664794
-0.35465255044123567
-0.3845977787580889
-0.20890679493028994
-0.15260203077138085
-0.32390876399985213
-0.8203724579207797
0.14717233323329157
-0.12809099775036112
-0.07548511482586828
0.5582676418951732
0.5156990707971534
0.4145924683018831
0.13846395747942875
0.2250322271140207
0.11740429421917675
0.05071561549113118
0.2498748518793002
0.49396604246066583
0.29994536639179414
0.44029453286585063
0.2452041059944065
0.6213738240191855
0.2301063090314842
0.3943906505135621
0.40344689166105024
0.5699034027272665
0.47966990479821475
0.5124373254466495
0.22560072565186456
0.4352328981694257
0.0820158153406127
0.44338373083195026
0.4177010841640225
0.4142035265836784
0.48490765286199156
0.3238069999299434
0.6024145762258079
0.13418658607359668
-0.05767196930351787
0.12069589148426735
0.5652177759128549
0.2727106642713562
0.3300813862820416
0.4931990299475134
0.15365469273467725
-0.1268921514452196
-0.2272863908689205
0.12367579323632305
0.3874035596730392
0.07924630206972597
0.5556085064066347
0.42387448801737904
-0.014846742410971406
0.09230110859575211
-0.04198707841707683
0.04201922318060225
0.029263552879528032
-0.03434833125220865
0.11702858151499185
0.5080944961617468
0.22971459961661256
-0.05527065741938528
-0.09598898498085237
-0.526788165116211
-0.06605770063573432
0.03825364604727843
0.07787188771927744
0.10354284022938126
-0.3674942418750383
-0.0435827896074201
0.45367692850733093
-0.595008562163025
-0.3064733708808415
-0.1304625976349686
0.09455356387977634
0.0007660471946495662
0.17045434929311923
0.09940849707875854
0.19324448804205127
-0.3644148099696064
-0.28267230313898634
-0.18353834083295295
-0.050123156633092913
-0.35258095557872915
0.08641738518944425
0.3640008366965304
-0.048532643106381446
-0.18615362050158235
-0.4714374466536072
-0.30918848368302687
-0.3938662662907211
-0.08805006583752611
0.1649339697464139
0.06943593838932699
-0.05245997643908745
-0.4456524868189238
-0.5414984392837322
-0.026854329393543486
-0.35996985121133984
-0.1891052648692837
-0.0653199830775491
0.22495448833614468
-0.2810532603627691
-0.16706010950460354
-0.24687655197467706
-0.09788147799196756
-0.4260685929500959
-0.33161817714543845
-0.23727951423767324
-0.6634040567141404
0.16752172018916756
-0.4876386798235409
-0.4864380576790782
-0.3355698061428668
-0.1705171572101597
-0.34917545181975207
0.20308870417486538
-0.1364432120426553
-0.01608371288417701
-0.27254962370945457
-0.37026473599200715
-0.023128098672651587
-0.1419668805462066
0.02729611481033456
-0.537831882326208
-0.08459472034962587
0.14235653044352112
-0.2581381271253571
-0.3459205433029191
-0.1624452304935387
0.015454742484933393
-0.0737918685948471
-0.18396161318446475
-0.44438695738027817
-0.10697835460209318
0.24882071229807767
-0.12825259197172156
0.18197232199153368
-0.10471955474257194
0.30798313470917027
0.49911771489509466
0.45045409761560806
0.5624268602662128
-0.26535679345648017
-0.30128951459226505
-0.49218437776270374
0.03294026652034637
0.04310567771290541
0.15116922950549289
0.08652868789862563
0.07035196690557594
0.3656109069627671
0.11812746585136219
-0.3992661998419096
0.15001455558581756
0.008618395055310313
0.04105434460425081
0.19641129038618277
0.08253339822487915
-0.1879093492195798
0.2277385246857383
0.3210203349399837
-0.0013764250203421868
0.23049512630614277
0.045015770543921044
-0.0548790200353389
-0.050947520217721115
0.2923764660617339
-0.0794247770085088
0.015375045390537967
0.14389469485314263
0.3212736964820521
0.2807605737649909
0.028082499641446743
0.2896080644342659
0.4369323069081862
0.2808361866563579
0.07737472816001872
-0.2644313479716832
0.06648138154190007
0.04380516115653742
0.1483946910019017
0.035826157160374406
0.5869483814104042
0.3545014710100689
0.20750382745631332
-0.1985572769679489
-0.5175170915320737
-0.2787729174527925
-0.4110175647926123
0.10114465743196076
0.43232211883120747
0.5720472947220597
0.13649391429932098
0.09459162153335485
-0.45536825539240555
-0.37747394558974734
-0.4614734908894933
-0.4867218483433537
0.3477686271828822
0.6209868207137018
0.3065801650035872
0.1406108248032615
-0.26243533619064763
-0.20161904913349765
-0.5160410696541704
-0.5461287185820465
0.08620619056066714
0.6181064254867177
0.31182665556779804
0.12390433064095102
0.06936374898341768
-0.3494312312199753
-0.10351737087274543
-0.6987558489567672
0.4234331617450743
0.16333529302054417
0.25863093730464676
0.20958562562807576
0.09058998060940937
-0.05034832303606568
-0.32475772828495886
-0.6696722448175091
0.058349627848174934
0.09967010876694792
-0.0955932240269885
-0.1193363492588349
0.07278299965251164
-0.28725616089288947
-0.024784619262479046
-0.7030580760955323
-0.00996098056819511
-0.2327776326729031
-0.14779606908145348
-0.0660508836139937
0.2419060967297833
-0.16382723479738104
-0.06687671699035747
-0.3627585508668276
-0.0027192250927439154
-0.13171099934787117
-0.10640257756679788
0.26613526096526857
0.12483644010967299
-0.13492884489122808
0.07136250763748636
-0.10066237139064671
-0.14550656542443513
-0.13601062327993252
-0.17896577527821478
0.25843475654995185
-0.052995619668753324
0.3486951268720795
-0.002171749733148598
0.2279696698839564
-0.09235445698710754
-0.10463381604851019
-0.6366251746543276
0.020412620293024847
-0.04585414928745113
-0.3427257896491701
0.33909367236899574
0.1940948587495797
-0.485885471221852
-0.3052042977367716
-0.08686059147819208
0.28850387418973306
0.37689118663102283
0.23095489705606959
0.2424963568344795
0.2236124695206193
0.04256301142342935
0.11412294459233166
0.0074769610205982495
0.13919333958674046
0.13432183547993087
-0.03262434243260243
0.017369256508740744
0.25739789071442404
-0.27614561702169954
0.12334286480853943
0.17645686954178225
0.4691674461064795
0.212934018443137
0.2391832330716194
0.08367113128986384
0.3480187036918645
0.3856818033272877
0.3596578809808542
0.4531169621830784
0.20395620026517056
0.20317362270985861
-0.04427294673824639
0.17317536455237797
0.3093554637084811
0.18552385284697165
0.5109532226234934
0.45595848275778084
0.282682823845258
0.24291160374942644
-0.10847200090659073
0.024123146779595067
0.08673753848061078
0.3601786835636342
0.7336637464910079
0.38523462673955755
-0.05772431077390536
-0.13822037774210139
-0.2643859547178993
-0.5001496828601213
-0.5940529111631185
0.6162643777156402
0.24369915083687327
0.45141957093302315
-0.14825577641923393
0.023070938567754884
-0.1668256373507949
-0.15850682593877607
-0.41327944897550983
-0.04189848829999038
-0.17796454387621102
0.29832740484167425
0.36417644963214313
-0.14846446900822552
0.5134688950076995
0.001259523379691263
-0.39526582432980184
-1.0924414109054743
-0.5345837417669181
-0.003906148813374803
0.07807658068790922
0.7297045769805893
0.03154751208486062
0.37621776300377213
0.5542774817632574
-1.5325487491078364
-0.861841387822774
-0.5228267230235751
-0.14305534512939774
-0.08732597310283366
0.3109723396973419
0.25859378295171664
0.5243396939694336
-1.1195717565805214
-0.8651717774673
-0.8836123304502992
-0.7769560485799695
0.005392375459709747
0.8139030620143006
0.579709745833575
0.5285874510117703
0.39508263919714093
-0.11315597456057325
-0.20508365193993255
-0.3633075226452357
0.021720402166598096
0.043285754770069906
0.21683626522910304
1.0520744838562677
0.1805568779989667
0.332129588582434
0.16929342660074742
-0.5651218847900412
-0.14989241430440525
-0.29870202826323855
0.0722162590686802
0.04589904853694454
0.05546294894399781
0.16777088717299538
0.3792499389901775
-0.03799276420877851
-0.8820380361655302
0.03306709996077695
-0.5461213966036712
-0.42488870166228765
-0.028088112512547933
0.2334745461726399
0.17914124384016794
0.43276228801164474
0.016786849363735895
-0.33295506102649397
-0.41962142463743535
-0.2257735460950259
0.7387783176582353
0.23108414387876036
0.2977054156863346
0.3315861991940135
0.27465203487175627
0.12598917122558634
-0.481102270804452
-0.44960532586440893
0.3998876499681655
0.026920944996951246
-0.055093573010642924
-0.03779662783840534
0.031452153131921554
0.43946496206351726
-0.013796723947053113
1.0290887483907654
0.13213075368069915
-0.04454036731774347
0.3893610339060426
0.3260273504686798
0.5406021837295365
-0.024004201434856334
0.33868653180174624
0.2750671924594722
-0.14541901201907287
-0.04746659899098406
0.3854772314527086
0.39599755280016513
0.5038448389714024
0.3973385277799599
0.5103316943310192
-0.11595894987971432
-0.4308976661949482
-0.2512370561462727
-0.009755137807592684
0.3590143561634649
0.3598256187506985
0.0742708119311761
-0.12258239440214203
-0.21482515401196386
-0.09879517679422456
0.08393767692883997
0.44585185901008867
0.5963056325966573
-0.003414256440719729
0.3402864474031012
0.365221362437098
-0.05221867346098241
0.24948563983839556
-0.013723966200947846
0.17232372887953537
0.2795949125260325
0.49698051028111523
0.12021083787799625
0.1992605179510757
-0.12380609056400596
-0.3921405004702434
0.4459910479243381
0.07907495730497499
0.16316708144237502
0.2098911422237053
0.28172129314224226
0.31104015539099883
0.23190985300331135
0.12060993762982525
-0.17567411309133424
0.13923382914655058
0.20385348991217195
0.13693930455092834
0.28251287324174534
-0.015269297270829763
0.17648654062277064
-0.01322530917057696
0.19088989473674933
0.4479036670043206
-0.017267822844541897
0.13951774712726317
0.2881866737763619
0.17936958810942538
0.13891280171461523
-0.37485605247670484
-0.02699103967995889
0.500927972463887
0.0352469493175393
0.22746746424048983
0.2511672629492095
-0.12374783152585556
-0.11290308511466723
-0.6394135017535822
-0.2014852393174814
-0.13788544401859515
-0.014910398456158797
0.07772580581878008
0.008076829129469741
-0.2469723489917252
-0.4449346118213458
-0.8003146581224614
-0.4059738790237044
-0.17286196116777044
0.20486127451186217
0.1111468189392556
-0.15119478342309645
-0.06306517740617801
-0.3380171554884752
-0.5475055443900525
-0.3270635506028602
-0.32942565451179484
-0.1591094964393009
0.004092602036497195
0.2636023211712115
-0.023002191969537344
0.18063464700014858
-0.8676338592907031
-0.7738659030616594
0.2712569816919675
-0.14160878428090345
-0.026849514259661006
0.0924325952877752
-0.23730660896001643
0.1100197878557751
-0.6412995480622767
-0.16539019612185124
-0.5536098512363534
-0.07949134276429082
-0.021695879239578886
-0.2569747389496897
-0.032179588325991784
0.3308913607000668
-0.4863381894775632
-0.9341126725848615
-0.33321086019611346
-0.18271935601737677
-0.344339004493431
0.2708684841728932
0.10957434396092595
0.15894098701196402
-0.2503045509475452
-0.2274096352280946
-0.571108819526631
-0.832162019055418
-0.9532897159414736
-0.3999092134565751
0.3013773019061199
-0.27206035446253163
-0.47319697436292985
-0.30501517030359315
-0.5350872931368951
-0.759690534361962
-0.8843105909665199
-0.18205576276590063
0.055898359913613097
-0.058429941601090135
-0.13029964898131563
-0.01342084253236947
-0.5823936735651798
-1.0016890391762652
-0.6216864851153651
-0.31091317863827217
-0.13541259110222037
0.22817350334667136
-0.5100015643597597
-0.265943734101619
-0.5725147613239414
-0.8813912796343665
-0.28388130099776776
-0.5565889557111223
-0.433594110220241
-0.010328765479217406
0.2359939671731141
-0.31003064787544654
-0.45316982919286664
-0.9367023687881519
-0.44524545999082876
-0.1535538106952628
-0.2631400852967892
0.5354514269371844
0.33575684018771734
-0.35112344480346824
-0.25378258603224696
-0.5216150737742424
-0.5719912326754995
0.034987665437189064
0.061557616436028306
0.5752862750764454
0.9445182333967987
-0.1261355877221068
-0.7426216431602812
-0.15381967980060457
-0.10815904341958776
0.059003418515641004
0.24045573622502675
0.04865761896017434
0.6971303437414642
0.40772806964116537
-0.7956662605514555
-0.27529124071240313
-0.24807432199238788
0.06842112327081329
-0.0058982338282337066
0.05838486343424559
1.4345112651273741
0.46283272132670356
-0.7168860581792451
0.4443593518087782
-0.3180671362030903
0.3600611149137085
-0.07670466472214926
-0.1386203404983096
0.9211196990779368
0.30114566647980795
-0.08512592378006836
0.08217872521711442
-0.1281985076199072
0.2860163786159496
0.3858974703824346
-0.048296029279745016
0.2004545338789444
0.18642713892848806
0.2694418100607931
0.6475050823150313
-0.33190461908707325
0.055824003314874304
0.24153758398015784
0.06224482970687156
0.058391027592046035
-0.08843283760198811
0.2505972320350645
0.392673519142014
0.10486791866708439
-0.09655808058871929
0.31483872937014423
0.053271659938768035
-0.06733384510130858
0.18130231772666633
0.18010899182598866
0.36790570316667726
0.01986316641932581
0.02269833365307195
0.2514266644528708
0.17572558645398073
-0.09751809990255353
0.20270926770468423
0.1601679494928915
0.18806744693641117
0.29732596701079056
0.27445242168268014
0.5830377846940333
-0.07485549085150545
-0.7493429557475444
0.11382116194834677
0.01990840575867603
-0.07044450168744401
0.13814795060619084
0.028257508129015146
0.5161855027398821
-0.5651279010037702
-0.18574156586247362
-0.3664713715327862
0.24194146787430315
0.17515715130478304
0.05532848457999334
0.2012531158587001
-0.08200728953182998
0.16012794030886063
-0.2909232249778738
-0.11326967847471547
-0.5484087647118846
-0.5966508662015985
-0.5917327573741126
-0.15701033841847745
0.47206866202087433
0.3597118871876289
0.0811985594397096
-0.5038693095601274
-0.6937886109188858
-0.6657821449226802
-0.8821081146973506
-0.03371045397909497
0.03592781274228193
0.7198877712030501
-0.050936781087245864
0.03436133466608299
-0.39643129575443725
-0.7876123450639927
-0.7906545697880136
-0.09996813519756165
0.601930657975528
1.2510765821353833
-0.15024547452069761
-0.22542815777392503
-0.3190370248296662
-0.8191134127382582
-0.4964233806522399
-0.18705234058885636
0.22029274260027742
0.42308692614189336
0.10958687637217447
0.008776120472731241
0.036439500866652264
-0.9600358657992805
-0.48875250853980784
-0.4267838763679901
0.28021243158231884
0.646945426452043
1.0140658459401122
-0.17784091313172146
-0.15287508175572742
-0.2643809965242713
-0.46474727217977985
-0.16259807274268323
0.03172857291560993
0.7187180260233439
1.1890803885692092
0.30783557817465357
-0.28427868262658507
-0.763212826642822
-0.4730428294541855
-0.2173582077088178
0.3782896746909507
0.004499284450280569
0.47153022224052327
0.07636232509231439
0.05021073462128228
-0.08292198176051235
-0.5087255654821994
-0.037350332737525055
-0.05260349371290751
-0.11371845274767092
0.13303860302660298
-0.12758696048223045
0.19433704322291584
0.03159472399256591
-0.49488787019588576
-0.22929894812805934
-0.020921597150676596
-0.32790586080343953
-0.021251107241051115
0.20643179868022632
0.1618050938491472
0.30985076760863584
0.3855171505249491
-0.29835502485334664
-0.012468815508970957
-0.6624536163763415
-0.3109182681738844
-0.1478034979447611
0.3882795355424568
0.2945019760633902
0.26729847934925327
-0.022133134170192692
0.008878054813436953
-0.3195407412612535
-0.7172656549068335
0.1396317959528089
0.45703687875584176
0.2529927864240595
0.4750572410606667
0.19117914094428168
-0.16484442945921884
-0.2985460267904844
-0.2407657032820918
-0.10812945782893096
0.29065529030980464
-0.07215545878598484
0.21809817933602754
0.1260043423325029
0.07029512278483908
-0.2430202552466847
0.06031221812937887
-0.1966079749870318
0.07724360284518039
-0.15118175287054533
-0.11197457487995503
0.2967848498150166
0.27737937776516647
-0.034503297168171576
-0.5561093438498489
-0.2966857231711755
0.12999279792067595
-0.38860028359330073
0.12622329899856033
0.20886955304294608
0.13659150374313728
-0.053387969409077494
-0.6202351277483819
-0.2439111490351784
-0.055019630370308104
-0.17755980211679345
-0.07640271118198871
0.002650063916179557
-0.24208546547489712
0.27590567972012514
-0.17626893018268358
-0.21643064687816915
-0.3109278162885608
-0.19696014018360725
-0.3477218942776183
-0.13868188032277523
-0.1437625761238709
-0.12802026472365924
0.018774816412716666
-0.22899446258687822
-0.18933567780361205
-0.2938281688976526
-0.2879158186799241
-0.14863448876641938
-0.1613923493291949
-0.2416013359798154
-0.16392541768410063
-0.2756270809637979
-0.36523238297138183
-0.2934888527408358
-0.2567347852152969
-0.18257981536638385
-0.10940082815438495
-0.04010765102990227
-0.6007750517873316
-0.4969043652093452
-0.27231691766841426
-0.5298490154992495
-0.3317045474119833
-0.47207854059156595
-0.4275093264211547
-0.3610175707003199
-0.14839168643407574
-0.7695543664730913
-0.3720371235693849
-0.4504103454630341
-0.9757741389891145
-0.7795585379438927
-0.47214141156206585
0.38119904493522583
-0.062349784289412624
-0.6677576802657003
-0.7402623133625463
-0.4825369632067341
-0.6146365446718154
-0.870599069222795
-0.3166641709729403
0.9003667679797238
0.545870787565299
-0.6240704718986533
-0.2642031551445521
-0.15098286799305094
-0.2580130774310316
-1.0001217060274605
-0.015815695087161796
1.0592745775289276
0.6976362594430018
-0.09927254464611937
-0.11914580495213734
0.4174542211540785
0.15530335950532514
-0.7977543879587949
-0.4610541966872924
0.6552557278222815
0.5777304894493869
0.173398969603304
0.5777351727039558
0.6334121148319548
0.15655414555615338
0.18506352141621046
-0.5871619123911757
0.015022543245247877
0.5995583464346838
0.35979448384374224
0.5312183929000649
0.9586221385730905
-0.09915040006045639
0.29257899221980044
-0.2674082280919419
-0.5918225781884353
-0.17058274839279064
0.2096589167825504
0.3884151383250004
0.7063335986840581
-0.0865477119143522
0.12491486196844306
0.13068773520775728
-0.3645158980740186
-0.04682298964018097
0.1526430819535987
-0.09037542818293648
0.04800374532471913
-0.14457838207034066
0.18840604989143894
0.2899007995317259
-0.32002914097106805
-0.21446934852209204
0.20467368135335776
0.03699843448745872
0.010457339257923276
-0.04628246570927927
0.39662232737622316
0.5996550909875309
-0.07472615448359299
-0.1830766930464215
0.2909569984040715
-0.18449197981679794
-0.3116878839416889
-0.1625320188067041
-0.43622905407304635
0.2598612237628993
-0.34777042550250153
0.131358151326431
-0.1784924390933385
-0.19479350139452983
-0.43576872312483933
-0.03621105898922826
-0.09023050906435287
-0.08266072502852112
-0.19600797925610097
-0.216646127021754
-0.27228962727645145
-0.2522240946987251
-0.6291499823375363
-0.3408842742833785
-0.34632064965879295
-0.25110488232489303
-0.2000619845715662
-0.10657041554094643
-0.19794636405307398
-0.16026555815011356
-0.4247531228341813
-0.22701915213682244
-0.19542987575831006
-0.22236044855740766
0.0377529560466521
0.05564199553843524
-0.3772203271723017
-0.5482405458283336
-0.1923268056230436
-0.24803571677542965
0.10537883012644575
-0.04712386147555428
-0.17716241814113687
0.47773502744097607
-0.3017685045037163
-0.2692872762144175
-0.20816910117803408
-0.26699138729045707
0.2891205531666226
-0.22802051665256978
0.2682531010886109
0.4204781836925405
0.504876688196999
0.09932741260404705
-0.31770749284897115
-0.2858912455894317
0.07542078069386304
0.12961239353115522
-0.29477612620080434
0.44475385314944094
0.1045952531625774
-0.03514317505759401
-0.029859291340387006
-0.020875744072398686
0.07005866010722014
0.46182952349815765
-0.24048005495463293
0.24833039755997655
0.5413064860594525
0.14050134485956317
-0.03245983117049511
0.15433550054586082
-0.0019685321578551407
-0.2142165517300344
-0.3703238009257276
-0.22107399340006997
0.29680211928857847
0.37677129128750164
0.5488556877865787
0.4323378980049575
0.10474926181537378
0.16929502430354149
-0.8637954903537834
-1.2713824475481756
-0.09064396752239084
0.9352270545043128
0.4091173261557911
0.24828502710202405
0.2963459366876798
-0.5355774035374965
-0.3243895232457541
-1.327977769112196
-0.14192169075297872
0.30655836131950476
0.7177475155083213
0.3522538553997865
0.448973311591554
-0.08820486268207606
-0.3893225790735406
-0.6622404379364757
-0.1716974847000602
0.041690139142815136
0.09835400859501348
0.39940744479785106
0.35133080072464007
0.17045892849125469
0.06919627501557796
0.23585272205146937
-0.0687470989835487
0.09555192643258875
-0.47813100548817866
-0.24746224379453452
0.19887133583524363
0.12027266711086892
0.4115085031185484
0.45346189460593805
-0.06895105699506382
-0.1801012787120322
-0.9247888897876488
-0.23372137141204544
0.3053020269877035
0.23273506902857122
0.010069737216966607
0.45690556181588865
-0.015737853923026235
-0.25354860864032525
-0.4802733410481581
-0.44551650759277217
-0.08635151226302362
0.009559558731801643
0.07371167319237026
0.18548429625359938
-0.25293074091524337
-0.3208107625425583
-0.1751282035990116
-0.2554877665132378
-0.02233808025861045
-0.15457055118503427
0.27220983468434057
-0.3485417177271707
0.006697923106815815
-0.3339223374933425
0.18128918095705537
0.07083205610544047
-0.09879972032635398
-0.6390926239837265
0.09843865629943108
0.05408833768289478
-0.17692847890804814
-0.608832939422974
0.13533365612064308
-0.07292731395445984
-0.3613785264571413
-0.4401833494660411
0.07817739474461693
0.7185059456480538
0.34672640520312625
0.1611264324657965
-0.22736709422965062
-0.40226200654510147
-0.12703679324963424
0.4992391475910768
0.15633224961102893
0.6462595088053058
0.6408193058856464
0.5296090377026189
0.1335088877184532
0.17604675547495718
0.21062473753357186
0.1833017110625827
0.3994403879809081
0.351358868574269
0.5262982656460014
0.6189706805058208
0.011433082758317253
0.10349383506505722
0.4706773037528139
0.35506928018867195
0.6484817864170502
0.7542265430642927
0.21038857264314031
0.32682615092449485
0.8605289906554273
0.44487925771170134
0.2400565371541851
-0.06635515575155612
0.37565377464822264
0.32394774967766155
0.4828595318219898
0.3175333692300445
0.38507968532317205
0.5924357655451881
0.5293145937254644
0.6288953012154925
0.06519061175638555
0.4307729365697346
0.1799266104443103
0.4593501664951869
0.19216009879150414
0.2647334228687723
0.6888035086154763
0.2914805696929454
-0.006930602888513632
-0.34343109525892035
-0.09875923749306093
-0.10687891615917422
0.12237813313148471
0.5872034540247926
0.6934536698235974
0.7534312444540172
0.07175570233386191
-1.2603697092929567
-0.32148105761878476
-0.06966618950815096
0.14166873817533937
0.4063660667895023
0.14819349866916742
0.4183366440623273
0.5918331588524179
-1.6352733458037563
-0.9372865795279979
-0.20228947387916468
-0.3057779674323986
0.029333896796715664
0.7283553684794426
0.24874964616781053
0.3896440340962414
-0.8159725726252375
-1.2176378177039027
-0.2291013301689483
-0.10242772244920695
-0.010910625389660478
-0.019141616967303793
0.0443943144032454
0.44720214161897737
-0.014595728272666808
-0.05155153390445673
0.03825745268202929
-0.5717070469081859
-0.3375825232970727
-0.309054476439723
0.07584375129877402
0.15079453194689207
0.11417680387043277
-0.4174085023262133
-0.10191166791904338
-0.45457607217908985
-0.16915735521391217
-0.18636271244282765
0.005564844084757825
0.050761828309617396
0.11467863841161446
0.15700235329359807
-0.2985510993328526
-0.18251433389714108
-0.3124381626431607
-0.33761970587358614
-0.10816371841480765
-0.4114935082327177
-0.09162911035567708
-0.165758031293678
0.20605129192023142
-0.11996949594678868
-0.26749085430409913
-0.13077054828429707
-0.33832456493735175
-0.3253062666808776
0.15028489628575534
0.04511641871753208
-0.09512370822711697
-0.39329006110666853
0.09465174203757537
-0.02091206391894268
-0.2945042306023929
-0.43215343283485463
0.19112038924646613
0.09281145183574202
0.44161689668966597
0.18370459395181515
-0.02955055998895717
-0.38203647498756543
0.05481057642503362
-0.17821770228805173
-0.18088908295105555
0.013149621627857377
-0.13915026712369474
-0.04721608493993175
0.18675771283971945
-0.5410225622157813
-0.6333873395793763
-0.4104309165395471
0.6108731581311367
0.2874438781624887
0.06246548106804968
-0.0284213027408044
0.2523016417970544
0.1942933422900315
-0.11914357850058321
-0.1765872398565056
0.02367426830636718
0.2582322203047153
0.28924638534917857
0.20299172596959575
0.13396237202776795
0.13920885297359192
0.21043461313619327
-0.1681758380716888
0.21212759134060977
0.3586200147563369
0.29948788635348733
-0.032252056418791364
0.3408273702397969
-0.3438413734273962
-0.21781260968515415
-0.42097071839007055
0.41593288095910314
0.21460209190861343
0.35446942194535974
0.3056326610321406
-0.01661895565169552
0.060960744722963464
-0.02094004934697044
-0.15560424504683007
0.1495209748820019
0.14487904177559663
-0.08240095653528778
0.09307047844587521
0.08293993792779411
0.21401345800548907
0.12163399880004899
-0.12054305473499138
-0.37477929849225483
-0.07783098264504112
-0.33471172114463443
0.31030854312892997
0.5450745795352054
0.7499578136769757
0.20892114877634238
-0.07193759298102717
-0.25942236861049833
-0.3269471290405981
0.2903194102336929
0.329789351441746
0.4575858807541486
0.4779253105883663
0.14036593548215687
-0.40154420848359607
-0.6640932933445647
0.028311911301832665
0.5627679509278469
0.1141535489878726
0.08817938470997355
0.12052324498885385
-0.5869629143127877
-0.10982361918017702
-0.8166546903436404
-0.1402059108013557
0.1547579192205012
0.016259214603978445
0.16438557849357982
-0.23703693530207803
0.10041720507344959
0.17522686931365938
-0.12735122226269346
0.501789586626061
0.20231480715109207
0.34334417983632504
0.11578903036947769
-0.18172280367202942
0.2423383441999567
0.45392499907737494
-0.06829801328750079
0.022091718268162308
0.27249570408751467
0.004369756651752127
-0.11274229411709841
-0.08282114448894173
0.5344089327277985
0.06339900588584105
0.13716858867110499
-0.034746736610800966
0.005890178242666681
-0.47212397682138385
-0.20386408109404755
0.6951640289212975
-0.14238855180379598
0.3071428716047748
-0.1503047834764566
-0.16519867850830433
0.06737945900301495
-0.3198057756434626
0.13736972373574652
0.14004574293614197
0.171194340485378
-0.04104832374135281
0.09622841324589892
0.09355927064388414
-0.1534533266904055
-0.32731116786197606
-0.5453109367189499
0.053252566774264765
-0.09839382760425378
0.08644962804511869
-0.2405888704105611
-0.0020884210530339523
0.14028476258360645
-0.31105902627327364
0.09730077733995626
-0.30627362792465346
-1.1622262960499767
0.11512106966997937
-1.9813175514976393
-1.6637511743045503
1.8016220941705352
-1.7728102692052086
-0.2638299012583255
-1.3808732287942709
-2.256717021330399
0.9692791010579057
1.911008495693678
-0.5633296749310688
1.048470262269608
1.1901286323120073
1.42573279508636
0.16314674028858575
0.3289970685709616
1.1581982977691618
-0.8012916320611156
2.372316361758041
-1.7260987025251773
0.9077496376046781
0.4378313331901611
-1.132259191230579
1.5307587923838373
-1.0203677784658847
-1.7002268750002425
0.5796744644810697
3.608850965499352
2.035336255109737
-0.7973035382975622
-0.9260683800983872
-1.1463839217888256
-0.4961808150678799
-0.9821489231456608
-0.6587431636716089
-0.6080160735300858
-0.22869872341640868
-0.5813817874691827
-0.5921649752539553
2.399216765008071
-0.9855711197706764
1.9547790094135307
-0.5067229861441255
-0.3033560024757258
2.4393849477180356
-0.8985259780979737
-0.7148668952912794
-0.9561901489449237
-0.47117168589068
-0.4766579482871651
-0.4181017772944995
-0.8848684461548604
-0.7592176266672382
2.770546045490919
-0.9815957900069122
1.6501306764313837
-1.034992983965464
2.410831390148645
-0.7629455324770804
-1.2925801577840719
-0.7622217636712381
3.213550702826573
-0.39212371370130883
-0.6833217086299206
2.1748884308398946
-0.7558344799023348
2.5560222734752274
-1.16134723585235
-0.7783994440514496
-0.4412245245702665
-0.9481398254844836
-0.8434180781325737
-0.9929106053326987
-1.1206482436596832
-0.5021144581855619
-0.5518124063793797
-0.5210869812342481
-0.8664341006301648
-0.8995642580880151
2.4731655700812554
-0.6050879846786252
-0.6768256713052361
2.0528054377762004
3.447340548214328
-0.44844484359904824
-0.9244688585998722
-0.5165517978011203
2.786393312582051
-0.16631201680854113
-0.4978626443724263
-0.5588694918642013
-0.48975889037622766
3.4616446019433673
-0.7857543477672202
-0.45394365759995126
-0.171457247740613
-0.5215838224172684
-0.6902132631258125
-0.6890297610403183
-0.6328292762954741
-0.29877480714820237
-0.3339529397160663
-0.3308103839043669
-0.7150072554218776
-0.5497303102107775
-1.8253322263409137
-1.6844877915590608
0.7383716149055294
0.2765504633559397
-0.22849842858261493
1.1146215499378886
-0.5533343044653448
0.39337120862877584
0.949767063396733
2.113235616735263
1.6495714463061764
2.646169649031873
1.180358223618335
1.4244650604757525
-1.8975949543742092
0.816808789246755
-0.836395730008813
0.812634342110168
-0.04692730116685839
1.817839539389512
0.0007272168717347149
2.5445827923796736
-1.114610885197695
-1.0649894627812273
-1.8252280460380907
0.5238773821638923
2.136125829170383
-0.6033242611881348
-0.7005798584591636
-0.6010051662508826
-1.1075800436585572
2.539041691843628
-1.253408781567503
-0.6908789211126137
3.0005159326783057
-0.1704266451213199
-0.5307854569217711
-0.5541366363463909
2.1362591483961078
-0.8288275833205563
-0.8971891292688551
-0.5738126293767338
-0.33177258585295855
-0.6670766611601955
1.5638805943577785
1.8993901447104464
2.5143952349624734
-0.37183641830622477
-0.4284189088178329
-0.4031372498783362
-1.0158061824083688
-0.6859231394976889
-0.6825989562246888
-0.46724120574503314
-0.4832830916229842
2.0245012958463193
-0.913242881556789
-0.3789384002132943
1.8842672626809134
-0.5509987599240951
2.48908879788164
-0.12428387716761707
-0.3154727040794379
-0.584472517671441
-0.45411884777860356
5.156148061151127
2.5952611032120716
-0.45687023734429943
-0.21495125155424388
-0.4951228027349682
-0.7960073292464583
-0.5386650650854429
3.013007694017035
-0.37590546804631897
-0.2477915912058074
-0.2847531971299131
-0.7363172081132263
-0.6340164891048008
-1.0372906904551118
-0.8557102868820758
2.0028964422907043
-0.8454246172973539
-1.2156866885774633
-0.5933336084725339
0.8190342800311292
-0.6576393517688206
-0.6497424466872929
-0.18890911481286793
-0.6597382190208068
-0.6555086003515469
-0.7196103989725197
-0.9356211427302084
-0.99187659492297
3.0734257707720034
-0.37398046701726534
-0.8533633602825144
1.774484990096974
1.480753497511
-0.8316939871373339
-0.4162386901009869
-0.39026905804514944
-0.4934929208132396
-1.1343914785688045
-0.7823325503177673
-1.4067009281422473
0.9053065735994359
1.0890039982236859
1.5624265947144989
-1.7189511154466544
2.1357952060107896
0.29013578674751395
1.448577026120895
1.3436519861919975
-0.557360917410829
2.397329411407117
2.9780363973727493
0.7416239568535229
2.423921518368029
1.1430786754763786
-1.2059054096689579
-0.7790529592846329
2.859685962360555
-1.4180167263824106
2.8514467607720415
1.8508219563091952
1.846819147648699
-0.8205847216036959
1.9128787214191538
-1.572536044656177
1.800244470705509
-0.4673737696494235
-0.33098330727684994
-0.40714702367056776
-0.42296429494997123
2.2505871539540987
-0.338142537942867
-0.5889700917341287
-0.2424546474816363
-0.40874061328603084
-0.21686859670865105
-0.215164042826892
-0.389469697801729
-0.27436534011337
-0.5351440188067412
2.650600979731516
-0.25807878140449314
-0.14077789836521354
-0.3730704546241995
-0.45991720256939156
-0.4487276004642339
-0.3897608904696431
-0.279903423742485
-0.15585153812527686
-0.26087071025690867
-0.3809263730862907
-0.33509573788745683
1.7923156350287355
-0.8434642900448789
2.4524662249187923
-0.9206632684842677
1.2816772436866186
-0.5147918224878791
-1.2125740703531953
-0.6027599505274623
-0.758759721529386
-0.3051086358953802
-0.6932011309704841
-0.6676024566629624
-0.7471809275672467
-1.002824107707048
1.7554624006171589
-0.6439263622329757
-0.29127731872107254
2.1860197359718163
-0.9351636156516122
-0.8186968023838435
-0.888864674862812
-0.4671532584928785
-0.4372748917154613
-0.45733060727425484
-0.9207163660532333
-0.8954915474694297
3.39324638758361
2.8222751862750464
1.8236889323336671
-1.1365669162498175
0.6595806777041435
-0.9323374299400651
0.5971581094988518
-0.8913840307869538
2.4751401301638887
-0.483122167035237
-0.8973716817920896
2.415519258578482
-0.80136724324089
-1.120270623983344
1.7803083479332389
1.7726779245040907
-0.5725247733936101
-1.0301950789348422
1.3951492224691646
-1.179508326725141
2.998581591468512
-0.6701214186154955
2.194138288109633
-0.7733447092227419
1.218149220476517
1.535002131594579
-1.0616540724287993
-0.8071977788356383
-0.806673135383491
-0.8781818256468142
1.6009953913396566
-0.49460809134628836
-1.273503317341441
-0.7456546172065047
-0.7677667070459006
-0.3418939352016373
-0.6689702934638841
-0.7572240026313297
1.802635799957652
-1.0541453124878353
2.9042026617002996
-0.7927449476095276
-0.43913777508473895
2.466108823774341
-0.9720184325412569
-0.9391209458117862
1.8440555486544168
-0.5228591614957099
-0.6683311148730667
-0.4238059795019728
0.984827403132689
-0.8062269120499284
2.001035740345415
-1.4344502110735387
-1.6334216403233035
-1.7619174778486961
1.5214586436068722
-1.1614166209972119
-1.9116430887275504
-1.4652902569849477
3.543234382802029
-0.6320707981074156
0.8201414056085887
0.9141578532196336
-1.3736029808095078
0.8418556804533547
2.2880746761233706
-1.3890773133566834
-0.7633281879183387
1.0277842426072532
-1.632396129553495
-1.414981154466155
1.9733675698285218
-0.9255038595151646
-0.9933215780474414
-0.8642540980159665
-1.6257730210070613
-1.4517390012303895
-1.6140074824421822
0.7788564208922171
2.0036775805533957
0.6340506446863701
0.21356396604446737
1.7304874902558576
0.06280635962065662
0.7832334801770292
2.0669645695178387
-0.4704212727120409
-1.148221255567561
1.8629011470366794
-1.2756264260463612
1.4048865857737936
0.5150871307754626
1.3741473564252757
-0.7330281128269658
2.6109565660333502
-1.609725727817934
-1.337430392770805
-1.5246296389431961
-0.9525137373692427
1.8216080556383165
-0.8626763399981134
-1.7987834964958977
-1.2602163585696573
1.6469279201240634
-0.6764060171048116
-0.7915327150419371
-0.9430089848941902
-1.2636515991935813
-0.7117169459188386
-1.2535654883557021
-0.6807332197859876
-0.8199539684891111
-0.19282047686152648
-0.6031591829930734
-0.7216284482878758
3.6955009674774075
-1.015865829118436
1.508657945654318
1.9083535242225431
-0.36448987451489456
-0.8643482081533258
-0.911765382935099
-0.7079210832257484
-0.7888131319957001
-0.3882617401349061
-0.46003789467182177
2.5464706413699734
-1.1002585095837651
-0.7798381806550012
-0.6911931295663979
-0.5037034465951357
-0.5542879724657973
-0.5967063277184352
1.3983442024567354
-0.46545622926135544
-0.9042549254048226
-0.44099632077239537
-0.4883504178162271
-0.25104513261816563
-0.34769655959942186
-0.5555983232017528
-0.40084151291086323
2.3720524494010515
-0.6781581600898996
-0.4261776267461455
-0.1691577942421299
-0.5869182337022231
2.107791239399474
-0.7686738667275066
-0.49619927551008935
-0.2934491016045687
-0.28503389594485395
-0.3144822908623629
-0.6932480262117304
-0.6223955866159191
2.543112819654081
1.6929362273539903
-1.0157122988038632
-1.091894297505393
2.5712713436385712
-0.8301288051417506
0.6256352715233435
-0.8189574951457194
-0.8772997026729911
-0.3889211767169005
-0.7915230305364531
-0.8888115474015617
-0.938915925465609
-1.1373505747116979
2.823604345271567
2.7467554799704073
-0.5185487538149489
1.8897002803268668
-1.1695391686995404
1.4791335569527118
2.1060609567707256
-0.544664034877169
-0.5260618152744121
-0.5211541481575254
-1.1421382635262
-0.911023304449196
-0.785226127977983
-0.570522085773775
-0.6165754857408641
-0.7310008828027086
2.7299926932011482
-0.506988120935769
-1.0318802535491098
-0.5533457285710637
3.431042045538075
-0.18282342811933394
-0.44710983709756014
-0.5881158494883455
-0.548934460865524
3.4145914096797343
-0.8766727077750038
-0.4809160148450635
-0.3024008325193103
-0.6740496417425511
2.1087437189351506
-0.7025324983950334
3.462227885087926
-0.31776631780149056
-0.3132756597436068
-0.29580112181899937
-0.7379631952123532
-0.6157520302634144
3.4690940104509655
-0.8684359299043408
2.691471352196761
-0.9887387188252902
1.897765991379624
-0.710653046174216
-1.3030215218091972
1.9299564649350232
2.313611983131963
-0.26646861771439034
-0.6646497811410734
-0.7306771956970012
-0.7876187414211736
3.208242407221201
-1.0359732707512173
-0.8057212639646295
-0.43682536761823293
1.8705037434023062
2.117251421088418
1.155702475594508
-0.8919325973385664
-0.5423811828616492
-0.5113123309847633
-0.5062983604481003
-1.089899025240177
-0.9655006831692601
-1.5973535315771552
0.8465019519020514
-1.404282654900217
0.22286862121986617
-1.9807212696007266
1.1945393786931917
-2.3151928870459004
-1.1238618750346197
-1.2645234010437814
2.1074782892573882
-1.1098985058889372
-1.0922303498874308
-1.1749506991085308
1.1000300650768369
1.9112390959154588
-1.0560455359595302
3.273715215601215
-1.210469808920856
-1.6297971492284198
-1.5356437131560947
-1.659885069026708
1.3723788118728804
-0.9251512361902442
-0.8496033348602349
-1.5898149542073245
-1.2264337381337898
-0.8918889696468202
-0.6133385343676473
-0.6884443596655361
-0.8449366171620102
1.6441660806382479
-0.48032756752528233
-1.0233913482084946
-0.48831730657563466
2.017855354198452
-0.23976130242032379
-0.5277042868678714
-0.4930672339799046
-0.5704098255603341
1.8469200305504736
2.077435865737101
-0.4846727522708726
-0.36834811397733563
-0.659136341948565
-0.7683130884907682
-0.7641774183937811
1.7625943204945642
2.9974317160763153
-0.37858020106285617
-0.5210467337633864
-0.7739366081112378
-0.5714258830551312
-0.7649433432689166
-0.6152075692826503
-0.5376280229917506
-0.6562712579942984
-0.9825130428135228
-0.3702403933307634
-0.9716398194040682
-0.3836275410112896
-0.4558611187655489
-0.2418300478850226
-0.33375462354997165
-0.5157042055787942
-0.5345659679546724
2.226115314312509
2.8138414442413886
-0.4037963871691952
-0.28623496391095016
-0.5045332317902863
-0.5940205345221394
-0.6240937466214622
-0.7693527924476049
-0.35821137794795566
-0.2765935638846616
-0.34353932343620475
-0.597919641090127
-0.418300188889926
2.780951132926654
-0.3977982199293454
-0.5575856896310725
-0.549409547729822
2.954685341064867
-0.346355085453026
-0.7904517750443276
-0.35785741325488984
-0.46677910147140844
-0.10296794490798766
-0.2826174225766135
-0.3940766459722595
-0.365907780655234
-0.5298817173773942
-0.5322631862797365
-0.32833072184126855
-0.25524728039109007
-0.4354353082967767
-0.48417842294655633
-0.5267117721464214
-0.4209073728417393
-0.30991486414452735
-0.2851100203594203
-0.21364504429954817
-0.5973621041379207
-0.5631813265983363
-0.84677806085373
-0.49812128714349224
-0.6416836018190659
-0.7859345803623414
-1.0928963540878973
-0.5243378628920159
-0.896750943202862
2.593037102333013
-0.5694047921438337
-0.10616040692638173
-0.3894238336557525
4.61520071118671
-0.4088450748990514
-1.03044537959465
-0.7619461990509315
-0.4519545338522456
-0.28076876641287696
-0.5241840687342596
-0.7698720037806094
2.2968491417975967
-0.5855521346919983
-0.42552722933925324
-0.22364004852329888
-0.33374178534300547
-0.8782882363929557
-0.705625797431525
-0.9194828528892806
-0.6769366053514543
-0.6563609420378167
-0.820047887524748
-1.0626452884338145
-0.4909473443290141
-1.1165166957299846
-0.58797490748141
3.769432433376737
-0.15094797765677037
-0.5640377539908423
-0.7115974255789312
-0.6563531251110485
-0.7828521457475308
-0.8207216759121718
-0.528386582019594
-0.20772250110760715
-0.5883434374937124
-0.8669833204318342
-0.7604539594705984
2.9339117056065698
-0.4252230498869559
-0.42194463022867834
-0.48269403588961557
-0.8856775445508891
3.2101818292790716
