-0.05397694495586103
-0.07028514151101328
-0.07282377541179985
-0.08737681502867725
-0.10088980822106142
-0.09182756719503682
-0.061058903621649174
-0.03914795016478473
-0.07478252550249537
-0.04635016324562384
-0.037422959964862224
-0.03686375779253894
-0.05051740301003163
-0.032193307362614776
-0.025033552054428698
-0.042625091113370095
-0.13311133216751808
-0.059611355083458384
-0.05706051686914948
-0.0022401887357668404
0.015947490815837573
0.0014495999625295242
0.0016836831142519604
-0.017952379786007583
-0.19986771126363062
-0.05661000492218221
0.022279515448741433
0.0497064146119951
0.03573906890858415
-0.01963450086288311
-0.06183374549809233
-0.11507123166845024
-0.3024875050684226
0.06351622941697183
0.0891405494518182
0.09355312235897628
0.10530568449368205
-0.0005213595890596889
-0.034182691659126796
-0.07672992046861993
-0.22205791432788322
0.1402052872592967
0.14594527886955516
0.10576884284756463
0.0784943844356874
0.0033913974089403998
-0.014302895061421572
-0.07764019270332347
-0.024570287996831364
0.11839445009092248
0.07113317123789892
-0.006851888966474734
0.05051548239801859
0.04189595746976815
0.03220542337133164
-0.05610685634054208
0.18655209560612135
-0.06000122773563887
-0.09428859638608847
-0.10177859686743757
0.14392161394534647
0.25069605402354844
0.19060875708901154
-0.023500703367077123
0.33837119663657905
-0.13822917089761458
-0.06712205018073922
0.02986298165921586
0.2826007248841691
0.37071628046954136
0.2700387598185729
-0.029395203521820346
0.37889795327867537
0.0042762988965592275
0.08685068005382579
0.1523196988193133
0.3007998787247876
0.3822822410261107
0.2459949206140059
0.026442701193222395
0.2266972351739902
-0.020976306086831487
-0.04926844088013693
0.10595259027415121
0.043055107221383566
0.09294613318031758
0.17178183899855776
0.1782329363764941
0.11571699829600157
-0.02672364625690732
-0.06252729198021778
0.08125854781928404
-0.15483284648482556
-0.07980142019109376
0.0881894508231374
0.2886193584915927
0.008020159983731234
-0.0954344111500014
-0.05297007525373032
0.03952874886625918
-0.16991003868668797
-0.06418398313924528
0.09203709679114858
0.23259376763562076
0.03479299742705827
-0.028567342693008424
-0.08429039497675338
-0.04469484647828398
-0.12702335060111344
-0.08129003935805712
-0.007784682710403723
0.11606686093328233
-0.02780458076807501
-0.06738591850151687
-0.10343526393729163
-0.04714674114338388
-0.11212225782425272
-0.0928878300008017
-0.10130385753091309
-0.022390873693187874
-0.037980492405441324
-0.07621259154812471
-0.13130804307745164
-0.13178469157559602
-0.17208338024785647
-0.13779777844412494
-0.10982943799275391
-0.08163576638989234
0.11804635443847623
0.06430666060696982
-0.01839971813906699
-0.09124918434066381
-0.11619055298788918
-0.14655184321977857
-0.10293255056050427
-0.056432376439537274
0.12210138432356887
0.050953959254727454
-0.0334495381796544
-0.05772740608794577
-0.10145708807560083
-0.11461506864132037
-0.0911557432351986
-0.0721584367516133
0.125976139509159
0.0442589492743036
-0.02888964058176058
-0.06943025346924153
-0.10099870583947368
-0.11134318949302321
-0.10438062656959862
-0.08849881855532349
0.11091365297756595
0.030375288368552023
-0.04385733120205082
-0.03188052088390164
-0.08647202011704236
-0.10990692265036228
-0.12927516218541588
-0.13535418229580898
0.05000635933268227
0.006243610791528409
-0.047065134644591555
-0.032582041691161606
-0.09263578698012345
-0.13388608487161013
-0.13786536061233
-0.1463556891598904
-0.002131517803940299
-0.01552939616334359
-0.04839494809507415
-0.049141933147629574
-0.11219557618236409
-0.1171574097379452
-0.14342210055251534
-0.16439136166995932
-0.052097584446593626
-0.0019489709599328497
-0.01716652564696336
-0.03825765860960456
-0.09229340745467225
-0.09632551919998378
-0.10877906704895068
-0.17060658577183327
-0.06128865312787524
0.03984415581281142
0.02776054599147411
-0.04042957166763528
-0.07698880314288148
-0.046068768648748815
-0.07260800572128534
-0.1413023518367017
-0.09540495049556505
0.06837613824522581
0.09151948574386501
-0.03197465855608439
-0.016651283965970765
-0.009165342952414002
-0.0034340964298317928
-0.012701006278366234
-0.10216271536236757
0.0926993828219701
0.15037635193767168
0.009142162218231997
0.038618459252764914
0.028828641987070025
0.0415756694970863
0.10872768554606316
-0.07163381935431953
0.10233330023451492
0.18442080326816657
-0.012838381682388933
-0.010793848676841522
-0.006464416399649231
0.04125412132651429
0.1859974670104103
-0.03830258321661567
0.12449713133509654
0.18055269504486515
-0.04320850114830521
-0.011089662455043392
-0.013751522739801514
0.09316821051044366
0.22626494449096862
-0.006461642692809688
0.14411740585758764
0.15647993053444803
-0.038297113712959754
-0.00903036582459485
0.039566045514748335
0.12112343809165466
0.18673225386651665
0.048786923728347587
0.14001849100454877
0.15021112784979623
-0.04522793663667013
0.012358849667162997
0.09949909602730561
0.1659913605354535
0.10895219741830554
0.10660835729708452
0.1431671464338366
0.1478783253722065
0.032410507436709646
0.12407373174534803
0.1778791768054922
0.15112991866815034
-0.02520325315826405
0.10521536207714097
0.20644123332806286
0.21628241899655373
0.20707138716967166
0.2254870672234107
0.16391232527699984
0.030060477400596808
-0.09322289229199053
-0.05353570068304725
-0.060126704027905986
-0.0776439938503819
-0.07946536572761811
-0.06335669797179289
-0.025019329789635836
0.011098086215724778
0.002832865407171342
-0.07428355105541756
-0.04878329036975049
-0.044230075749948305
-0.0286958822834386
-0.017203863267505892
0.018384455245832987
0.041653471287859234
0.01174165068854971
-0.11088638514159571
-0.049135070819592036
-0.00891748145084973
-0.0013461091795598235
0.033820892254345564
0.04408019327513707
0.023027706142831922
-0.011226226950925344
-0.12311925641369897
-0.003456754161477116
0.03778876692914035
0.02214476460194814
0.021782788330379887
-0.016878784233793243
-0.04467400698933616
-0.026590165089683093
-0.11432213158405824
0.08798701445291798
0.1431805159474927
0.11907980886512073
0.053073413210824094
-0.0035620683345432558
-0.027990442100125183
-0.05921301827260367
-0.002454737262345519
0.1918467929732677
0.14134075010071792
0.037526239699186115
-0.055170242856507845
-0.10350403613116727
-0.09558766638116467
-0.11568195852872121
0.1727392783524694
0.10255101836600872
-0.013537636226978289
-0.1700249195031897
-0.17039411966416257
-0.11464238665635462
-0.12222197675943353
-0.18681457648115618
0.31906152748492445
-0.03375246915599617
-0.1923862757674495
-0.2686313066744489
-0.17459411626334903
-0.10656712233242643
-0.05743120176004801
-0.19739487368736436
0.407526128853286
-0.16018128227025008
-0.2563226868024317
-0.21245688102936755
-0.12131491505320044
-0.09706226609612378
-0.12823636290302842
-0.1916170529809301
0.4406342140304433
-0.061147770126768086
-0.1922199220424098
-0.09629568483300535
-0.12136575082426082
-0.17080096735441397
-0.14260379666637435
-0.12431992286662114
0.3243140383512645
0.06668202715257715
-0.043661569716668666
0.09003038840850217
-0.048159741056031324
-0.0594210941602657
-0.05108990708992284
-0.05589125724068715
0.1775871893351999
0.10347326540149607
0.052155095581924604
0.23047851455868096
0.026858580611395566
0.016989135524102597
-0.025493793167740614
-0.06716521338350112
0.04110952887803085
0.10315964365457836
0.05638087918844498
0.22270962646639136
0.02936890642176726
0.016971245795664225
-0.03675009026984258
-0.06169728806730837
-0.041516097434558
0.026611700458820053
0.047239706406312865
0.23940494194108408
0.06881617213960532
0.03631544828983177
0.01400773142028744
0.01715717941609196
-0.0615679964970981
0.008571514649725276
0.004279597220640197
0.15501517746452798
0.09256779210787763
0.061089697811527136
0.05416336347227746
0.0712654395141561
-0.058269055471437625
-0.04437533304116187
-0.027743317104408444
0.06614736349268902
0.0723502269713292
0.10228512458586145
0.07900581619672262
0.0665094933600105
-0.040779006779680826
-0.05537256291311199
-0.09716094199847114
-0.09294655932371132
-0.06161637541128512
0.016191697968716
-0.00024277594990657764
0.019102959542092263
-0.05537700924951376
-0.06972418333603868
-0.07769871981291945
-0.06096783036313915
-0.019199600397388675
0.043537952190987536
0.014947253963019852
0.029055006909608543
-0.06417044856411341
-0.07523667648662466
-0.07946612867343521
-0.0341379782416642
-0.0007334193573491216
0.04703914993921976
0.027519029780275317
0.02664658674553222
-0.11857209672632119
-0.10861188905639124
-0.12631945444191522
-0.09096226687196712
-0.038344632552257535
0.032756037351615086
0.014840072062777765
-0.004576505883815585
-0.17029596975005654
-0.14418529756924026
-0.156866105780046
-0.10646688021677125
-0.038052979076919055
0.02835235832809807
0.047111419602314825
0.008430408068536288
-0.21876967061763658
-0.16152990779085624
-0.1464344037149219
-0.11120432913557671
-0.03616457960616709
0.03848424980947415
0.0935297761860405
0.016718959237383202
-0.2488664926579921
-0.17489164240915864
-0.126082468662182
-0.12121107387144114
-0.03513678843317669
0.03653534294130362
0.07042578566470764
0.017291789730312063
-0.2581464850486903
-0.11373194972686101
-0.05847426612946205
-0.10276512595703483
-0.03926353008730543
0.047460480669935606
0.03557222676198604
0.007188768403939283
-0.2011732000310245
-0.004910404561804027
0.04033071579082287
-0.0736492054172711
-0.004768770796693356
0.0787113110452759
0.03182193217232987
-0.01069025968258025
-0.04664838532099436
0.09793526575613902
0.06426611802786542
-0.08320614673498794
0.0027043555489165705
0.09427174695831658
0.06949382145147114
-0.004182674316079882
0.0653793836213416
0.07807162120939382
0.055256605981953755
-0.11064565190178158
0.06946048469866481
0.15600924355836673
0.09371596799084658
-0.019762051060668584
0.198903609239647
0.13656191454018968
0.0719423712712558
-0.10120108390485083
0.08009377306073917
0.20729002223313747
0.12043145326951554
0.014633488110811776
0.2577398014260227
0.10680816691804305
0.04665272653314412
-0.07787743781607387
0.05392893273021315
0.15285785718050549
0.1271487135383
0.09962803082480448
0.2758425898963002
0.14021582684820086
0.07345255288112648
-0.0032237704594378913
0.05652870059661019
0.11996081719340357
0.1057353211942435
0.14331550429635442
0.18929668079609532
0.21579257424748907
0.0816651289399275
0.08830483958567464
0.07084345006208204
0.05928301059147395
0.09987219223715077
0.0959219949051603
0.07142297049469454
0.19373547356726584
0.19404106242346902
0.216041868730811
0.11531786432976482
0.012978682131794594
0.01617087657980326
0.07486778630937493
-0.09464363555959693
-0.11999721733366125
-0.15110378383356826
-0.13089680135675016
-0.12337216013077548
-0.06595830906034106
-0.024303182531448586
-0.022645810910077446
-0.12967990491543344
-0.10472640252981658
-0.07101451385978308
-0.020294839614866833
-0.026801778964472056
-0.04242308393474703
-0.048077059279796
-0.015447632636493153
-0.17829581388531307
-0.034719861864743906
0.03214321056549767
0.019785350356017417
0.011337239322848691
0.013082611554664114
0.013966416542442961
0.027845380815236243
-0.16681993097663383
0.05531857372931909
0.06512808617660176
0.01686890663556856
0.03346776400827245
0.04877338899395628
-0.005360028155437346
0.07919188396278784
-0.15224190392252668
0.11860321308975161
0.09245157193383793
0.07953281389176581
0.058108877142655946
0.024365550255588397
0.027772271174557994
0.13067936199966113
0.04450393961869871
0.18360803369496048
0.11962941663043342
0.01677090322836894
0.01983096135688117
0.011089316407697891
0.0474565213151637
0.09807996711571124
0.15845306657343342
0.21069767601778372
0.10327272611485139
0.05679717746527624
0.1409188561844372
0.15128576573745797
0.13476988096453768
0.01268562803039408
0.3251321391352281
0.24931032287202182
0.23450856263643816
0.09447444696374058
0.17598192013516292
0.1986977647299366
0.06542547252653094
-0.19427030683150334
0.3940925256901464
0.21310386798631054
0.14526969881160162
0.0374594735717135
0.01132478883354704
-0.04123930227541306
-0.19392120988215766
-0.33248237819530246
0.32555941436506575
0.07127687917357062
-0.07913725261799076
-0.10664861094210226
-0.1660797014096178
-0.21501717902678918
-0.2369955976144966
-0.15960708930886733
0.18134721956274336
0.12830919099348287
0.025783926589641404
0.12946857200068984
0.02818191817548324
0.02398290073307069
0.04901575989736101
0.0485759892516191
-0.060287414312658605
0.039757497201434025
0.014817771963578141
0.25482326953771867
0.1382797481764617
0.11449924506869688
0.037353644870785574
-0.042345337317787696
-0.12176129106496325
0.036704999405777594
0.02110735100058453
0.23696057844519336
0.1222555540926904
0.11372858852337606
0.013291459061455457
-0.06021885410154593
-0.17616711743540459
-0.005202290078623495
-0.01936981345244705
0.2080230950379604
0.1534054429900364
0.11305445911311474
0.041559886884287564
0.009271719043370263
-0.1440232159222019
-0.04946677090883256
-0.0035038953391061667
0.08081069109645111
0.0748943437375354
0.1348761990696613
0.12322449786755572
0.11863815169239345
-0.08923316407982262
-0.12026481673289335
-0.08945285048373809
-0.032809821640424786
0.03251346625823309
0.08933034662244416
0.11426385824427704
0.11047708163679101
-0.021603425275499244
-0.016642881697384287
0.00544424719936476
0.08064578409384948
0.18412686552654722
0.22891386931139773
0.2004352668483212
0.09410990019175358
-0.008565405339759857
0.008624554805387707
0.04637575717536968
0.07438080991575668
0.1070714870888336
0.13708681442274628
0.19861451781735362
0.1891889161455294
-0.013007895825390026
-0.0054082567905248125
0.032859038106946625
0.10308942559138845
0.08999255594184002
0.07435786623289337
0.11621945879648843
0.1469242789372795
-0.025487323445109927
-0.015854047239016456
0.052256549881629866
0.10265080749300926
0.03958655248487267
0.005658439617332145
0.0557188768637504
0.12828307241943698
-0.060156719460301544
-0.0413460581736218
0.04408403783449288
0.035669130626235696
-0.052164926093025143
-0.10185206650494483
-0.04678193828224353
0.0023120000971606214
-0.08464382763762401
-0.026331558365181335
0.041542288365567365
0.012448776340606066
-0.07322410924550687
-0.11899550526175778
-0.07127831745619588
-0.044112993923880114
-0.11528936651759603
-0.051633639663914876
0.03824102033922894
0.002008774853031692
-0.09851658113813605
-0.12591680660492816
-0.09087757731401408
-0.07140582896047457
-0.08102119520402243
0.016229380470917917
0.09690799323802941
0.0380615558576298
-0.033566299805650374
-0.03572524870015503
-0.042999496659127445
-0.060784700996103225
-0.001848050370421836
0.11554842859453968
0.12945711377409955
0.06142289265409023
0.019208437364169773
0.0073231205311893866
0.005126908109494455
-0.07865033109355377
-0.018744725532917172
0.08112862010747118
0.12615702258824002
0.050769894931432996
0.05226910504333488
0.012487822760838393
-0.058134454452614115
-0.12067390741681683
-0.0500487035406762
0.0027138408571363293
0.07473227314541589
0.0214281471896232
0.027744554242661035
-0.01624602240651135
-0.04609330163028056
-0.12133114169816225
-0.08493688211640091
-0.04037242874149194
0.02183231422016501
0.013967063462799911
0.0224427599463089
-0.046439946593970605
-0.06077644335739085
-0.08877877754906294
-0.10714481401273515
-0.08365729587891037
-0.028392569830881877
0.017609241694681706
0.046054821688374825
-0.031948889254715326
-0.04268552907762585
-0.05976894313687431
-0.07952108511673729
-0.07695762161209319
-0.03060533595483428
0.010614559813089175
0.02173832568189024
-0.010448423356408054
-0.046299199278673014
-0.048909628812413675
-0.05281934108594917
-0.05970199474802795
-0.023244254565245627
-0.017975511328992083
-0.008624512518988436
-0.0010104493725988095
-0.03367520706664501
-0.054896480917970614
-0.04468426125304274
-0.049709841263900156
-0.017890629938562892
-0.05110677968036345
-0.03391156876267054
-0.0384454018764413
-0.0012642581754687687
-0.023141477770831642
-0.03342945443554502
-0.010760410435058917
0.10165071029460386
0.1556925094992787
0.17380522984455604
0.09718906012039852
0.06231034321717238
0.019928666730778394
0.007346113354191643
0.09660035597594985
0.15919095985232462
0.09675207807212541
0.09143895693539178
0.06673947334478644
0.07857588258345605
0.07366147737726253
0.05119498133146841
0.1419656819688851
0.16140276389565977
0.10318115018283076
0.13032474735498611
0.13425870422292074
0.07364851040510434
0.04926244406257116
0.10387782027474823
0.13636107876404213
0.1452461082610904
0.14654171258057894
0.16123250998753835
0.20526841780800303
0.13134063311161293
0.10624097479694711
0.04518339173798003
0.07817495623355464
0.10321528658523091
0.1381371121049355
0.22549104224626204
0.2629527883833849
0.12866046574327228
0.07199028941295577
-0.05313882069601811
0.009385099070547187
0.02536059642545091
0.08977728736994811
0.19626475716382383
0.23413419968338706
0.2022352956840564
0.09087161539037224
-0.15753324019149517
-0.055408637525298066
-0.06013214997902053
0.020096016573655173
0.07756676005000314
0.15778886210322027
0.21392953487445537
0.14460152301307505
-0.2644743307113267
-0.17526341553215063
-0.12032559551833974
-0.08349210197389617
-0.06513110113009413
0.0881333304255495
0.18424154845321933
0.15190633011498303
-0.2675394081693946
-0.19118365123675296
-0.10573628882201247
-0.17556515076607965
-0.09337152270990517
0.06458634355811738
0.1348632340192528
0.14175747924710982
-0.23209831541181247
-0.17888537605528004
-0.127887993840968
-0.15644323869438959
-0.10469578567242976
0.04578879048307777
0.0780943231515468
0.06460854173439184
-0.15303326233376363
-0.16365775372171687
-0.14568668579604546
-0.1875214481064047
-0.13650040746024944
-0.021286473927016075
0.013382553105769412
0.03180702196330491
-0.06840487782295548
-0.08679504602903626
-0.13115763199417818
-0.18462801533060114
-0.14967981056485913
-0.04196748952830953
-0.008619047339959912
0.056783483425563865
-0.008625060956367558
-0.011036113416121263
-0.034307784287335163
-0.08768944521627975
-0.0645957462453034
-0.0009581014299224755
0.0026279108382256944
0.07670542530718472
0.027222306706823907
0.03408010460800909
-0.020688604489065565
-0.05271133678984752
0.0019063206172971747
-0.019898238995472328
0.020605270746409388
0.05764623060604908
0.016137966669405118
0.08265276411585071
0.07293554305784128
0.04481264874017754
0.002414993255640485
-0.01882169637357481
0.03766266738509133
0.004625435929514088
0.02347438843386948
0.08866589593925672
0.14431421772999636
0.16781467891176888
0.11846789887890848
0.04920010347886025
0.028735044235589757
-0.04250531263787183
0.12175224807444766
0.06999408093674164
-0.011687216155408936
-0.045137460838096666
-0.07349828165543365
-0.0662579631983129
-0.046468025101916
-0.023837440048000536
0.15737706701215026
0.04421205768479569
-0.019286738577056373
-0.04536964914119422
-0.07612460753186245
-0.05658857986743124
-0.06551577527050814
-0.04570598636308244
0.17998969782334406
0.03231145932486201
-0.03568305263478767
-0.05569837777758782
-0.1005591716649982
-0.07729630928109427
-0.07764954824705061
-0.06165485142825211
0.16954083496509897
-0.0026600059764730066
-0.044962297237074234
-0.05657853118379899
-0.09627804893544623
-0.09173414965938116
-0.11132849578803691
-0.10491265542765071
0.1147937648817614
-0.015926608502179584
-0.07689904350450388
-0.09143773209008554
-0.1288351086115982
-0.13616149404308148
-0.13317920595436195
-0.1262883232560082
0.057534112638002184
-0.005529503125173502
-0.06727583628640885
-0.0640223754741382
-0.11338965995809058
-0.1334672532056933
-0.12418911734702565
-0.1278327424875318
0.015532629154909106
0.002731525343416752
-0.05233467051044377
-0.06311265306915707
-0.11948375633527929
-0.1271301639536277
-0.1157125378351393
-0.13718993247561398
0.0027258187907471254
0.028625459048190693
-0.017282980916095092
-0.031529525544669784
-0.027862063689048977
-0.04544989553378803
-0.07379943805849293
-0.13511828115040983
-0.03010403663511102
0.036692964438866105
0.05395583244182267
0.008252122624420377
0.016392553400291388
0.014952359658055137
0.003461983066522345
-0.0930222635181735
-0.03189515971824955
0.04932534700901109
0.12898364988729208
0.04446611440932316
0.03786207395711828
0.05176331308330833
0.03117610332858972
-0.05310738136878124
-0.024292051677877957
0.07876720256906417
0.15618607778387406
0.03757024294255289
0.032157559578118534
0.0555843261575554
0.07390502738409056
-0.027598999851583816
0.015994255797196252
0.1609778550250599
0.1457528791005931
0.010036518935679029
-0.00623627614951805
0.021062407894353208
0.10229345847970805
0.04817614783833407
0.054822242549824624
0.18131466366900367
0.10008486115551454
-0.03576065286752489
-0.05286196086816908
0.010398396903966878
0.1196402918959717
0.1341288138119362
0.0847034964916205
0.18500878588818787
0.0735556104199292
-0.08275875719591552
-0.08481401848041675
-0.01619333944572804
0.11835186503662404
0.16395067601358487
0.06771805828442826
0.12866557270053752
0.03985158234402392
-0.09801265575316387
-0.08620302700205153
0.0014899154762613581
0.10471559047896245
0.1481927822978854
0.04153206640866142
0.05547902629392604
-0.03796285086868273
-0.12929465681007732
-0.09481833544982812
0.006814238227353581
0.10737253955487588
0.14512246190586672
0.06231055724843566
0.23733396149206243
0.49466774246400036
0.5728645435421379
0.5574670071899488
0.31430416526317184
0.07600746918577028
0.005112811995270361
-0.015618919202137094
-0.04055435999525592
0.08300946419843351
0.1523986683721713
0.22580618265079658
0.056496216887848616
-0.05568166608275399
-0.08718379118850543
-0.09011054874962454
-0.13385908153778475
-0.13152163434202907
-0.06600020956425723
0.03412585835258105
-0.07655871170244088
-0.11966784251771112
-0.10275623225373197
-0.1309898201174497
-0.16998210396277402
-0.17188006191416028
-0.16113233663063825
-0.056914341441551705
0.04638565805611078
0.1399996760372919
0.18045325030404546
-0.15959750162325603
-0.19349069058376697
-0.17095713922986452
-0.1424825275432732
-0.13328036409165156
-0.08856077580376283
-0.05125597098661641
0.026234403299323916
-0.18842670241976409
-0.2005013476150964
-0.14070671031528725
-0.1098972512146951
-0.08018117669280095
-0.1131650338771128
-0.15223314837733537
-0.09446621278816994
-0.16016688343120397
-0.16615623757179
-0.09720771360962589
-0.04111619474474387
0.031053624465622737
-0.14917591670100272
-0.2147103791830972
-0.18300338411547146
-0.13804078463215863
-0.13066166561797143
-0.0392175734091057
0.0037934965551352784
0.10091801843963188
-0.17466712724143676
-0.25391540609130264
-0.19751395584176534
-0.13916025500423357
-0.1341810178208268
-0.011261375368618078
0.020949680774205504
0.11338684853810722
-0.10740858392766595
-0.17730853408187583
-0.15448230177310157
-0.13797485964140555
-0.1269869595732523
0.039582657726630666
0.07841910563950258
0.17446786219715787
-0.04615767710315555
-0.1440688176234996
-0.12063379091967474
-0.11668458818905003
-0.07392377989517862
0.08322054731899954
0.11844126156532897
0.2477400836312299
-0.007191347028987327
-0.13209978237574294
-0.07077249308827377
-0.0841086120167038
-0.06507535497999917
0.11268868532406223
0.12098111408019857
0.22294809503523422
0.07188177889053649
-0.044560556293139486
-0.033911322345064276
-0.0749561617328861
-0.03673907184915498
0.1714798222815651
0.12573136093394885
0.22394021546570964
0.12309418716564985
0.04459469535787039
0.018896005852655426
-0.056713541460156947
-0.0008571594952852257
0.18558420952384497
0.11891758487737164
0.20794180968081089
0.15696399630138907
0.08827577427783201
0.06426284854262815
-0.03653199818770286
0.00983950515416426
0.17879908352955806
0.1524848603837008
0.2007419826932043
0.14961881475524552
0.16135495309695058
0.07289892906031842
-0.007319603250385054
-0.006854253251263683
0.1578358000715302
0.11073461381474489
0.2442012421110209
0.238938257346899
0.2167187822648307
0.14738925540527437
-0.0009867830090338203
0.002688574518105613
-0.0015805595398305505
0.008113862201132582
-0.006330316397332086
-0.005035738056839489
-0.0023914581584715267
0.0014007231723918157
-0.009103891623376312
-0.01737891245416673
-0.028186002140638267
-0.03056816412200236
-0.03347871582321149
-0.014259204581608759
-0.010817323188223732
-0.016041686176007652
-0.02479763771405946
-0.03165243355627828
-0.03602567218322794
-0.04135801241503337
-0.04254379548994083
-0.029778419460435676
-0.024284040113110167
-0.02367867077974989
-0.03578575383923871
-0.03977581410506248
-0.04369991214799476
-0.04315023139180452
-0.031704665324056705
-0.01867574090599758
-0.02616804721920929
-0.047689507620956084
-0.05117494513671075
-0.04991013400774996
-0.053194083633946426
-0.045220722592046625
-0.03417493140309491
-0.016607450598516843
-0.03830177121828904
-0.048902254539068366
-0.06959216465231916
-0.060186440168799454
-0.05612217246975382
-0.053653729141400264
-0.046059551429872767
-0.01597436888187688
-0.04355576204994305
-0.040469500688972315
-0.08794337564594702
-0.07060042207187894
-0.0605304860062813
-0.05924936358258548
-0.04905860813282338
-0.01737977521345091
-0.037428753005426696
-0.04668191955507117
-0.0945208157851429
-0.06724662990212582
-0.06452580270926252
-0.08553309092869105
-0.058976802311546284
-0.020007702318352458
-0.040447504876461426
-0.05347739358237253
-0.09319971965284873
-0.06758455928486529
-0.06893257403114844
-0.1072327375991986
-0.07365564001745004
-0.022169193320609792
-0.028140536554165985
-0.051257863659569095
-0.08867920209192418
-0.06359561928826252
-0.06620430806872352
-0.11241263256122114
-0.07395405555021706
-0.015402790523500964
-0.020993538102575454
-0.05352243418530147
-0.06780025556631636
-0.057269174843565696
-0.06537905307997607
-0.12273548072746948
-0.0809373629948422
-0.018975656107728167
-0.03311659241843101
-0.0582639642484948
-0.04583175670254924
-0.044310485158422064
-0.05605679635163167
-0.12376471072290743
-0.08167542422395652
-0.015300116501043404
-0.026945156500530087
-0.04551166313606758
-0.022616089427711872
-0.02220506231705205
-0.03409280219421856
-0.11552162378827932
-0.07240385877395081
-0.02469842567077074
-0.020112564172891312
-0.0351161735447334
-0.008085483170608476
0.009206765380819631
-0.0020887376211752157
-0.0824792531334413
-0.05984923786570534
-0.02058651139922113
-0.006620307306231116
-0.02097177001504741
-0.003441269558980376
0.011992216743338224
0.038297670706044895
-0.021219002792564036
-0.01605315544104706
-0.005754367031804486
0.015293251532376484
-0.01348601831776075
-0.002729064149918581
0.014175934587025596
0.06548549226355904
0.0620174915730253
0.06165999675913786
0.03842182202210204
0.009949903997436227
-0.02873699103954306
0.09606693658529022
0.027453247078041254
-0.019676934663751144
-0.07333716816480401
-0.10845508848515162
-0.1010134862309619
-0.06961138787094812
-0.05093018213841716
0.1262111509568472
0.035433116222031213
-0.03234150124037943
-0.057023575233929036
-0.088254432060418
-0.0885445885284673
-0.062287006228882086
-0.049643529852982815
0.16143587345204113
0.03829263301204133
-0.04963336006204472
-0.08885520190631169
-0.11082148083437571
-0.08999694036266331
-0.05905709359491107
-0.07274700946959417
0.1561173534021873
0.023653563234149466
-0.07532409870513795
-0.10356249930349543
-0.05510096471556285
-0.05126529110654593
-0.0820235064523124
-0.12515766728475541
0.10897980817619113
-0.003923713680878779
-0.10842892922963177
-0.09885607654090456
-0.024450103557921765
-0.06253797681063439
-0.10859802608090624
-0.14679910982451494
0.04681853584738187
-0.004833083326633569
-0.06642844576616509
-0.027348596086505028
-0.019244728388629284
-0.04526489573520531
-0.07779677506693355
-0.12246991509013572
0.0003367961781432071
0.03432128188940453
0.004997866856833955
0.026372393031216607
0.006922876503142439
-0.0031689285878255813
-0.06776871811170188
-0.10637849108484357
-0.03988338529574857
0.060933509799491525
0.04943202988426848
-0.009023164191469625
-0.032225631430143176
-0.0411610166014314
-0.07674078521620603
-0.10902657345029837
-0.025751951498697745
0.14409755875499985
0.1270313867911853
0.014620356034528825
-0.013938267086108236
-0.045704584472089485
-0.09791905035883058
-0.13292328127824476
0.01491140371498409
0.15666966254995324
0.11976691408374979
0.033627676827523045
-0.008029030325189632
-0.055795025937124654
-0.08572907804923618
-0.1265464785576459
0.06714464638022333
0.13754190439661773
0.13103982592971009
0.045031362128618996
0.06720777683134632
-0.007482699526825509
-0.11757024248999887
-0.146484938071115
0.0726390373357936
0.1352892467120702
0.12229436591649115
0.023419724670274193
0.10067017985092441
0.06932920331033934
-0.056954412556866646
-0.11065155084833511
0.11572532603524072
0.1014580928782059
0.07710448622507954
-0.002232228573913808
0.08964522379710532
0.09212870222816572
0.045254087018494316
0.01775542418147702
0.1194887300963792
0.08621171636166847
0.008547576623369524
-0.03325173721800345
0.06928997214858351
0.11218756542418984
0.07335259573775235
0.07575945532924316
0.1229146441822932
0.039910514279090537
-0.01875953202660685
-0.06363396714705738
-0.006840615786833093
0.07608147454941797
0.09734170618848195
0.08526266843819452
0.08582692168528377
0.03975130222128875
-0.054156735192970096
-0.0694075094099408
-0.06717440251448858
-0.02896537495805377
0.03315366028142882
0.09493812498386373
0.02480745100653825
0.02934356352985286
0.1975249206064007
0.19501012755455063
0.14077367449046663
0.038096427321837184
-0.04408778480752806
-0.035851090554585185
-0.01534940703962484
-0.007253389341865202
0.14667225708867965
0.24444340197910525
0.1999868791052547
0.04238889145107058
-0.0714635576840002
-0.06399092033744495
-0.03770367806621294
-0.04073753950520538
0.13108284984831597
0.2628834483254736
0.24445330342508548
-0.003267436974180804
-0.09356486513699425
-0.09576250982377238
-0.06403390218328214
-0.07924038023187813
0.08547553785337783
0.2434201273164564
0.2175891734004149
0.03214075828939643
0.024423377446653044
-0.033815945978082296
-0.09157308642588882
-0.09874611802497535
0.024203747941577092
0.18420204304689894
0.19802083071843765
-0.023343063845207235
-0.028052492546094286
-0.06828887881121898
-0.1147287223785256
-0.12930038292835166
-0.019220908043942733
0.18475799063260379
0.21143975639468912
-0.10343799546093896
-0.04728518822858653
-0.07033118696979934
-0.15345645354581605
-0.15000053239476618
-0.043262064248770035
0.1628233006989929
0.18773845021470448
-0.17698136960326605
-0.07870645227713341
-0.06619287288621267
-0.1441513333160912
-0.12298170905930707
-0.08032201334872877
0.13104433920566305
0.13422450261419003
-0.2474351337401072
-0.08442939732891991
-0.062360390395485576
-0.12152462114394591
-0.1341796155223085
-0.10501891906814043
0.1590423578024671
0.0821992460068675
-0.26070020112070746
-0.06072282052776409
-0.03329630888695734
-0.09470835712416181
-0.16084862561214533
-0.10855545977383046
0.13889851719407836
0.06287844643300494
-0.22014708925209964
-0.069621375252368
-0.02165770860341748
-0.08326121812001172
-0.16236474570694043
-0.08728604507071475
0.13075616627748
0.086381267206974
-0.1705838069645435
-0.05260900666415452
-0.04371044000840729
-0.0371559860930909
-0.09363736835397751
0.0036140962660028697
0.1066175890802361
0.1018739412437068
-0.11424300985860074
0.00035336176921679785
-0.03156690023708997
-0.02744374693392878
-0.05633551005989129
0.05177927218631062
0.06157818484236366
0.12795644174851692
-0.0724346350917065
0.021740121095591453
-0.038833490575038765
-0.006875985258996485
-0.049360317792107034
0.07054106764266216
0.027644871505447394
0.09457228273066182
-0.043758142399905164
0.028196368340830447
0.010933476629583383
0.008703050427097514
-0.024564888260233786
0.12313804412745974
0.04834475336532612
0.12115201471112311
0.02953443231629521
0.045269660860217054
0.046311451021937
-0.002776773507271235
0.02122370254066719
0.11234298646416788
0.06517740353253794
0.1962694052653355
0.1717916960463577
0.11691261029647104
0.10098642965818677
-0.022463997576197325
-0.0341844492046382
-0.05417087831579817
-0.07513651428403956
-0.08590924810313544
-0.06704724373496726
-0.04977270395512634
-0.030253891563157997
-0.03821462850405094
-0.04160404145197298
-0.058464694320648936
-0.06973429484218463
-0.07873368173720507
-0.07235333788069474
-0.061936776336285304
-0.047580436084871
-0.065646276705703
-0.04903340184927685
-0.07294924586837401
-0.09374451152731489
-0.09379516142580646
-0.09272146656981178
-0.0734374851512214
-0.05896371630772154
-0.07616293981306693
-0.07631699514740332
-0.0955101388753826
-0.12131283566413192
-0.13689247326925602
-0.12921824432532414
-0.09028842683834931
-0.10551921945348006
-0.05697395594769805
-0.04467227707027316
-0.04720316706565808
-0.1441029486892178
-0.1688359323315867
-0.08793306422470626
-0.030258314440959944
-0.0853415117103748
0.013899211224743746
0.017578941024056355
0.06128514411054689
-0.031997811159516165
-0.07281549919284103
0.00755573738193413
0.0873370594375652
-0.014261498002153178
0.16644934686594315
0.1530235945080189
0.2377249576635822
0.14502631321961604
0.11508952626537357
0.19444273023132236
0.17587911689566227
0.10515625574456983
0.12706928023398767
0.19971615372310664
0.12235436100154329
0.15840912701489662
0.19951589625954702
0.12614556510107647
0.10413493981697439
0.22764326480746133
0.1497964069792403
0.16209782635289172
-0.05120064386180323
0.18066595178579647
0.26531492058236866
0.050960211560718574
0.024312191425530538
0.333173623351869
0.16420482446734253
-0.03890667540925208
-0.22302311280794745
0.12980115068474696
0.16590739285317258
-0.05883616089953171
-0.057931747830005265
0.3289507673720536
0.08155705678620212
-0.18291055327209976
-0.26564483904984215
-0.02300860763972218
-0.007228434354373037
-0.14265888574819963
-0.09141970846735475
0.14413263980566487
0.00543889907160261
-0.1960816076777554
-0.21763586414428887
-0.0748391612507745
-0.08234403058666045
-0.15756680042034987
-0.06557341779477749
0.03034718359983113
-0.07347614117067242
-0.1327896495585762
-0.15183103421772318
-0.06089161988166966
-0.10517137813722335
-0.13618827060447725
-0.0509322873120206
-0.059418306311137856
-0.06574900602052386
-0.09487624628585345
-0.11031156531051461
-0.07916805199719851
-0.15407515263035856
-0.14315163057861985
-0.0816788916241768
-0.08422732014461363
-0.04693531049381838
-0.06165749287981995
-0.0753519558801623
-0.12750552481189759
-0.15165692928626906
-0.13743514840589593
-0.10957035985027377
-0.11161308871212261
-0.02708235198045683
-0.0436997720647187
-0.06149649491536879
-0.1280715509549742
-0.14397223609612184
-0.1257794488985584
-0.10275805521141823
-0.0985451253616701
-0.030602162822138734
-0.04901213976068604
-0.06990766514302904
-0.09230097089142231
-0.09855807156413857
-0.0668463801649134
-0.05965251899909629
-0.04053898167606537
-0.012859748698644397
-0.027300227765434282
-0.07515203287740957
-0.07273636892966417
-0.024962152107033564
-0.030237188314136132
-0.03652794500764106
-0.029433198457667824
0.012561740041230285
-0.03249833303970384
-0.030927658354660714
-0.02600808903076629
0.004577836590097348
0.0063495408486798355
-0.025889995753184958
-0.046360862292709915
0.026778010960379406
-0.01329085648462014
0.025126168168789133
0.02744118863799061
-0.00010051024229151828
0.0002654514565994526
-0.04412830078578936
-0.06395299672487717
0.1100947370388797
-0.050666494843925464
0.03668075717968383
0.041803024438000436
0.08353343082888057
0.05953943937590478
0.01011584470972371
-0.03244852324256248
0.19448462165174746
-0.004354736257156294
0.0770822494194664
0.04937539226695324
0.11531114367921283
0.1156822783731245
0.017376648426452423
0.04091574467063924
0.19478367725786072
0.062395147158880754
0.07031202659135746
0.06574359124559728
-0.01595368900023214
0.022327335067568732
0.09467279542713819
0.1698689534455643
0.13048940502628947
0.2145705372684466
0.12391368633898908
0.08849303065077127
-0.25821183573802786
-0.049288064818993726
0.2680697223824076
0.38173999485772925
0.09306105661100317
0.3427967298586962
0.1244545925773023
0.0739131319552882
-0.2880479865286212
-0.05002357650463546
0.32896137143228293
0.3711216804788805
0.10523097212034777
0.26001973832987013
0.0179131207365551
0.0951242327692936
-0.16003973923144987
0.018526832874787902
0.2532736583327933
0.3060270500460247
0.12292118164707533
0.08310076698884875
-0.1936211070518386
-0.009122976027512067
-0.0935378048504279
-0.04029565404122459
0.020568555042543457
0.2810994659241398
0.16447319735890964
-0.038199663836681885
-0.3121123169774035
-0.09559920238970904
-0.09521287210905435
-0.09635100419888243
-0.10199979631425798
0.23733599579231213
0.09545851600119853
-0.11612068903028017
-0.3033506376236458
0.00013655065415818513
-0.0197993116329937
-0.14171637762295514
-0.13346306171372857
0.09526861582763399
0.03149356731187008
-0.16920414849780796
-0.27415747533818746
0.03813986329703639
-0.01880127835794465
-0.15085128976243659
-0.13218652553095606
0.024886404923570138
-0.020954632681279506
-0.13444382755549766
-0.192848861525786
0.05678018461348794
-0.041123124032316896
-0.1546259505811799
-0.1488682298516969
-0.07766690570791907
-0.029385853513635873
-0.09947236281359736
-0.14917730974577548
-0.0024862307883435075
-0.11997342403112443
-0.15243915985231632
-0.13095724901067657
-0.11911767941360846
-0.026845570674422115
-0.008495725501028492
-0.03678530609374686
-0.03669168898249281
-0.04874513667577596
-0.07432796288620158
-0.05924242251557438
-0.06545544136476111
-0.05183109756457749
-0.004092790828554252
0.0302712210259643
0.03806254974403922
0.015040621927985859
-0.02633814098786552
-0.06255439829001107
-0.12066097867817194
-0.05647300900291807
0.025343300358360132
0.06856068620611727
0.07166846097307633
0.042441440681346046
0.04880050331208938
-0.014650838308894631
-0.15809606640714885
-0.04096660705187305
0.08983446146404162
0.07686320442645417
0.07628654133835919
0.0703647526009869
0.06373219310511358
0.03574598233422438
-0.14961387600777443
-0.06880711476863677
0.08914807267126251
0.1291839115273825
0.1020075001177647
0.08443460659818788
0.12601667867281438
0.10116225697981557
0.00484132964137407
-0.0710809992161626
0.0826004372196622
0.0762151746579942
0.07614041071287267
0.0624459547750561
0.15676865829885983
0.18770060292296042
0.24238469220422262
0.012292573660305006
0.062077731559674526
-0.03559162548124811
-0.15014287631008344
-0.16898716980970163
-0.023127805167422744
0.1392525149154265
0.45279893657600495
0.14058151699414245
-0.059481022202698075
-0.21936358655163957
-0.2661727470490026
-0.17164813028974954
-0.10407588469919848
-0.03054188481706155
0.5803382044660759
0.21951277783329487
-0.1674597812784368
-0.24965083275292999
-0.24799056155574334
-0.18848991202938636
-0.16139413659931684
-0.05059245760730366
0.5335717023283891
0.24217220483082846
-0.16347139699716176
-0.24835546364105854
-0.14407677319773826
-0.16172816599631523
-0.09918796275984104
0.011508993032454368
0.2564431877275386
0.21775505473852258
-0.008790023060044727
-0.08382684856690018
0.0889685693209415
-0.05713554522131714
0.02051516926779287
0.03893098942883011
0.0033595202547278546
0.1296393189711048
0.027380746640767395
0.026755258482884514
0.25965479328405305
0.02134022422605303
0.059407135471574765
0.009019618990865563
-0.18465909567701852
0.0874889656556661
0.037283845343966754
0.015940581501693418
0.27385487270596404
0.0320083062511497
0.007142691053557471
-0.03709813733022649
-0.23166455152109966
0.009244704255044645
0.0567848898202028
0.043958641429574785
0.2692952656270394
0.02829795007720559
0.02159827427402633
-0.01662405890740953
-0.1698364418540046
0.00877068787410118
0.032763015145971186
-0.007558236437886043
0.19067250376446443
0.040088202882676394
0.02564072364533182
-0.033271584263133425
0.00251197186895033
-0.015757526499282415
0.04295966780319016
0.02793281583161522
0.1589147493568189
0.06828091098434408
0.012819519770474908
0.025274455675004623
0.0701244741542687
0.022379405396736166
0.1243606883126768
0.19193151758626809
0.26081366261384153
0.29114138658405136
0.25958045711271643
0.09323831222100809
-0.03364430284032485
0.08171798283732781
0.14463521780374655
0.15238394148505507
0.08776366037284539
0.06375370481504494
0.17507878924784692
0.1957642602991852
0.040408155413913904
0.11440793303313687
0.12199940382589397
0.11330199277115954
0.03375397688020643
-0.013107954973794661
0.05876690988469491
0.20732073478113955
0.10543996432128966
0.09331377652897643
0.13162029315648893
0.11329495118852181
0.014738884838688238
-0.013054552736078945
0.03349231958274085
0.2422522677805125
0.2854423142418479
0.004204648801975824
0.0666037259079634
0.06823979339084418
-0.037526547435779545
-0.07709032000725385
0.03128056620542513
0.15339093066350107
0.2115152929376949
-0.06549578907794262
0.08737165280713621
0.07711227566222523
0.025062427734524897
-0.003425948104799001
0.08069413149130356
0.12074848175701236
0.14184113084500094
-0.1157263434128481
0.054980024715730436
0.09752950663836935
0.06596526806407922
0.04984737158506608
0.12699416364003605
0.05619465411833022
0.024533426262075067
-0.12628270813031872
0.10163222942023031
0.15615316362440365
0.042557463228292625
0.034308201461612176
0.07194551601768581
0.017746749384810707
-0.05310811060790496
-0.13494692820032522
0.07314494100183236
0.08831510544282206
-0.019350487309556103
-0.03602329746106453
-0.002364700556845817
-0.07519019771455716
-0.11196642630091613
-0.13568291662789117
0.07704533425351079
0.038836265289302674
-0.052078480309702024
-0.05478572669296172
-0.025066240703494946
-0.0990392739370371
-0.12958294144071666
-0.12051908579751486
0.024678913237803995
0.022298510862737514
-0.07546911665070004
-0.07189454143438934
-0.05890709985124004
-0.12591084933421945
-0.13412568566545469
-0.08425319291331379
0.0071762011345010805
0.023563149083446644
-0.08852385764862453
-0.06535773312318899
-0.060277085662876706
-0.11936266063350481
-0.15810428988208092
-0.05210428941204864
0.014168806545835189
0.016025082746270986
-0.06715224183636537
-0.05392288548091226
-0.06033859689332094
-0.1260187241660019
-0.16008695790850838
-0.02467925377282948
0.004992780294161947
0.0452322087683118
-0.04765050234873003
-0.04523523970490284
-0.07994676788706334
-0.11876614915968478
-0.12302096847526287
0.02252671341268081
0.004368635722732439
0.03491996804737435
-0.022570263308973715
-0.033824211933072335
-0.03471325173016748
-0.1246513838068607
-0.08532944372565598
0.028293321204204358
0.001455112879213738
0.005219867264237066
-0.061488487605823205
-0.065542018180835
-0.054483204677169175
-0.11465272076771696
-0.06829387179827279
-0.004261869497347692
0.025552580039980177
0.07553472248486928
0.09201421155718092
0.0705082835603178
0.04230262436848201
0.022510474063061392
-0.004449162296556786
0.028383678838505066
0.07924189916581348
0.09046878516106516
0.05077901656943751
0.04384933474862662
0.043864659072974294
0.03695845740809428
-0.012193171594105767
0.062325394034040194
0.10034872688112478
0.058900447250624766
0.0365344965564225
0.04152321139127768
0.049424401819578245
0.020613583878217323
-0.0302020603302382
0.07261938740909293
0.07908358380358495
0.03153440678349531
0.03496566900265835
0.07225123808366042
0.06345800143055758
-0.003949176931980547
-0.04007817401282107
0.04037782269454393
0.041752163454413294
0.0061237738489032245
0.01910391114888589
0.06642783863973228
0.013524674056904773
-0.04032630628595263
-0.04607658587721819
-0.01092975542124186
0.019251689265003202
0.005329472446546163
0.03262427422541192
0.06793682735267673
-0.020260439046122805
-0.03177408545312678
-0.03755961501745658
-0.06492053553280638
-0.027134988544482735
-0.014536420641812903
0.019382863322714883
0.04642363219552653
-0.022112651355198853
-0.04142943846233324
-0.035740062344550134
-0.11361212068547388
-0.045084696104189886
-0.024169199090028515
-0.013753239168136838
-0.0009886169257926208
-0.03740299010403581
-0.034569988667473184
-0.026153972775880552
-0.13153795740766858
-0.08168879696040421
-0.06260355425468184
-0.049363205493951456
-0.03618842877028983
-0.009758280931572605
0.016096679121206908
-0.03034767485512202
-0.12254980079612965
-0.0873370507208715
-0.06081343210753398
-0.07094043283145057
-0.059839340289242815
-0.01867265586212541
0.020079290410702888
-0.0418752359241194
-0.11037175653290277
-0.09425990508317497
-0.059839116859135455
-0.09640321519740414
-0.059574311010056
-0.026024296080426
-0.0033569213066947934
-0.06188611199074151
-0.09462921594622353
-0.08404948206650031
-0.04554572919651029
-0.09725625102350233
-0.04928058084266307
-0.029230183489433806
-0.01105815430190038
-0.0377322627847923
-0.06785255244755141
-0.06437848574252097
-0.029439047090025816
-0.08512529402465824
-0.05090511961891209
-0.03687577599819947
-0.02671146578136374
0.02103436247918382
-0.053728736292263046
-0.053733887281804116
-0.03422331848629245
-0.06386009730684894
-0.02602189413346745
-0.01142110017147957
0.0029984592182591974
0.037557556380792
-0.03310265593940212
-0.03913491494731036
-0.018878297079030326
-0.040120386314432044
-0.002050022288455855
-0.033634295584888424
0.00806214980098452
0.033919713299100054
-0.022952535327237178
-0.02770478004503968
-0.01908375542693154
-0.030102299965497126
-0.00943801223363766
0.001275799466638916
0.014221413664040339
0.013454820375743491
-0.008058800671520039
-0.027179683435331226
-0.046206146436130024
-0.0467447205893502
0.0008749497319288091
0.05982222736025418
0.1101735083918426
0.11166107845995726
-0.016302218606556812
-0.017357175200036934
-0.05858650444326452
-0.013063782285562098
0.019320367225882984
0.03556801394769016
0.02411173582060662
0.03181650730632918
0.04815261885392169
0.012118909269169753
-0.03453730086531237
0.01093608740590718
0.027655057542842698
0.05224066649857914
0.035220403448476656
0.03658418706989286
0.0779401702425783
0.03467167290069745
0.03986382457278087
0.03176671511628651
0.06725038355639812
0.06338253007885632
0.024814192788445044
0.03053971452894083
0.19891640817268935
0.047072328319573004
0.045401571702205545
0.08199382215919285
0.13599115122886712
0.11338359854495084
0.08349477015922718
0.10643553361016356
0.2543467503921799
0.08966861321855901
0.10247906805818012
0.05141643873741428
0.026605603565192246
-0.02341416840313044
-0.04554370965857457
0.021834236530179574
0.2755306506290617
0.1744070861404221
0.08940483879711825
0.002212813191769969
-0.13455539992972917
-0.16139603681091153
-0.16108237520802204
-0.07384029635241768
0.2105430697576986
0.2622504774026859
0.0736549030974322
-0.004925849429663842
-0.14931836747317323
-0.14883813627078446
-0.12627161445946977
-0.1507236512658403
0.153911507772362
0.313366351027208
0.0827036937224539
0.013975802669228932
-0.12081689247186675
-0.10945392103407947
-0.14889398038259066
-0.20496978584205233
0.10885958225021697
0.25783827453275976
0.10792377378503354
0.05469965878152416
-0.03848386493470046
-0.07379203757523656
-0.14002430749062444
-0.2506155169716895
0.14273369864261026
0.14482353091056377
0.071923675538035
0.04665396141134084
0.02686131620522525
-0.06654655211294111
-0.22455959337577563
-0.3345119362664749
0.15288667279077067
0.10993253274117136
0.005013114614360159
-0.036973097615121464
-0.017048323526570416
-0.06432971935192949
-0.20691225778401268
-0.3107903338698114
0.10858923126114256
0.013769240627211632
-0.039403483550283835
-0.0015315862949190628
-0.008282003696807566
-0.06130775191110843
-0.17302160451020854
-0.2209772411650005
0.06340414727813083
0.0010489675036223778
-0.038283619047023876
0.033782266622349344
0.003678129043402756
-0.05371451034106539
-0.13363897621367588
-0.16907254284023415
0.022385386304824357
-0.014443374883821247
-0.06101807391209252
0.058628793984843136
0.03377271744020138
-0.008694756236933554
-0.08353663256136357
-0.102853054394927
0.025990405632393243
-0.010528007817450447
-0.09706032785752583
0.014988055589405636
-0.006259991205215032
-0.028021431478580383
-0.07200078434720814
-0.07057431861155418
-0.045317005435271174
-0.049694906165240305
-0.05766236959151433
0.008430211668841892
0.027788716396741964
0.034653130339586
0.05217121209923378
0.0430218339867523
-0.03912186365508358
-0.016680628866271224
0.013861817266500487
0.04946294603443366
0.048401389143677837
0.038070121939912493
0.03328137866779388
0.030314472578671137
-0.02756017400416759
0.04495783492489669
0.09015623277680945
0.08275336312510667
0.07062581053842142
0.05771946393009525
0.0370940946803473
0.03624973818099058
0.050513328090445585
0.13460553012473908
0.13126986192757545
0.05638873740322628
0.048450562634620525
0.02296126700209017
0.0064415614702119095
0.023743032231046457
0.12641996388805565
0.15255610566421318
0.10062198128647334
0.03343410351421783
0.015284053264467745
-0.03238561106374871
-0.05591936200482517
0.003781746673154146
0.16058252352648172
0.14035004337350293
0.06626603273578138
-0.05132991922442051
-0.08746917657823294
-0.11911657262177888
-0.11362551482066091
-0.08860642488636798
0.09112757262753779
0.11932821139185879
0.14896537462790865
0.0340330332077364
-0.05344137385800124
-0.09727156918239721
-0.10450558705195936
-0.11777775199467425
-0.09033559720069556
0.03634695266819647
0.17141681849237
0.20106200945707942
0.11744950661546238
0.08604608486719961
-0.016234887014419802
-0.13000680486775873
-0.2767065599395218
-0.129996642077587
-0.04656094004900264
0.044414216420623
0.16221772342473006
0.15723340909849576
0.14161974588618623
0.04974204110703592
-0.30818982283904034
-0.22391182826246292
-0.18518570758143632
-0.14669922228097818
0.015627119608458584
0.1347863908742955
0.1608175631419893
0.18685314673866704
-0.2515903040325596
-0.2014305784937027
-0.1916833048953221
-0.24251582592744947
-0.08503076601609555
0.1171050056815433
0.19852179252868585
0.30333350249102586
-0.09938465575836442
-0.09788477901916892
-0.08859808402485497
-0.14592512122868548
-0.020270539248955666
0.06897998893456259
0.11826324233742874
0.27343237594741565
0.022896032240826925
0.024074888551613716
0.04290889793751551
-0.07756632363123753
-0.017407738359694225
0.023290634816771405
0.049511530511527985
0.07058986624893915
0.03835952470953599
0.03771107791696404
0.0657191826827383
-0.03404120409535277
-0.057950222970451604
-0.010164626794077702
-0.03179002772446485
-0.03274195856775208
0.038720007915884175
0.019486347160184825
0.04078430058362997
0.0070528704185585656
-0.03554991703429208
-0.03537417296375575
-0.033723391821015136
-0.02141681187952338
0.07951494869000958
0.05939351650341257
0.05326086477852145
0.04408049948851356
0.001803106729829751
-0.02713734048507338
-0.01841694421637291
-0.016276251458841
-0.008676116706567039
-0.0287009410948319
-0.045493103090624404
-0.022568749684619
-0.013206324928527823
0.014255687431003417
0.013336121591359107
0.030306452500503345
-0.024754521929567508
-0.021900732393580036
0.02973701495525416
0.06443947917794468
0.07879146254063144
0.04029080326700035
0.03896909924274583
-0.007917997283053535
-0.05716203474568621
-0.04988056485823675
0.04731858869238756
0.10065608075057461
0.10240324969818232
0.08239441935555994
0.040623370777524925
-0.04934056631782663
-0.08666626920192744
-0.08346802646091592
0.01818705243330937
0.11275108179317095
0.08414654743360783
0.048774791463155664
-0.006185799043964324
-0.08854295875794788
-0.07219553720815086
-0.03241958730793595
0.06515502652591859
0.1650319792369262
0.05742026406525442
0.068985636146218
0.06100417647099762
-0.04480588537129804
-0.07504920739065461
-0.05737049097586605
0.03128004823410755
0.17002708051101384
0.14518882657956894
0.08303612042760938
0.07141249747392477
-0.026021568708179288
-0.05280295016658787
0.04270613168740911
0.09499035237766165
0.1602615819080344
0.1502921888634683
0.1304826117727128
0.08044354278981816
0.06180091965246681
-0.005078966815157113
0.023650743670045882
0.09454349102373641
0.14144963963015872
0.08417771378152383
0.11332748053176456
0.03840414596357372
0.02896374808734803
-0.048842567304108964
0.039872885639083644
0.1389715315404461
0.07997615728545712
0.10385773023268624
0.1353359287611055
0.055728535148164116
0.022840908155592865
-0.16763209538644946
-0.03192979619897543
0.095790672533898
0.04072734431817332
0.13119995996680048
0.0851670166512777
-0.035458696208485685
-0.08939694643288235
-0.22075486677123474
-0.13829717865164737
-0.03068208779708892
-0.0038302345431021345
0.08800293446439389
0.017906795037314335
-0.10629698592154832
-0.15237818267609468
-0.20622277955636636
-0.15938334384702701
-0.06805997826330372
0.0019053472318101283
0.09957152994773022
0.027352592370371465
-0.05456605273577313
-0.08893312243101348
-0.16374853494613312
-0.1461412049144437
-0.062394028378824906
-0.03425846514941777
0.06234064511585102
0.06320373755700687
0.004843201100376782
0.009800306735138875
-0.1274698853242613
-0.12867012450232448
-0.038485600257849195
-0.04710532269735294
0.01849994542779941
0.0513069300628185
0.02232061363491669
0.0379104964393191
-0.07919742689185838
-0.09403469869177894
-0.05933852824199293
-0.053580176668744595
-0.013705152409583837
0.004185349679094008
0.028957627235329436
0.05510913713941862
-0.047353736363952126
-0.09791286724098319
-0.07621832932880523
-0.08138491279517807
-0.05573646298420348
0.028442424180667503
0.07261253987986005
0.07814384312917624
-0.0628106210367868
-0.04409632176778716
-0.08181909161547257
-0.11517854142492331
-0.12179155767793659
-0.08222791268529758
-0.03169465010953698
-0.018601260922848584
-0.08411528782888647
-0.06291363852517368
-0.10317763039498729
-0.11749519074750198
-0.1239308274219636
-0.0940861473964032
-0.03397144410254334
-0.0035208717746863516
-0.032892840410705115
-0.07349208281152786
-0.1410154908505821
-0.16744991983531354
-0.16811736827277757
-0.12131369074941833
-0.05566400367381619
0.07377337615072946
0.02754439411174825
-0.12401666681412393
-0.18681955132168293
-0.21236532233447525
-0.19118779312478784
-0.1437967095446841
-0.10691184749238791
0.08855466260192121
0.20223337321915985
-0.14015707630401342
-0.231131130420834
-0.2613677091385339
-0.22179325601492939
-0.10460313722452003
-0.05898958651197728
0.15509162581310676
0.2863452931923704
-0.16752015946315935
-0.22310933572262942
-0.20128721987838655
-0.17045981734710158
-0.02439273176661244
0.008659137980014442
0.2103249133433078
0.33504019404912677
-0.15384872121137405
-0.21816043602706936
-0.1463077170717228
-0.09553962462351528
0.04043237269249572
0.061674875470556445
0.15859670817597796
0.3529526176510951
-0.12773620737918195
-0.23465697012055384
-0.09974853041534175
-0.09849071195332365
0.05525869809441564
0.0448377688392569
0.10957063993251343
0.3662619811323942
-0.05536568770731212
-0.23835604714741077
0.003346172753075166
-0.06792460704317546
0.11385285774788367
0.10927937640880914
0.08934930471932546
0.2738500781859018
0.035437302019953765
-0.09674996894222648
0.09486631216496477
-0.00669268446377802
0.15579564320654954
0.21085438437353238
0.09903838988035382
0.1768302201077137
0.07518248604793196
0.09821522778230041
0.21545651244991915
0.0023858982795654793
0.06342251342761146
0.17194326658538778
0.10734197551955998
0.07414237096528314
0.054666539231233345
0.1144120555110629
0.1962357994859314
0.02406233465742358
0.004937173461776523
0.07941815749194703
0.10671258570677972
-0.005911986758006582
0.05788490863149692
0.07161057924694852
0.13377398286261366
0.00506653401894655
-0.0184249074496646
0.03479079098763019
0.09871525545357396
-0.07044564145648835
-0.00850509979293479
0.015869494998337758
0.0819551674580242
0.037759229351500175
0.012117160545348116
0.009010158340041763
-0.03300805317635214
-0.07833547321008649
-0.04569123445549994
-0.037723722938361626
-0.02467200317692305
0.0019070467478512487
-0.0025299608216814706
-0.04514517753333175
-0.07418123595992604
-0.05855978706904108
-0.07049115769998163
-0.046210453676566454
-0.05317942480428156
-0.026567787967934464
-0.03454346047270257
-0.07362992702287208
-0.04814986037084895
-0.01389910951739401
-0.036744790671907224
-0.06955901881258499
-0.08136157125005544
-0.08573984723361944
-0.0649344949816181
-0.025658999871273458
0.056054586316736786
0.010363092502701288
-0.043364866764195764
-0.06476887391185472
-0.06773769770296459
-0.07507109199920675
-0.05344576015824187
-0.024523135550859124
0.1369423786254047
0.04566937696964485
-0.03344496745616088
-0.06963146019198785
-0.08623101168608993
-0.08864361604386062
-0.07043074681832073
-0.00707907625195997
0.21371670561909548
0.08056045199393685
-0.04341641245342337
-0.08767040303232745
-0.10667706490906159
-0.1112250713982253
-0.09333117180536134
-0.004092741418820989
0.19557976168292596
0.1445403107668167
-0.038919165711191445
-0.10152089480773097
-0.12614804550121572
-0.12672737241031837
-0.10868470734812785
0.046335114279875744
0.19881704535335193
0.1814487518294151
-0.0358742566072664
-0.10372698256363472
-0.10513286219661516
-0.13004078027213206
-0.08005851928620002
0.08139307582165023
0.1345460584554082
0.15169559427404147
0.030150990872646333
-0.0892497847817444
-0.11933033341143358
-0.13331247191649354
-0.047241598327335585
0.09221926011311829
0.0467061183056741
0.04363235120081388
0.08023416686523749
-0.028789299929499468
-0.11274248267526255
-0.11717557293128837
-0.034537625147062045
0.04796486633030839
-0.018313097888622003
-0.03783033519333767
0.06451861420386412
0.03296837401179081
-0.08375455037664772
-0.10542876395132794
-0.023279588816934205
0.03649993300446766
-0.05355654814022581
-0.08506580420871995
0.030557617923409136
0.06344914151040576
-0.004264394405954386
-0.005216700083061548
-0.0041255128820875675
0.005622693713198956
-0.09637201483244195
-0.08690064005334086
-0.00776813117692482
0.0741789612549788
0.051199953911457416
0.045506874974273484
0.016612346337895628
-0.0074355193574025535
-0.11511984218229629
-0.09005455080472997
-0.019817763874163452
0.06888932665322509
0.0519436422395704
0.09170488766951218
0.057695510935047836
-0.013254483804011653
-0.113837997583776
-0.06444517655652576
-0.03139658051270572
0.040438686381899014
0.006796289970817604
0.06979340756213837
0.05207816715857888
-0.02169643999587756
-0.08865939430590014
-0.02892759297693767
-0.027972099876100047
0.0026694953562769463
-0.04628131694009381
0.03190428617326979
0.05599090857198303
0.0015285163459908824
-0.056092270605461736
-0.02989121316722365
-0.029754533473986156
-0.013624029463096071
-0.06552143688876233
-0.0023719309340101413
0.016879856534406545
0.0067438840936900925
-0.0262382068088262
-0.02463447419757292
-0.033131947856774036
-0.039364831908885844
-0.07441100667820943
-0.06565303054079732
-0.02232663190400827
-0.012013500566397176
-0.02795490783920923
-0.01716234690401852
-0.0265825142563062
-0.0455472851396288
-0.05717765513919487
-0.06111748236977477
-0.05050973420867347
-0.03577735382847347
-0.022982611937162334
-0.026208719270516406
-0.030068953354899536
-0.04345905242618453
-0.050341583282156266
-0.05277426897242471
-0.04679007149479408
-0.0404285675248562
-0.034758421734639666
-0.04408975825684478
-0.04304293344282478
-0.054602839707282275
-0.0635645210215029
-0.06623876900727893
-0.055865203904352734
-0.04887396044558656
-0.04558060920281942
-0.06203964089125796
-0.06400056275643735
-0.07401876328168183
-0.08828882662689375
-0.09235576118963917
-0.0892729812305264
-0.07994777317531804
-0.07216610915709962
-0.048696424182462505
-0.09879999700340046
-0.11037259660312149
-0.12785946288134853
-0.13636572332379848
-0.11865691529426131
-0.08721826974175077
0.03835897394740919
0.010229107558495099
-0.12048422137915948
-0.1348309249983804
-0.12441754824424223
-0.13457229235595658
-0.13101306551749514
-0.07754981917719933
0.16432823403849156
0.09829495744157019
-0.11851689692564438
-0.09260209104563952
-0.026557160918801746
-0.08397502919805012
-0.1405300762525471
-0.07523447511218034
0.20787781757018026
0.13062623852667002
-0.09042562217473371
-0.019679995958738317
0.07582071440305582
-0.03378052048171795
-0.12894115915026344
-0.06285078704948804
0.17402676198568162
0.11768083444089633
-0.036044846103017114
0.07796422717237367
0.12776335149022283
0.004480698989157553
-0.05235749652629945
-0.029526591834814847
0.11767618613349462
0.09539919795968253
0.08213596100200632
0.14602579623818995
0.12961474201690504
0.06165978864157101
0.05955432050910994
0.043305207030497006
0.055045581981488095
0.03167211193764308
0.10075968197571612
0.06122454210525666
0.01314670286908104
0.018122185225891638
0.08767715014299363
0.039635375523806804
-0.02612917479631624
-0.03900596329699421
-0.002746682052712779
-0.039757148469513004
-0.07903168045192577
-0.07371027146363035
0.004874578530961848
0.0058417606490947654
-0.06039903721961902
-0.07089079382513896
-0.052579702894345465
-0.06779721607021011
-0.09825497042547304
-0.07622461415599774
-0.030007383553244144
-0.046954773489345125
-0.05521498904974288
-0.05963256798075789
-0.05214948136534764
-0.06731432476564869
-0.10563612544245493
-0.08608297067831033
-0.0746307871191933
-0.0630871541238292
-0.050108916087341505
-0.03387528344551044
-0.04539303555132923
-0.056172395568441794
-0.08931160742254254
-0.07488295449913916
-0.07461247844349606
-0.07102002239652427
-0.054124575534026276
-0.021895940417093807
-0.035055523025278035
-0.047697075193209204
-0.09480088834563338
-0.09185673757068187
-0.08227991008658664
-0.06677479450084534
-0.052391109996106966
-0.013972040655848561
-0.028818342443479472
-0.05290146071813118
-0.0669009450046471
-0.06930548365498601
-0.057804364230335636
-0.03901108265277703
-0.012223488540328342
-0.005868266524177879
-0.03397410436777454
-0.05189335650890409
-0.05024737133544091
-0.054538372549913214
-0.035073477730896176
-0.025804449358109494
-0.016942482693548422
0.012649962836594308
-0.029323351325577743
-0.052391156898319385
-0.05729603213182485
-0.06031958949763995
-0.023642723211537695
-0.004597430336373248
0.007659891004511282
0.026567018872434622
0.005056293522902516
-0.052188267646760045
-0.07547996038462998
-0.07253971360101277
-0.006821167737722844
0.01679790572943357
-0.0065030988121081434
0.03092025342789173
0.0248695834248521
-0.027306906920738894
-0.06501107665236572
-0.04030651431919356
0.04267569523713034
0.0477273891616678
-0.024997573197673845
-0.0072115610193795865
0.05853277874982438
0.016334895366420243
-0.020144398162044552
0.02182895311663368
0.0384009722982831
-0.015350790096870792
-0.07772455568287806
-0.10243509420546948
0.031720425902501626
0.08872983191309192
0.08249856232882963
0.05861056953602023
0.0011423953089999273
-0.0635917718594643
-0.10737731041853116
-0.1809159183152083
-0.060053357892122294
0.09774915691234948
0.10388265562426446
0.05558283230652167
-0.031135202544582463
-0.09501132198853324
-0.09041246885542259
-0.18807632764826143
-0.046579998979458574
0.07481630052049472
0.07361208969475974
0.05710829780067739
0.009312130697128385
-0.062325004576327475
-0.08107760878460483
-0.13078139907709088
0.0035603015830943385
0.07156058825126776
-0.02795568503145962
0.047888240467767115
0.09404760230003315
0.0063147322874616205
-0.0454525132049742
-0.016491093760276822
0.051903969369508085
0.013753153735544976
-0.12561500663536795
-0.06896286680327002
0.05295047003123887
0.055627108132062064
0.004614804913040879
0.05350832959426566
0.022208251307956395
-0.04641620702172053
-0.15396459756696457
-0.10460974307841858
-0.01885115229880538
0.020590922209296286
0.00569685096758514
0.057855236028298146
-0.008786556268355894
-0.06202493165146558
-0.12964454571444978
-0.08597973190238065
-0.04348894208523518
-0.02335692892509028
-0.01145745235218773
0.020705652283059497
-0.036543517475031595
-0.06367729631031725
-0.0939052979059215
-0.07351663677530801
-0.07234580803577823
-0.0428310018504417
-0.02685987391858846
-0.016265786666857684
-0.03844777069725308
-0.05644376874653904
-0.06811036753424504
-0.07328771742260201
-0.07470145737299028
-0.06729521636122388
-0.028406258368800702
-0.015526234495224889
-0.03761061565185603
-0.06073396511031576
-0.0657961535252182
-0.08229406176999571
-0.08032018874499869
-0.06907988713606983
-0.05271089868140211
0.12553082384996275
0.123140918362238
0.016863655884741174
-0.09672905885695829
-0.11778374657190338
-0.0494479312579022
0.08302568689335887
0.11707402826179858
0.15700795738574014
0.18912589172879912
0.09786517534091994
-0.032618491538988076
-0.027116063806004287
0.056396102095479295
0.10945921313223461
0.17145737046833082
0.12013677074874728
0.15276314975285332
0.14138468263738607
0.03481640481908477
0.008313363021458187
0.1115145383722348
0.1445585893464167
0.1858439457686215
0.08652890713390918
0.0811807505116617
0.10140792732545854
0.14203898748364965
0.09792568371971153
0.1365678767350314
0.1526010658136892
0.08538001570268439
0.015921026460570503
0.02394680327137716
0.06860194402131811
0.12569915900962939
0.148244209744035
0.2072978817944564
0.18132484041140118
0.019111856552375406
-0.07368880815625778
-0.022516519300052412
0.04543880304452291
0.08223559009776654
0.13506547392139362
0.2327716634579109
0.09361830961929235
-0.0031245293386485407
-0.16343681333797053
-0.11043380116303675
-0.03651079207820651
0.05145023303952927
0.15500475437281402
0.1880011999999739
0.10103914424752153
0.023230411481206522
-0.22129891548948136
-0.15894791640646966
-0.09675759248302651
-0.021277858252149062
0.07288925571741289
0.07545978647591423
0.06205914617575603
0.021289985172027133
-0.2406072855256649
-0.17478795734341956
-0.08289235267064501
-0.05547410433005717
0.008123193351262048
0.04517858047020254
0.005892558971086037
0.02020298407052845
-0.21569998032414922
-0.15860514142966983
-0.030446491037108725
-0.06525275128367716
-0.0435537442704253
-0.04825651033601536
-0.0227626160737176
0.02168306083725502
-0.16070443552557695
-0.06584152994569047
0.02124707351662819
-0.10855180356459315
-0.05942185400282396
-0.07467397764676449
-0.026745056879183382
0.005375110387445314
-0.1008888369331839
-0.018895163481779276
-0.0058209704539747276
-0.12149712929901407
-0.06800149551920978
-0.08780914101427528
-0.02339345252950631
-0.030188263530750464
0.018422601728345173
0.029988544652625904
-0.004035018170477511
-0.10015640810234377
-0.07845333044185471
-0.0639119074831292
-0.0021613736770831338
-0.027648085524201567
0.06990410553632699
0.025508702864801502
0.02810829608890497
-0.06692413836749361
-0.042663740863042754
-0.026898433202456495
-0.012375427751594854
-0.031519043636106026
0.09853607082221283
0.048243131213828706
0.023286377375870138
-0.05918036359844209
-0.016429850625302986
-0.02604914963955679
-0.03181133055486898
-0.031943006823377695
0.08932849492112571
0.08910333401142051
0.05270826576305447
0.013090283873254838
0.004452898112647596
-0.02900563585580343
-0.010735055937494131
-0.03934674110991104
-0.01827007822367882
-0.03742083454671591
-0.07286558726835045
-0.08096334972066847
-0.09028624692410092
-0.09096066145401616
-0.07221910998597991
-0.043246231716607214
-0.006788664436551628
-0.014650600062869973
-0.050370608953381475
-0.04704280281705725
-0.04290672328169862
-0.04742448251385839
-0.05554724123624011
-0.04803517219799752
0.001016139608738309
0.027652232650421327
0.0062818726619450205
-0.006407550753173896
-0.011675110103502528
-0.02897182853337671
-0.031991577109201155
-0.04672649506434168
0.047955653077737
0.07993985621597952
0.055956779052440064
0.012737928333137416
0.031007388303516514
-0.03284072556718687
-0.04894923802504203
-0.0837271866637305
0.15600316423791838
0.1521841794342595
0.1148119725675319
0.059181096132533584
0.04332725499567708
0.04107600010164221
-0.010380452818929159
-0.07132058619613743
0.008466474933768842
-0.009517114921855169
-0.024442703939343335
0.016243206907341823
0.052623185662950794
0.14713819074501128
0.04005846554792125
-0.056770698618212684
-0.17076738350957874
-0.11992339911089095
-0.08730671885573105
0.047055627667708266
0.17965935243736908
0.21136068224631152
0.02876954382074881
-0.06567561645471087
-0.15096460509519896
-0.06766599332024803
0.04192809959555667
0.16297047350261656
0.21935037945423963
0.13875110353357703
0.008659697881299722
-0.039491016493233534
-0.20768031063800685
-0.05234394244490895
0.13950438545433833
0.12709182933480578
0.040762955397847966
-0.05630718837424403
-0.1057643280268736
-0.07657894600025542
-0.22590064907116292
-0.004682393422147102
0.1606588008686918
0.015883723877428924
-0.08778080432601099
-0.11254701555371516
-0.06470917898470491
-0.01745790464903918
-0.09656749577676668
0.10133619796769372
0.14240545155620443
0.023538908746657677
-0.0034457383962863547
0.012282458754252157
0.049757225447807585
0.07403251134937755
-0.025780697225831414
0.05284100332097583
0.10895339456494135
-0.0040650763704235815
0.048984406520419854
0.10263388484679964
0.14589173300830993
0.11582093959964959
-0.0015248086266094196
0.006740018117339208
0.0009224159020715522
-0.10629333897454504
0.0024126292286476593
0.09175467437588168
0.06387923014166735
0.04949834923284524
-0.02485352027765625
-0.014697025291719595
-0.02680865780954811
-0.09925562825984624
-0.030158650843866326
0.03675204058668596
0.0018479573162221152
-0.021616061397748243
-0.037370040792638726
-0.04187233194290754
-0.057254113983079
-0.11685316733553763
-0.08784941196321595
-0.0359110254013742
-0.05006189943216427
-0.004114804526106519
-0.04220661798662606
-0.05909189460522991
-0.07480338196397662
-0.12084774960381021
-0.10577854267709225
-0.07455513771642808
-0.08213723433133704
-0.03818209475623391
-0.28938546498194306
-0.1293534775581558
0.3460063059677637
-0.12926524090779518
-0.24068299134113202
-0.0940542703885886
-0.15334252475717364
0.1034489777818782
0.16549894923419506
-0.04377709177004279
0.08506847704454856
-0.00808601354054786
0.14451769782949098
-0.20431387857119604
-0.14482322524676897
0.08183507971862275
-0.06283345734534071
0.4452457993939114
-0.1194302959165835
0.07748884499793757
-0.05660296142740509
-0.0805859385219142
0.1220756049799937
-0.06326883658992814
-0.09697039472476343
0.03671262805203307
0.6746324240710743
0.13496928279837772
-0.06862247086130052
-0.06111748990466365
-0.15520741993933784
-0.04234332938694679
-0.07201846091881597
-0.04538643604577003
-0.08144525018830409
-0.024119685234506374
-0.04596539152359862
-0.07423995248972212
0.12316933167581376
-0.1341149440994277
0.06567553495605126
-0.0571729240903784
-0.03136326559667851
0.07962079110892922
-0.05836402736965707
-0.06544527159253397
-0.09243905155925786
-0.03770564651148417
-0.035021235190061006
-0.03190101777689758
-0.04501567575851256
-0.050603877207791484
0.34409661043113793
-0.0634532485451533
0.050437510815897264
-0.06319878561520736
0.41362913689700387
-0.04816309850865813
-0.07877937168785087
-0.04690422076782516
0.45758045007461057
-0.02532597462523234
-0.05037354189811992
0.09126782118994631
-0.0667688572188388
0.21455540004669482
-0.13117433169596499
-0.06981128658370447
-0.03345978386687726
-0.09293249644518864
-0.05844890310282473
-0.06993290503864924
-0.09280769671466144
-0.04007401620062878
-0.035875337997084034
-0.032893698088930445
-0.04879737589328555
-0.05315123661640497
0.04622415459331414
-0.06187090276650342
-0.06820791784760188
0.11579877437326658
0.5678386964095348
-0.04587796058862803
-0.07749641509135541
-0.04502395359402933
0.09590834942012322
-0.025965342085382537
-0.04695877114652841
-0.083115375851674
-0.06715585164227314
0.30076721225925235
-0.12809368369338103
-0.05773705613595442
-0.03378055065165919
-0.07464750548644512
-0.06023814875908606
-0.07158780116348926
-0.09176181613922153
-0.04086232997911071
-0.036328061631976064
-0.033783486440097044
-0.05051052484735839
-0.05452835865310522
-0.3405628164825714
-0.15129668430634802
-0.014997591948188498
0.021489815640368948
-0.30341165980355134
0.03981907067550067
-0.08842478661565548
-0.0009326084662952538
-0.08748734313601225
0.10243997482502279
0.21630542612037013
0.5831417651566139
0.06329917766876991
0.008844647672632766
-0.3116465074456692
-0.009407715230151215
-0.07379732518059395
-0.053899683561735356
-0.046677380566158166
0.3337752935953583
-0.14357506397085296
0.2943394973655448
-0.08201198415514638
-0.07441360786175738
-0.11986197429231821
0.0005896771929282396
0.056115062581109675
-0.047078850613576695
-0.049542178498145295
-0.0463989865214513
-0.1146654551123204
0.15943527696614182
-0.05695200675145007
-0.03487455199961664
0.2314363305618199
-0.020533076798147816
-0.0360139917542292
-0.06291807257007125
0.05477537498590486
-0.10001034302283424
-0.08663423121182384
-0.04642826868164975
-0.0261020057056017
-0.0563437568141581
0.09312683368355221
0.08808444224333956
0.12138720692978183
-0.03049749544587131
-0.02796713289735725
-0.026437944704754662
-0.03728759473250243
-0.040391902981748135
-0.16040834475923688
-0.06956817875712679
-0.07553882156211791
0.03798769526898482
-0.18046455877828158
-0.051521032947972056
0.09198471803133398
-0.05100868888383103
0.017361383738000558
-0.0278131985175383
-0.05169243508526381
-0.10836227831007667
-0.08277550892241393
1.3393969931002905
-0.014239448873495264
-0.06712329153822172
-0.03783173462294315
-0.0834390769765471
-0.07256306541623952
-0.08032602877032625
0.075019168725314
-0.04430173853138042
-0.04094503177279063
-0.03664513024335503
-0.0586406797861902
-0.06143560160222339
-0.1053484787072897
-0.04708639483632204
0.12057298525837001
-0.045753916643113166
-0.11671282625152171
-0.03445460465362943
0.0815765165481126
-0.03504786809519128
-0.06278500318547336
-0.020999921462392768
-0.03643670261252402
-0.05831602280424519
-0.050946139794041057
-0.09548864696560662
-0.08989889841497026
0.2834540948709892
-0.02620621929070016
-0.05745765541810344
0.16679046782854018
0.06733491155170385
-0.0666881941002618
-0.030742636013151803
-0.028106417834337927
-0.026053438750721497
-0.03685266875630383
-0.040571134834823386
-0.22499897852449913
0.0034180351853928537
0.054537992907991995
0.22362710051243911
-0.2552885401334364
0.21794137473629988
0.03756985669641444
0.08632734019436294
0.008566613119751654
-0.03868641237707943
0.27155568871183094
0.5437224707027799
-0.03884841858159732
0.22697051490592685
-0.021252956038951998
-0.10400446644324698
-0.05459868175164889
0.43562377338696023
-0.10545085993887493
0.7665060182797518
0.15560611904788943
0.12582637708502267
-0.05782894959761081
0.1298135807937719
-0.08564130423813664
0.22122561954640801
-0.044491661951438444
-0.02609262869553714
-0.02619046089018784
-0.027291973434883876
0.06361800817145236
-0.020941260665390482
-0.030115699180186306
-0.02117051338981353
-0.035096991096813246
-0.01608936149530854
-0.02160149297486998
-0.03267072999754306
-0.02606216393661115
-0.04457561928625681
0.11188891090167713
-0.023678122829984716
-0.01810741816445541
-0.02734023315194467
-0.025203408170029473
-0.028547571965737206
-0.03373613462439576
-0.019941541934784035
-0.018799645449273372
-0.017900854758955476
-0.022000811060037692
-0.02376185100999101
0.07824994307146205
-0.04849042661086156
0.24037668168813278
-0.04796168626929867
0.0300008018747126
-0.03591118370432654
-0.05882033103284956
-0.036710247604797575
-0.06685343257455778
-0.021257399901156104
-0.03879119990683094
-0.06210322556517825
-0.05284335760531256
-0.10130634711497388
0.05484994103425625
-0.049656433915860554
-0.026775581093703663
0.13544480782456686
-0.04674420247781946
-0.0534606829888993
-0.07050830173427552
-0.031762198419636845
-0.02908167344503859
-0.02718234292198686
-0.03806021603691456
-0.04244032128642583
0.48880849016976124
0.49391931686575086
0.07933387271107761
-0.09049080569642481
-0.11913301543752353
-0.06433361631879014
0.04519225113591008
-0.06827781302723288
0.17018395146175613
-0.03251597313060539
-0.06934113368490685
0.24076276061142632
-0.09108848369632089
-0.195160046938973
-0.0018509672328149152
0.10094620987918476
-0.045490106211003495
-0.10664367352438198
0.09829461719052446
-0.10300594658837722
0.2873995266121214
-0.05390931228249779
0.06984186370290763
-0.044901847515283144
0.09616612681550646
0.0858982074515802
-0.1420820281823254
-0.05749934300827375
-0.07523867657971016
-0.05836739604585109
0.0746400302092135
-0.04378231948830642
-0.07165131162205993
-0.04534372079511044
-0.0836986332583537
-0.02498167278032426
-0.0482411943866064
-0.07520065662400849
0.09172471783301095
-0.14941756206138687
0.49117652516730725
-0.05790990470501084
-0.03239522017326302
0.19476437460907298
-0.05572096709210511
-0.06715006124887984
0.09121263258163492
-0.0409750847807239
-0.03865637003765243
-0.03247431587824106
0.07113537924124128
-0.05180367734218888
0.26564101571253285
-0.11729909550961862
-0.15253532551401724
-0.12182005426276715
0.18389451924833125
-0.09092157462386702
-0.14442903488718983
-0.08874003418265375
1.4074190567592564
-0.04355776211426904
0.017130054776842846
-0.04219881780545931
-0.13631920142830473
-0.13326718620971895
0.3485273324778334
-0.12608266498277823
-0.06113180394861878
-0.016052902893925455
-0.10996117991019283
-0.13200366670265784
0.2332638173072788
-0.07638424197602295
-0.06908726038783591
-0.0598446645605709
-0.09137441232504079
-0.10097761975360309
-0.24556319629279372
0.022233530573145338
0.31947059228185815
0.06376428963350285
-0.18941398685304484
0.14360044566193894
0.0018433778099966602
0.07486944363689418
0.1847049852403887
-0.041680128262082956
-0.0927701171411201
0.14695569426227917
-0.12023587735734337
-0.03867454083348393
-0.14312776265020224
0.057576206991962864
-0.05977952096698389
0.4227815685480852
-0.1112136163793701
-0.12891096774867944
-0.18237504234824778
-0.07326704697989089
0.13182873880534768
-0.056944466282743356
-0.09246284090648993
-0.0942686734890042
0.004970208995201397
-0.05614980164554792
-0.0638902579976307
-0.05803490889062102
-0.16230632274663537
-0.04564090457788217
-0.074839197112961
-0.04180317222414284
-0.0857385081520875
-0.023401698369825114
-0.04517416911386751
-0.08206389737656172
0.6744215240936762
-0.16061256449937286
0.03441761067164731
0.09568189834313742
-0.03152117273786237
-0.08103159925793685
-0.057445115950165423
-0.06706162461938839
-0.08768467271683408
-0.03686108781940353
-0.0342588162145849
0.14713330438832162
-0.04901750090713093
-0.05196941696768881
-0.06636157963803568
-0.034854725339348
-0.035429782025103246
-0.03510742458142041
0.030400285051788073
-0.026448646809859422
-0.04097806620953195
-0.026942954428413296
-0.04827747657789454
-0.018009303770513962
-0.02750218681854639
-0.04520635064672146
-0.03554680206924935
0.1392849414622147
-0.05933271582543381
-0.03165838002919377
-0.02160016251033481
-0.037787416131502716
0.14588867814033193
-0.03794839171006348
-0.048065020745596376
-0.024409125519535835
-0.022491494847877158
-0.021236544500168708
-0.028132931893215796
-0.03049464836241131
0.21568664932836823
0.12272499532939013
-0.09344079457926563
-0.06977389311893434
0.4516001354392184
-0.055686304756294214
0.06074028194182234
-0.05282041575941809
-0.10190477505528253
-0.026217083607679798
-0.05804240059151927
-0.09721179841140659
-0.0925300633256938
-0.1728572242688033
0.35208343941268433
0.2663181915273141
-0.03663355209987573
0.07319594911142147
-0.06888336015784102
0.06192852034454038
0.07808377314453047
-0.044676069621320064
-0.04006781304945642
-0.03732969898247173
-0.05736409369376094
-0.062275176726903664
-0.128697207206238
-0.05805354821096244
-0.06297880872975557
-0.058878440480615885
0.21330641148905746
-0.04185678590134584
-0.07117187074648473
-0.04293586533226218
0.28411235607503016
-0.024470785054636512
-0.04434761075332999
-0.07738889798694062
-0.06462308793465704
0.3236568581396195
-0.11736950754389242
-0.05262668950488507
-0.03149462528424346
-0.06799732993342861
0.1416117866261939
-0.06451334659324459
0.34886828755379806
-0.03798697404151763
-0.03504522387432127
-0.031069340095384618
-0.04465198383549793
-0.05024957983762579
0.5381681867528945
-0.07206826033203562
0.24176662626818218
-0.07214708011225185
0.06947057290280498
-0.050460461259326794
-0.08614555903628476
0.0880796581840726
0.09380846340435722
-0.027712430196013597
-0.05414523371972657
-0.09610626284495132
-0.07760185881048748
0.3112386221343171
-0.13486206192205658
-0.06458917570613622
-0.03700215082493846
0.022705988346931993
0.19939542142799294
-0.008609304026389167
-0.10826173062400635
-0.04465036472691375
-0.04084247273334429
-0.037160834483459276
-0.05478372666082082
-0.062030123950002236
-0.18621300708029734
0.09770303726795454
-0.10186225870472598
0.04510040387731051
-0.22519034739801191
0.0780288909482788
-0.1202816802752372
-0.06279570376991128
-0.1268689425723614
0.08343856871869221
-0.06496522925009962
-0.1147192969409575
-0.08998089534503015
-0.015202630248396999
0.35270715107119355
-0.08414217016066838
0.45179894495583117
-0.10756176181397382
-0.08463190518272956
-0.0955112675305001
-0.14000276357324667
0.08873086123255622
-0.04848701636058911
-0.0422053290656913
-0.06587235744674441
-0.06984334200592446
-0.0799599655138592
-0.039430129470448716
-0.042118739392091376
-0.041714846939520545
0.09472181639749122
-0.029648374102127978
-0.04748665777795616
-0.03021704986058467
0.06264899895592613
-0.019605336670871054
-0.031243821142888928
-0.05032991406847613
-0.042098684420296184
0.06051221490472175
0.09578220555543049
-0.03669089831766505
-0.023674772342224204
-0.0454265361428135
-0.03811202873398803
-0.04410212739730368
0.0539492738860702
0.17418232325928254
-0.025410633982573927
-0.023521830075238725
-0.031813010394171726
-0.034741408999271556
-0.0696157173818715
-0.03523269246785732
-0.03780915077509878
-0.03617642948915906
-0.08151238540715156
-0.027091710952746928
-0.041830127839645403
-0.027635850705418796
-0.049125409208941095
-0.018283474178563963
-0.02833945642256469
-0.044553410948405314
-0.037597251241940355
0.1249906507081629
0.24947549285057832
-0.03264730546120981
-0.02180897439625229
-0.04087079999994464
-0.03367583258146226
-0.038928113891562366
-0.05087862710929861
-0.02515399236166993
-0.023666124478599365
-0.02170555689159609
-0.028528543481199486
-0.030907104480352093
0.1163261226641039
-0.03247024494197398
-0.03474456571478346
-0.03344413518508643
0.2855610179421589
-0.025466575931055557
-0.03798153009169761
-0.02582155602857883
-0.04589848248762396
-0.017750036205468445
-0.026747630706565773
-0.04222754881938964
-0.03479591737317694
-0.06348360699130923
-0.05732703742090334
-0.030935331778725594
-0.020697442394778665
-0.03786563472405023
-0.031482671336172746
-0.0364023151176569
-0.04535441593036288
-0.02346822414636085
-0.021847884934788897
-0.020618062206304688
-0.027117386298237123
-0.02992395348443916
-0.10765499625666608
-0.04879931121862191
-0.052240330230066745
-0.053317132324446626
-0.12553189490270303
-0.03785545700758469
-0.06251397786244058
0.12793267333406563
-0.07905420279526787
-0.022071430275492243
-0.03868400211788653
0.873590566456343
-0.05510530108224139
-0.12254767159212454
-0.09536344393119875
-0.048084834664164994
-0.028091555234183108
-0.058397991552012696
-0.048906433355736356
0.0795806552937896
-0.07179480201028243
-0.03232455988002281
-0.029684556094992154
-0.02790410934699572
-0.04184682151327009
-0.044911796549481325
-0.11910397525637938
-0.0534913298566793
-0.057608684828619416
-0.05495464604458283
-0.138113916164137
-0.03963100628480026
-0.06385408333797377
-0.04064213138591044
0.5202339938468268
-0.023145947378800838
-0.04241197773345917
-0.07475399316432618
-0.05827527354090928
-0.11398671756135698
-0.0999459173642014
-0.05031552151775721
-0.03018464792510478
-0.06340120810519889
-0.05232181228132521
-0.0614100832852294
0.27455544163792744
-0.03543354036740916
-0.032352288942514185
-0.029984108709529056
-0.04268718517322559
0.4726869391782563
